,0,1,2,3,4,5,6,7,8,9,10,11,12,13,14,15,16,17,18,19,20,21,22,23,24,25,26,27,28,29,30,31,32,33,34,35,36,37,38,39,40,41,42,43,44,45,46,47,48,49,50,51,52,53,54,55,56,57,58,59,60,61,62,63,64,65,66,67,68,69,70,71,72,73,74,75,76,77,78,79,80,81,82,83,84,85,86,87,88,89,90,91,92,93,94,95,96,97,98,99,100,101,102,103,104,105,106,107,108,109,110,111,112,113,114,115,116,117,118,119,120,121,122,123,124,125,126,127,128,129,130,131,132,133,134,135,136,137,138,139,140,141,142,143,144,145,146,147,148,149,150,151,152,153,154,155,156,157,158,159,160,161,162,163,164,165,166,167,168,169,170,171,172,173,174,175
0,1.0,0.0,0.0,0.0,0.0,0.0,1.0,0.0,0.0,0.0,0.0,0.0,1.0,0.0,0.0,0.0,0.0,0.0,0.0,0.0,1.0,1.0,0.0,1.0,0.0,0.0,0.0,0.0,0.0,0.0,0.0,0.0,1.0,0.0,1.0,0.0,0.0,0.0,0.0,1.0,0.0,0.0,1.0,1.0,0.0,1.0,0.0,0.0,0.0,0.0,0.0,1.0,0.0,0.0,0.0,0.0,0.0,0.0,0.0,0.0,1.0,1.0,0.0,1.0,0.0,0.0,1.0,1.0,0.0,0.0,1.0,0.0,0.0,0.0,0.0,0.0,0.0,1.0,0.0,1.0,0.0,0.0,0.0,1.0,0.0,1.0,0.0,0.0,0.0,0.0,1.0,0.0,0.0,0.0,0.0,0.0,1.0,0.0,1.0,0.0,0.0,0.0,0.0,0.0,0.84,0.92,0.92,0.96,1.0,0.96,0.88,0.88,0.92,1.0,0.96,0.76,0.84,0.76,0.84,0.76,0.72,0.76,0.72,0.76,0.72,0.6799999999999999,0.6799999999999999,0.6799999999999999,0.72,0.6799999999999999,0.64,0.64,0.64,0.6799999999999999,0.64,0.6,0.6,0.6,0.64,0.6,0.84,0.92,0.92,0.96,1.0,0.96,0.88,0.88,0.92,1.0,0.96,0.76,0.84,0.76,0.84,0.76,0.72,0.76,0.72,0.76,0.72,0.6799999999999999,0.6799999999999999,0.6799999999999999,0.72,0.6799999999999999,0.64,0.64,0.64,0.6799999999999999,0.64,0.6,0.6,0.6,0.64,0.6
1,0.0,1.0,0.0,0.0,0.0,0.0,0.0,1.0,0.0,0.0,0.0,0.0,0.0,0.0,0.0,1.0,0.0,0.0,0.0,0.0,0.0,0.0,0.0,0.0,0.0,0.0,0.0,1.0,1.0,0.0,1.0,1.0,0.0,0.0,1.0,1.0,0.0,0.0,1.0,0.0,0.0,0.0,0.0,0.0,0.0,0.0,0.0,1.0,1.0,0.0,1.0,0.0,0.0,0.0,1.0,1.0,0.0,0.0,0.0,0.0,1.0,1.0,0.0,0.0,0.0,1.0,0.0,0.0,1.0,0.0,0.0,0.0,1.0,1.0,1.0,0.0,0.0,0.0,1.0,0.0,0.0,0.0,0.0,0.0,0.0,1.0,0.0,0.0,0.0,0.0,0.0,0.0,0.0,0.0,0.0,1.0,0.0,0.0,0.0,0.0,0.0,1.0,0.0,0.0,0.84,0.72,0.72,1.0,0.6799999999999999,0.72,0.6799999999999999,0.6799999999999999,0.88,0.64,0.6799999999999999,0.64,0.64,0.8,0.6,0.64,0.6,0.6,0.76,0.56,0.6,0.56,0.56,0.6799999999999999,0.52,0.56,0.52,0.52,0.64,0.52,0.52,0.52,0.52,0.6,0.48,0.52,0.84,0.72,0.72,1.0,0.6799999999999999,0.72,0.6799999999999999,0.6799999999999999,0.88,0.64,0.6799999999999999,0.64,0.64,0.8,0.6,0.64,0.6,0.6,0.76,0.56,0.6,0.56,0.56,0.6799999999999999,0.52,0.56,0.52,0.52,0.64,0.52,0.52,0.52,0.52,0.6,0.48,0.52
2,0.0,0.0,1.0,0.0,0.0,1.0,1.0,0.0,0.0,0.0,1.0,0.0,0.0,1.0,0.0,1.0,0.0,0.0,1.0,0.0,0.0,1.0,0.0,0.0,0.0,0.0,0.0,0.0,1.0,1.0,0.0,0.0,0.0,1.0,0.0,0.0,0.0,0.0,0.0,1.0,1.0,0.0,0.0,0.0,0.0,0.0,0.0,0.0,0.0,0.0,0.0,0.0,0.0,0.0,0.0,0.0,1.0,0.0,0.0,0.0,0.0,0.0,0.0,0.0,1.0,0.0,0.0,0.0,0.0,0.0,0.0,1.0,0.0,0.0,1.0,0.0,0.0,1.0,1.0,1.0,0.0,0.0,1.0,0.0,0.0,0.0,0.0,0.0,1.0,0.0,0.0,0.0,0.0,1.0,0.0,0.0,0.0,1.0,0.0,0.0,0.0,1.0,1.0,0.0,1.0,0.84,0.88,0.8,0.8,0.8,0.8,0.84,0.76,0.76,0.76,0.76,0.76,0.72,0.72,0.72,0.6799999999999999,0.72,0.6799999999999999,0.6799999999999999,0.6799999999999999,0.64,0.6799999999999999,0.64,0.64,0.64,0.6,0.64,0.6,0.6,0.6,0.6,0.6,0.56,0.56,0.56,1.0,0.84,0.88,0.8,0.8,0.8,0.8,0.84,0.76,0.76,0.76,0.76,0.76,0.72,0.72,0.72,0.6799999999999999,0.72,0.6799999999999999,0.6799999999999999,0.6799999999999999,0.64,0.6799999999999999,0.64,0.64,0.64,0.6,0.64,0.6,0.6,0.6,0.6,0.6,0.56,0.56,0.56
3,1.0,0.0,0.0,0.0,0.0,0.0,0.0,1.0,0.0,0.0,0.0,1.0,0.0,1.0,0.0,0.0,0.0,0.0,0.0,1.0,1.0,0.0,1.0,0.0,0.0,0.0,0.0,0.0,0.0,0.0,0.0,0.0,0.0,0.0,0.0,1.0,0.0,1.0,0.0,0.0,1.0,0.0,0.0,1.0,0.0,1.0,0.0,1.0,0.0,0.0,0.0,0.0,0.0,0.0,0.0,1.0,0.0,1.0,0.0,0.0,0.0,0.0,0.0,0.0,0.0,0.0,1.0,1.0,0.0,0.0,1.0,0.0,0.0,1.0,0.0,1.0,1.0,1.0,1.0,0.0,0.0,0.0,0.0,0.0,1.0,0.0,0.0,0.0,0.0,0.0,0.0,0.0,0.0,1.0,0.0,0.0,0.0,0.0,0.0,0.0,0.0,0.0,1.0,0.0,0.84,0.64,1.0,0.64,0.6799999999999999,0.88,0.6,1.0,0.6,0.64,0.8,0.56,0.92,0.56,0.6,0.72,0.56,0.8,0.56,0.56,0.6799999999999999,0.52,0.76,0.52,0.56,0.64,0.52,0.6799999999999999,0.52,0.52,0.6,0.48,0.64,0.48,0.52,0.56,0.84,0.64,1.0,0.64,0.6799999999999999,0.88,0.6,1.0,0.6,0.64,0.8,0.56,0.92,0.56,0.6,0.72,0.56,0.8,0.56,0.56,0.6799999999999999,0.52,0.76,0.52,0.56,0.64,0.52,0.6799999999999999,0.52,0.52,0.6,0.48,0.64,0.48,0.52,0.56
4,0.0,0.0,1.0,0.0,0.0,1.0,0.0,1.0,0.0,0.0,0.0,1.0,0.0,0.0,1.0,0.0,0.0,0.0,0.0,1.0,0.0,0.0,0.0,0.0,1.0,0.0,0.0,0.0,0.0,0.0,0.0,0.0,0.0,0.0,0.0,1.0,0.0,0.0,0.0,0.0,1.0,0.0,0.0,1.0,0.0,1.0,0.0,1.0,0.0,0.0,0.0,1.0,0.0,1.0,0.0,0.0,0.0,0.0,0.0,0.0,0.0,0.0,1.0,0.0,1.0,0.0,0.0,0.0,0.0,0.0,0.0,0.0,0.0,0.0,1.0,1.0,0.0,1.0,0.0,0.0,0.0,0.0,1.0,1.0,1.0,0.0,0.0,0.0,1.0,0.0,0.0,1.0,0.0,1.0,0.0,0.0,0.0,0.0,0.0,0.0,1.0,0.0,0.0,0.0,0.56,0.6799999999999999,0.64,0.6,0.72,0.6799999999999999,0.6799999999999999,0.6,0.56,0.72,0.64,0.6799999999999999,0.56,0.52,0.72,0.8,0.64,0.52,0.52,1.0,0.52,0.6,0.52,0.48,0.76,0.52,0.52,0.48,0.48,0.52,0.48,0.52,0.48,0.48,0.52,0.48,0.56,0.6799999999999999,0.64,0.6,0.72,0.6799999999999999,0.6799999999999999,0.6,0.56,0.72,0.64,0.6799999999999999,0.56,0.52,0.72,0.8,0.64,0.52,0.52,1.0,0.52,0.6,0.52,0.48,0.76,0.52,0.52,0.48,0.48,0.52,0.48,0.52,0.48,0.48,0.52,0.48
5,1.0,1.0,0.0,0.0,0.0,0.0,0.0,0.0,0.0,0.0,0.0,0.0,0.0,0.0,1.0,1.0,0.0,0.0,0.0,1.0,0.0,0.0,0.0,0.0,0.0,0.0,0.0,1.0,0.0,0.0,0.0,1.0,0.0,0.0,1.0,0.0,0.0,1.0,0.0,0.0,0.0,0.0,0.0,0.0,1.0,0.0,0.0,0.0,1.0,1.0,1.0,0.0,0.0,0.0,1.0,1.0,0.0,0.0,1.0,0.0,1.0,0.0,0.0,0.0,1.0,1.0,0.0,0.0,0.0,0.0,0.0,0.0,1.0,0.0,1.0,0.0,0.0,0.0,1.0,0.0,0.0,0.0,0.0,0.0,0.0,1.0,0.0,0.0,1.0,0.0,0.0,0.0,0.0,1.0,0.0,0.0,0.0,0.0,0.0,0.0,0.0,0.0,0.0,1.0,0.84,0.8,0.76,1.0,0.84,0.76,0.76,0.72,0.92,0.76,0.72,0.72,0.6799999999999999,0.8,0.72,0.6799999999999999,0.6799999999999999,0.64,0.76,0.6799999999999999,0.64,0.64,0.6,0.6799999999999999,0.64,0.6,0.6,0.56,0.64,0.6,0.56,0.56,0.56,0.6,0.56,0.56,0.84,0.8,0.76,1.0,0.84,0.76,0.76,0.72,0.92,0.76,0.72,0.72,0.6799999999999999,0.8,0.72,0.6799999999999999,0.6799999999999999,0.64,0.76,0.6799999999999999,0.64,0.64,0.6,0.6799999999999999,0.64,0.6,0.6,0.56,0.64,0.6,0.56,0.56,0.56,0.6,0.56,0.56
6,0.0,1.0,0.0,0.0,0.0,0.0,0.0,1.0,0.0,0.0,0.0,0.0,1.0,1.0,0.0,1.0,0.0,0.0,0.0,0.0,0.0,0.0,0.0,0.0,1.0,0.0,1.0,0.0,1.0,0.0,0.0,0.0,0.0,1.0,1.0,0.0,0.0,0.0,0.0,0.0,0.0,1.0,0.0,0.0,0.0,0.0,0.0,0.0,1.0,1.0,0.0,0.0,0.0,0.0,0.0,0.0,0.0,1.0,0.0,0.0,0.0,1.0,1.0,0.0,0.0,0.0,0.0,0.0,0.0,0.0,0.0,1.0,1.0,1.0,0.0,0.0,0.0,0.0,0.0,0.0,0.0,0.0,0.0,0.0,1.0,0.0,0.0,1.0,0.0,1.0,0.0,1.0,0.0,0.0,0.0,1.0,0.0,1.0,0.0,0.0,0.0,0.0,0.0,1.0,0.88,0.88,0.8,0.96,0.96,1.0,0.8,0.76,0.84,0.88,0.84,0.76,0.72,0.76,0.8,0.76,0.6799999999999999,0.6799999999999999,0.72,0.76,0.72,0.64,0.64,0.6799999999999999,0.6799999999999999,0.6799999999999999,0.6,0.6,0.64,0.64,0.64,0.6,0.56,0.6,0.6,0.6,0.88,0.88,0.8,0.96,0.96,1.0,0.8,0.76,0.84,0.88,0.84,0.76,0.72,0.76,0.8,0.76,0.6799999999999999,0.6799999999999999,0.72,0.76,0.72,0.64,0.64,0.6799999999999999,0.6799999999999999,0.6799999999999999,0.6,0.6,0.64,0.64,0.64,0.6,0.56,0.6,0.6,0.6
7,0.0,0.0,1.0,0.0,0.0,1.0,1.0,1.0,1.0,0.0,0.0,0.0,0.0,0.0,0.0,1.0,0.0,0.0,0.0,0.0,0.0,0.0,0.0,0.0,0.0,0.0,0.0,1.0,0.0,0.0,0.0,0.0,0.0,1.0,0.0,1.0,0.0,1.0,0.0,0.0,0.0,1.0,0.0,0.0,0.0,0.0,1.0,0.0,0.0,0.0,0.0,1.0,0.0,0.0,0.0,1.0,1.0,0.0,0.0,0.0,0.0,0.0,0.0,0.0,0.0,0.0,0.0,0.0,0.0,1.0,0.0,0.0,0.0,0.0,0.0,0.0,1.0,0.0,0.0,0.0,0.0,1.0,1.0,1.0,0.0,0.0,1.0,0.0,0.0,0.0,0.0,0.0,0.0,0.0,1.0,1.0,0.0,1.0,0.0,1.0,1.0,0.0,0.0,0.0,1.0,0.76,0.6799999999999999,0.92,0.92,0.72,0.72,0.64,0.84,0.84,0.6799999999999999,0.6799999999999999,0.6,0.8,0.8,0.64,0.64,0.56,0.76,0.76,0.6,0.6,0.56,0.72,0.72,0.56,0.56,0.52,0.6799999999999999,0.6799999999999999,0.52,0.56,0.52,0.64,0.64,0.52,1.0,0.76,0.6799999999999999,0.92,0.92,0.72,0.72,0.64,0.84,0.84,0.6799999999999999,0.6799999999999999,0.6,0.8,0.8,0.64,0.64,0.56,0.76,0.76,0.6,0.6,0.56,0.72,0.72,0.56,0.56,0.52,0.6799999999999999,0.6799999999999999,0.52,0.56,0.52,0.64,0.64,0.52
8,0.0,0.0,0.0,0.0,0.0,0.0,0.0,0.0,1.0,0.0,0.0,0.0,0.0,0.0,0.0,0.0,0.0,0.0,1.0,0.0,0.0,0.0,0.0,1.0,0.0,0.0,1.0,0.0,0.0,0.0,1.0,0.0,0.0,1.0,0.0,0.0,0.0,0.0,1.0,0.0,1.0,1.0,0.0,0.0,1.0,0.0,0.0,0.0,1.0,0.0,1.0,1.0,0.0,1.0,1.0,0.0,0.0,0.0,0.0,1.0,0.0,0.0,1.0,0.0,0.0,0.0,1.0,0.0,0.0,1.0,0.0,0.0,1.0,0.0,1.0,0.0,1.0,0.0,0.0,1.0,0.0,1.0,0.0,0.0,0.0,0.0,0.0,0.0,0.0,0.0,0.0,1.0,0.0,0.0,0.0,0.0,0.0,0.0,0.0,0.0,0.0,1.0,0.0,0.0,0.8,0.76,0.92,0.8,1.0,0.92,0.72,0.88,0.76,1.0,0.76,0.6799999999999999,0.8,0.6799999999999999,1.0,0.72,0.64,0.72,0.64,0.76,0.6799999999999999,0.6,0.6799999999999999,0.6,0.72,0.64,0.56,0.64,0.6,0.6799999999999999,0.6,0.52,0.6,0.56,0.64,0.56,0.8,0.76,0.92,0.8,1.0,0.92,0.72,0.88,0.76,1.0,0.76,0.6799999999999999,0.8,0.6799999999999999,1.0,0.72,0.64,0.72,0.64,0.76,0.6799999999999999,0.6,0.6799999999999999,0.6,0.72,0.64,0.56,0.64,0.6,0.6799999999999999,0.6,0.52,0.6,0.56,0.64,0.56
9,0.0,0.0,0.0,0.0,0.0,1.0,1.0,0.0,1.0,0.0,0.0,0.0,0.0,0.0,0.0,1.0,0.0,0.0,0.0,0.0,0.0,0.0,0.0,0.0,0.0,0.0,1.0,1.0,0.0,0.0,1.0,0.0,0.0,1.0,0.0,0.0,0.0,0.0,0.0,0.0,1.0,0.0,1.0,0.0,1.0,1.0,0.0,0.0,0.0,1.0,0.0,0.0,1.0,1.0,0.0,0.0,0.0,0.0,0.0,1.0,0.0,1.0,0.0,1.0,0.0,1.0,0.0,0.0,1.0,0.0,1.0,0.0,0.0,0.0,0.0,0.0,1.0,1.0,0.0,0.0,0.0,0.0,0.0,0.0,0.0,0.0,0.0,0.0,0.0,0.0,0.0,0.0,0.0,0.0,0.0,0.0,0.0,0.0,1.0,0.0,1.0,0.0,1.0,0.0,0.84,1.0,0.76,0.6799999999999999,0.96,0.72,1.0,0.6799999999999999,0.64,0.92,0.6799999999999999,0.92,0.64,0.6,0.8,0.64,0.8,0.6,0.56,0.76,0.6,0.76,0.6,0.56,0.6799999999999999,0.56,0.6799999999999999,0.56,0.52,0.64,0.52,0.64,0.52,0.52,0.6,0.52,0.84,1.0,0.76,0.6799999999999999,0.96,0.72,1.0,0.6799999999999999,0.64,0.92,0.6799999999999999,0.92,0.64,0.6,0.8,0.64,0.8,0.6,0.56,0.76,0.6,0.76,0.6,0.56,0.6799999999999999,0.56,0.6799999999999999,0.56,0.52,0.64,0.52,0.64,0.52,0.52,0.6,0.52
10,1.0,0.0,0.0,0.0,1.0,0.0,0.0,0.0,1.0,0.0,0.0,0.0,0.0,0.0,1.0,0.0,0.0,0.0,1.0,0.0,0.0,0.0,0.0,1.0,0.0,0.0,0.0,0.0,0.0,0.0,1.0,1.0,0.0,1.0,0.0,0.0,0.0,1.0,1.0,0.0,0.0,0.0,0.0,0.0,0.0,0.0,0.0,0.0,1.0,1.0,0.0,0.0,0.0,0.0,0.0,1.0,0.0,0.0,0.0,1.0,0.0,0.0,0.0,0.0,0.0,1.0,0.0,0.0,1.0,0.0,0.0,0.0,1.0,0.0,0.0,0.0,1.0,0.0,1.0,1.0,0.0,0.0,0.0,0.0,0.0,0.0,0.0,0.0,0.0,0.0,0.0,0.0,1.0,0.0,1.0,1.0,0.0,0.0,1.0,1.0,0.0,0.0,0.0,0.0,1.0,0.76,0.88,0.84,0.92,0.8,0.72,0.84,0.8,0.84,0.76,0.6799999999999999,0.76,0.76,0.8,0.72,0.64,0.72,0.6799999999999999,0.76,0.6799999999999999,0.6,0.6799999999999999,0.64,0.72,0.64,0.56,0.64,0.6,0.6799999999999999,0.6,0.56,0.6,0.6,0.64,0.56,1.0,0.76,0.88,0.84,0.92,0.8,0.72,0.84,0.8,0.84,0.76,0.6799999999999999,0.76,0.76,0.8,0.72,0.64,0.72,0.6799999999999999,0.76,0.6799999999999999,0.6,0.6799999999999999,0.64,0.72,0.64,0.56,0.64,0.6,0.6799999999999999,0.6,0.56,0.6,0.6,0.64,0.56
11,0.0,1.0,0.0,1.0,0.0,0.0,0.0,0.0,1.0,0.0,1.0,0.0,0.0,0.0,0.0,0.0,0.0,0.0,0.0,0.0,0.0,0.0,1.0,0.0,0.0,0.0,1.0,0.0,0.0,0.0,0.0,0.0,0.0,0.0,1.0,0.0,1.0,0.0,1.0,0.0,1.0,0.0,0.0,1.0,1.0,1.0,0.0,0.0,0.0,0.0,0.0,0.0,0.0,0.0,0.0,0.0,0.0,0.0,0.0,0.0,0.0,0.0,0.0,1.0,1.0,0.0,0.0,1.0,0.0,0.0,0.0,1.0,1.0,0.0,0.0,0.0,1.0,1.0,0.0,0.0,1.0,0.0,1.0,0.0,0.0,0.0,0.0,1.0,0.0,0.0,0.0,1.0,0.0,0.0,0.0,0.0,0.0,0.0,0.0,0.0,0.0,1.0,0.0,1.0,0.56,0.64,0.64,0.72,0.6799999999999999,0.72,0.64,0.64,0.72,0.6799999999999999,0.72,0.64,0.64,0.72,0.6799999999999999,1.0,0.6,0.56,0.96,0.96,1.0,0.56,0.56,0.6799999999999999,0.6799999999999999,0.6799999999999999,0.52,0.52,0.84,0.52,0.64,0.48,0.48,0.52,0.52,0.52,0.56,0.64,0.64,0.72,0.6799999999999999,0.72,0.64,0.64,0.72,0.6799999999999999,0.72,0.64,0.64,0.72,0.6799999999999999,1.0,0.6,0.56,0.96,0.96,1.0,0.56,0.56,0.6799999999999999,0.6799999999999999,0.6799999999999999,0.52,0.52,0.84,0.52,0.64,0.48,0.48,0.52,0.52,0.52
12,0.0,0.0,0.0,0.0,0.0,0.0,0.0,0.0,0.0,1.0,0.0,0.0,1.0,0.0,0.0,0.0,1.0,1.0,0.0,0.0,0.0,0.0,0.0,0.0,1.0,1.0,0.0,1.0,0.0,0.0,0.0,0.0,1.0,1.0,0.0,0.0,1.0,0.0,0.0,0.0,0.0,0.0,1.0,0.0,0.0,0.0,0.0,0.0,0.0,1.0,0.0,1.0,1.0,0.0,0.0,0.0,0.0,1.0,0.0,1.0,0.0,0.0,0.0,1.0,0.0,0.0,0.0,0.0,0.0,0.0,0.0,1.0,0.0,0.0,1.0,0.0,0.0,0.0,0.0,0.0,0.0,1.0,1.0,0.0,0.0,0.0,1.0,0.0,0.0,0.0,1.0,0.0,0.0,1.0,0.0,0.0,0.0,0.0,1.0,0.0,0.0,0.0,1.0,0.0,0.43999999999999995,0.48,0.48,0.52,0.48,0.52,0.48,0.48,0.52,0.48,0.52,0.48,0.48,0.52,0.48,0.64,0.48,0.48,0.6799999999999999,0.56,0.64,0.48,0.48,0.6,0.48,0.52,0.43999999999999995,0.48,1.0,0.43999999999999995,0.48,0.4,0.4,0.52,0.4,0.43999999999999995,0.43999999999999995,0.48,0.48,0.52,0.48,0.52,0.48,0.48,0.52,0.48,0.52,0.48,0.48,0.52,0.48,0.64,0.48,0.48,0.6799999999999999,0.56,0.64,0.48,0.48,0.6,0.48,0.52,0.43999999999999995,0.48,1.0,0.43999999999999995,0.48,0.4,0.4,0.52,0.4,0.43999999999999995
13,0.0,0.0,1.0,0.0,1.0,0.0,0.0,0.0,0.0,1.0,0.0,0.0,1.0,0.0,0.0,0.0,0.0,0.0,0.0,1.0,1.0,0.0,0.0,0.0,0.0,0.0,0.0,1.0,0.0,0.0,0.0,0.0,0.0,0.0,1.0,0.0,1.0,0.0,1.0,0.0,0.0,0.0,0.0,1.0,0.0,0.0,0.0,1.0,0.0,1.0,0.0,0.0,0.0,0.0,0.0,1.0,0.0,1.0,1.0,0.0,0.0,0.0,0.0,0.0,0.0,0.0,1.0,0.0,0.0,0.0,1.0,0.0,0.0,0.0,0.0,0.0,1.0,1.0,1.0,0.0,0.0,1.0,0.0,0.0,1.0,0.0,0.0,0.0,0.0,1.0,0.0,0.0,0.0,0.0,0.0,0.0,1.0,1.0,0.0,0.0,0.0,0.0,0.0,0.0,0.8,0.92,0.88,1.0,0.8,0.96,0.84,0.76,1.0,0.72,0.96,0.76,0.72,0.92,0.6799999999999999,0.84,0.72,0.6799999999999999,0.76,0.64,0.72,0.6799999999999999,0.64,0.72,0.6,0.6799999999999999,0.64,0.6,0.6799999999999999,0.56,0.64,0.6,0.56,0.64,0.56,0.6,0.8,0.92,0.88,1.0,0.8,0.96,0.84,0.76,1.0,0.72,0.96,0.76,0.72,0.92,0.6799999999999999,0.84,0.72,0.6799999999999999,0.76,0.64,0.72,0.6799999999999999,0.64,0.72,0.6,0.6799999999999999,0.64,0.6,0.6799999999999999,0.56,0.64,0.6,0.56,0.64,0.56,0.6
14,0.0,0.0,0.0,0.0,0.0,0.0,1.0,1.0,0.0,0.0,1.0,0.0,0.0,0.0,1.0,0.0,0.0,0.0,0.0,0.0,0.0,0.0,0.0,0.0,0.0,0.0,0.0,0.0,0.0,0.0,0.0,0.0,1.0,1.0,0.0,0.0,1.0,0.0,0.0,1.0,0.0,0.0,0.0,1.0,0.0,1.0,0.0,1.0,1.0,0.0,0.0,1.0,0.0,1.0,0.0,0.0,1.0,0.0,0.0,0.0,0.0,0.0,0.0,1.0,0.0,1.0,0.0,0.0,1.0,0.0,0.0,0.0,0.0,0.0,1.0,1.0,1.0,0.0,0.0,0.0,0.0,0.0,0.0,0.0,0.0,0.0,0.0,1.0,0.0,1.0,1.0,0.0,0.0,0.0,0.0,0.0,1.0,0.0,0.0,0.0,0.0,0.0,1.0,0.0,0.56,0.64,0.64,0.6799999999999999,0.6799999999999999,0.72,0.64,0.64,0.6799999999999999,0.6799999999999999,0.72,0.56,0.64,0.6799999999999999,0.6799999999999999,1.0,0.52,0.56,0.6,0.96,1.0,0.52,0.52,0.52,0.6799999999999999,0.76,0.48,0.52,0.52,0.52,0.52,0.48,0.48,0.48,0.52,0.52,0.56,0.64,0.64,0.6799999999999999,0.6799999999999999,0.72,0.64,0.64,0.6799999999999999,0.6799999999999999,0.72,0.56,0.64,0.6799999999999999,0.6799999999999999,1.0,0.52,0.56,0.6,0.96,1.0,0.52,0.52,0.52,0.6799999999999999,0.76,0.48,0.52,0.52,0.52,0.52,0.48,0.48,0.48,0.52,0.52
15,0.0,0.0,0.0,0.0,0.0,0.0,0.0,0.0,0.0,0.0,0.0,0.0,0.0,1.0,0.0,1.0,1.0,1.0,0.0,0.0,0.0,1.0,0.0,0.0,0.0,0.0,0.0,0.0,0.0,0.0,0.0,0.0,0.0,1.0,0.0,1.0,0.0,0.0,0.0,0.0,0.0,1.0,0.0,1.0,0.0,0.0,1.0,0.0,1.0,0.0,1.0,1.0,0.0,1.0,0.0,0.0,0.0,1.0,0.0,0.0,1.0,1.0,1.0,0.0,0.0,0.0,1.0,0.0,0.0,0.0,1.0,0.0,0.0,0.0,0.0,0.0,0.0,0.0,0.0,1.0,1.0,0.0,0.0,0.0,0.0,0.0,1.0,0.0,0.0,0.0,1.0,0.0,1.0,0.0,1.0,0.0,0.0,0.0,0.0,0.0,0.0,0.0,0.0,0.0,0.84,0.76,0.84,0.76,1.0,0.76,0.72,0.76,0.72,0.88,0.72,0.6799999999999999,0.72,0.6799999999999999,0.76,0.6799999999999999,0.64,0.6799999999999999,0.64,0.72,0.64,0.6,0.64,0.6,0.6799999999999999,0.6,0.56,0.6,0.56,0.64,0.56,0.52,0.56,0.52,0.6,0.56,0.84,0.76,0.84,0.76,1.0,0.76,0.72,0.76,0.72,0.88,0.72,0.6799999999999999,0.72,0.6799999999999999,0.76,0.6799999999999999,0.64,0.6799999999999999,0.64,0.72,0.64,0.6,0.64,0.6,0.6799999999999999,0.6,0.56,0.6,0.56,0.64,0.56,0.52,0.56,0.52,0.6,0.56
16,1.0,0.0,0.0,1.0,0.0,0.0,1.0,0.0,0.0,0.0,0.0,1.0,0.0,0.0,1.0,0.0,0.0,0.0,0.0,0.0,0.0,0.0,0.0,0.0,1.0,0.0,1.0,0.0,0.0,1.0,0.0,1.0,0.0,1.0,0.0,0.0,0.0,0.0,0.0,0.0,0.0,1.0,0.0,1.0,0.0,0.0,0.0,0.0,0.0,0.0,0.0,1.0,0.0,0.0,1.0,0.0,0.0,0.0,0.0,0.0,0.0,0.0,1.0,0.0,0.0,0.0,0.0,1.0,0.0,0.0,0.0,0.0,0.0,1.0,0.0,1.0,0.0,0.0,0.0,1.0,0.0,0.0,0.0,0.0,1.0,0.0,0.0,0.0,0.0,1.0,1.0,1.0,0.0,0.0,0.0,0.0,0.0,0.0,1.0,1.0,0.0,1.0,0.0,0.0,0.8,0.88,0.8,1.0,0.92,0.96,0.8,0.72,1.0,0.92,0.96,0.72,0.6799999999999999,0.92,0.8,0.76,0.6799999999999999,0.64,0.76,0.72,0.72,0.64,0.6,0.72,0.6799999999999999,0.6799999999999999,0.6,0.56,0.6799999999999999,0.64,0.64,0.56,0.56,0.64,0.6,0.6,0.8,0.88,0.8,1.0,0.92,0.96,0.8,0.72,1.0,0.92,0.96,0.72,0.6799999999999999,0.92,0.8,0.76,0.6799999999999999,0.64,0.76,0.72,0.72,0.64,0.6,0.72,0.6799999999999999,0.6799999999999999,0.6,0.56,0.6799999999999999,0.64,0.64,0.56,0.56,0.64,0.6,0.6
17,0.0,0.0,0.0,0.0,1.0,1.0,1.0,0.0,0.0,0.0,0.0,0.0,0.0,0.0,0.0,0.0,0.0,1.0,0.0,1.0,0.0,0.0,1.0,0.0,1.0,0.0,0.0,0.0,0.0,0.0,0.0,0.0,0.0,0.0,0.0,0.0,0.0,0.0,1.0,1.0,0.0,0.0,0.0,0.0,0.0,1.0,1.0,1.0,0.0,0.0,0.0,1.0,1.0,1.0,0.0,0.0,0.0,0.0,0.0,1.0,1.0,0.0,1.0,0.0,0.0,0.0,0.0,1.0,0.0,0.0,0.0,0.0,0.0,0.0,0.0,1.0,0.0,0.0,0.0,0.0,1.0,0.0,0.0,0.0,0.0,1.0,1.0,1.0,0.0,0.0,0.0,0.0,0.0,0.0,0.0,0.0,1.0,0.0,0.0,0.0,0.0,0.0,1.0,0.0,0.84,0.96,0.84,0.8,1.0,0.88,0.88,0.76,0.76,0.88,0.8,0.84,0.72,0.6799999999999999,0.76,0.76,0.76,0.6799999999999999,0.64,0.72,0.6799999999999999,0.72,0.64,0.6,0.6799999999999999,0.64,0.6799999999999999,0.6,0.6,0.64,0.6,0.64,0.56,0.56,0.6,0.6,0.84,0.96,0.84,0.8,1.0,0.88,0.88,0.76,0.76,0.88,0.8,0.84,0.72,0.6799999999999999,0.76,0.76,0.76,0.6799999999999999,0.64,0.72,0.6799999999999999,0.72,0.64,0.6,0.6799999999999999,0.64,0.6799999999999999,0.6,0.6,0.64,0.6,0.64,0.56,0.56,0.6,0.6
18,0.0,1.0,0.0,0.0,0.0,1.0,0.0,1.0,0.0,0.0,0.0,1.0,1.0,0.0,0.0,1.0,0.0,1.0,1.0,0.0,0.0,0.0,0.0,0.0,0.0,0.0,1.0,0.0,0.0,0.0,0.0,0.0,1.0,0.0,1.0,0.0,0.0,0.0,0.0,1.0,0.0,0.0,0.0,0.0,0.0,0.0,0.0,0.0,0.0,0.0,0.0,1.0,0.0,0.0,0.0,0.0,0.0,0.0,1.0,0.0,0.0,1.0,0.0,0.0,0.0,0.0,1.0,0.0,1.0,0.0,0.0,0.0,0.0,1.0,0.0,1.0,1.0,0.0,0.0,0.0,1.0,0.0,1.0,0.0,0.0,0.0,0.0,1.0,0.0,0.0,0.0,0.0,0.0,1.0,0.0,0.0,0.0,0.0,1.0,1.0,0.0,0.0,0.0,0.0,0.92,0.92,1.0,0.76,0.76,0.76,0.84,0.84,0.72,0.72,0.72,0.8,0.8,0.6799999999999999,0.6799999999999999,0.6799999999999999,0.76,0.76,0.64,0.64,0.64,0.72,0.72,0.6,0.6,0.6,0.6799999999999999,0.6799999999999999,0.56,0.56,0.56,0.64,0.64,0.52,0.52,0.56,0.92,0.92,1.0,0.76,0.76,0.76,0.84,0.84,0.72,0.72,0.72,0.8,0.8,0.6799999999999999,0.6799999999999999,0.6799999999999999,0.76,0.76,0.64,0.64,0.64,0.72,0.72,0.6,0.6,0.6,0.6799999999999999,0.6799999999999999,0.56,0.56,0.56,0.64,0.64,0.52,0.52,0.56
19,0.0,0.0,0.0,1.0,1.0,1.0,0.0,0.0,0.0,0.0,0.0,0.0,0.0,0.0,0.0,0.0,1.0,1.0,0.0,0.0,0.0,0.0,0.0,0.0,0.0,0.0,0.0,0.0,1.0,1.0,0.0,1.0,0.0,0.0,0.0,0.0,0.0,0.0,0.0,0.0,1.0,0.0,1.0,0.0,0.0,1.0,1.0,0.0,0.0,1.0,0.0,0.0,0.0,1.0,0.0,0.0,0.0,0.0,0.0,1.0,1.0,0.0,0.0,0.0,0.0,1.0,0.0,1.0,0.0,0.0,0.0,0.0,1.0,0.0,0.0,0.0,1.0,0.0,0.0,0.0,0.0,0.0,1.0,0.0,0.0,1.0,1.0,0.0,1.0,1.0,0.0,0.0,0.0,0.0,0.0,1.0,0.0,0.0,0.0,0.0,0.0,0.0,0.0,0.0,1.0,0.6799999999999999,0.6799999999999999,0.8,0.76,0.6799999999999999,0.64,0.64,0.76,0.72,0.64,0.6,0.6,0.72,0.6799999999999999,0.6,0.56,0.56,0.6799999999999999,0.64,0.6,0.56,0.56,0.64,0.6,0.56,0.52,0.52,0.6,0.56,0.52,0.52,0.52,0.56,0.52,0.52,1.0,0.6799999999999999,0.6799999999999999,0.8,0.76,0.6799999999999999,0.64,0.64,0.76,0.72,0.64,0.6,0.6,0.72,0.6799999999999999,0.6,0.56,0.56,0.6799999999999999,0.64,0.6,0.56,0.56,0.64,0.6,0.56,0.52,0.52,0.6,0.56,0.52,0.52,0.52,0.56,0.52,0.52
20,0.0,0.0,1.0,0.0,0.0,1.0,1.0,0.0,0.0,1.0,1.0,1.0,0.0,0.0,0.0,0.0,0.0,0.0,0.0,0.0,0.0,1.0,0.0,1.0,0.0,0.0,1.0,0.0,0.0,0.0,0.0,0.0,1.0,0.0,0.0,1.0,0.0,1.0,0.0,0.0,0.0,0.0,0.0,0.0,1.0,0.0,0.0,0.0,0.0,0.0,0.0,0.0,1.0,0.0,0.0,0.0,0.0,0.0,0.0,0.0,0.0,0.0,0.0,0.0,0.0,0.0,1.0,0.0,0.0,0.0,0.0,1.0,0.0,0.0,1.0,0.0,0.0,0.0,0.0,1.0,1.0,0.0,1.0,1.0,0.0,0.0,0.0,0.0,1.0,0.0,0.0,1.0,0.0,0.0,0.0,0.0,0.0,1.0,1.0,0.0,0.0,0.0,0.0,1.0,0.84,0.92,0.6799999999999999,1.0,0.6799999999999999,0.76,0.88,0.64,1.0,0.64,0.72,0.8,0.6,0.88,0.6,0.6799999999999999,0.72,0.56,0.76,0.56,0.64,0.6799999999999999,0.52,0.72,0.56,0.6,0.64,0.52,0.6799999999999999,0.52,0.56,0.6,0.48,0.64,0.52,0.52,0.84,0.92,0.6799999999999999,1.0,0.6799999999999999,0.76,0.88,0.64,1.0,0.64,0.72,0.8,0.6,0.88,0.6,0.6799999999999999,0.72,0.56,0.76,0.56,0.64,0.6799999999999999,0.52,0.72,0.56,0.6,0.64,0.52,0.6799999999999999,0.52,0.56,0.6,0.48,0.64,0.52,0.52
21,0.0,0.0,0.0,1.0,1.0,0.0,0.0,0.0,1.0,0.0,0.0,0.0,0.0,0.0,1.0,0.0,0.0,1.0,0.0,0.0,0.0,0.0,0.0,0.0,0.0,0.0,0.0,0.0,0.0,0.0,0.0,0.0,0.0,0.0,0.0,1.0,1.0,1.0,0.0,0.0,1.0,0.0,1.0,1.0,0.0,0.0,1.0,0.0,0.0,0.0,1.0,0.0,0.0,1.0,0.0,0.0,0.0,0.0,0.0,1.0,0.0,1.0,0.0,0.0,0.0,1.0,0.0,0.0,0.0,0.0,0.0,0.0,0.0,0.0,0.0,1.0,0.0,0.0,1.0,1.0,0.0,0.0,0.0,0.0,1.0,0.0,0.0,0.0,0.0,0.0,0.0,1.0,0.0,1.0,0.0,0.0,1.0,0.0,0.0,1.0,1.0,0.0,0.0,0.0,1.0,0.64,0.64,0.72,0.84,0.6799999999999999,0.6,0.6,0.6799999999999999,0.8,0.64,0.6,0.6,0.64,0.76,0.6,0.56,0.56,0.6,0.72,0.56,0.52,0.52,0.56,0.6799999999999999,0.52,0.52,0.52,0.52,0.64,0.52,0.48,0.48,0.52,0.6,0.48,1.0,0.64,0.64,0.72,0.84,0.6799999999999999,0.6,0.6,0.6799999999999999,0.8,0.64,0.6,0.6,0.64,0.76,0.6,0.56,0.56,0.6,0.72,0.56,0.52,0.52,0.56,0.6799999999999999,0.52,0.52,0.52,0.52,0.64,0.52,0.48,0.48,0.52,0.6,0.48
22,1.0,0.0,0.0,0.0,0.0,1.0,0.0,1.0,0.0,0.0,0.0,0.0,0.0,0.0,1.0,0.0,0.0,0.0,0.0,0.0,0.0,1.0,0.0,0.0,0.0,0.0,1.0,0.0,0.0,0.0,0.0,0.0,0.0,1.0,1.0,1.0,0.0,1.0,0.0,0.0,0.0,0.0,0.0,0.0,1.0,1.0,0.0,0.0,0.0,0.0,1.0,0.0,0.0,0.0,0.0,1.0,0.0,0.0,1.0,0.0,1.0,0.0,0.0,1.0,1.0,0.0,0.0,0.0,0.0,1.0,0.0,0.0,0.0,0.0,1.0,0.0,1.0,1.0,0.0,0.0,0.0,0.0,1.0,1.0,0.0,0.0,0.0,0.0,1.0,0.0,0.0,0.0,1.0,0.0,0.0,0.0,0.0,0.0,0.0,0.0,0.0,0.0,0.0,0.0,0.64,0.76,0.6799999999999999,0.8,0.56,0.6799999999999999,0.76,0.64,0.8,0.56,0.6,0.76,0.6,0.8,0.52,0.56,0.64,0.56,1.0,0.52,0.52,0.6,0.52,0.76,0.48,0.52,0.56,0.52,0.56,0.48,0.48,0.52,0.48,0.56,0.48,0.48,0.64,0.76,0.6799999999999999,0.8,0.56,0.6799999999999999,0.76,0.64,0.8,0.56,0.6,0.76,0.6,0.8,0.52,0.56,0.64,0.56,1.0,0.52,0.52,0.6,0.52,0.76,0.48,0.52,0.56,0.52,0.56,0.48,0.48,0.52,0.48,0.56,0.48,0.48
23,0.0,0.0,0.0,0.0,0.0,0.0,0.0,0.0,0.0,1.0,0.0,1.0,0.0,0.0,0.0,0.0,1.0,0.0,1.0,0.0,0.0,1.0,1.0,0.0,0.0,0.0,0.0,0.0,0.0,0.0,0.0,1.0,1.0,0.0,0.0,1.0,1.0,0.0,0.0,0.0,0.0,0.0,0.0,1.0,0.0,0.0,0.0,1.0,0.0,1.0,0.0,0.0,0.0,1.0,1.0,0.0,0.0,1.0,1.0,0.0,0.0,0.0,1.0,0.0,0.0,1.0,0.0,0.0,0.0,0.0,0.0,1.0,1.0,0.0,0.0,1.0,0.0,0.0,0.0,0.0,0.0,0.0,1.0,0.0,0.0,0.0,0.0,0.0,0.0,1.0,0.0,0.0,0.0,1.0,1.0,0.0,0.0,0.0,0.0,0.0,0.0,0.0,0.0,0.0,0.92,0.8,1.0,0.76,0.72,0.76,0.76,0.84,0.72,0.6799999999999999,0.72,0.72,0.8,0.6799999999999999,0.64,0.6799999999999999,0.6799999999999999,0.76,0.64,0.6,0.64,0.64,0.72,0.6,0.56,0.6,0.6,0.6799999999999999,0.56,0.56,0.56,0.56,0.64,0.52,0.52,0.56,0.92,0.8,1.0,0.76,0.72,0.76,0.76,0.84,0.72,0.6799999999999999,0.72,0.72,0.8,0.6799999999999999,0.64,0.6799999999999999,0.6799999999999999,0.76,0.64,0.6,0.64,0.64,0.72,0.6,0.56,0.6,0.6,0.6799999999999999,0.56,0.56,0.56,0.56,0.64,0.52,0.52,0.56
24,1.0,0.0,0.0,0.0,0.0,0.0,0.0,0.0,0.0,1.0,1.0,0.0,0.0,0.0,0.0,0.0,0.0,1.0,0.0,0.0,0.0,0.0,1.0,0.0,1.0,0.0,1.0,0.0,0.0,0.0,0.0,1.0,1.0,0.0,0.0,1.0,0.0,0.0,1.0,0.0,0.0,0.0,0.0,0.0,0.0,0.0,0.0,0.0,0.0,0.0,1.0,1.0,0.0,0.0,0.0,0.0,0.0,1.0,0.0,1.0,1.0,0.0,0.0,0.0,0.0,0.0,0.0,1.0,0.0,0.0,0.0,1.0,1.0,1.0,0.0,0.0,0.0,0.0,0.0,0.0,0.0,1.0,0.0,0.0,0.0,0.0,1.0,0.0,1.0,1.0,0.0,1.0,0.0,0.0,0.0,1.0,0.0,0.0,0.0,0.0,0.0,0.0,0.0,0.0,0.84,0.8,0.88,0.96,0.6799999999999999,1.0,0.72,0.88,0.92,0.64,0.92,0.6799999999999999,0.8,0.84,0.6,0.96,0.64,0.72,0.84,0.6,0.76,0.6,0.6799999999999999,0.72,0.56,0.6799999999999999,0.56,0.64,0.6799999999999999,0.52,0.64,0.56,0.6,0.64,0.52,0.6,0.84,0.8,0.88,0.96,0.6799999999999999,1.0,0.72,0.88,0.92,0.64,0.92,0.6799999999999999,0.8,0.84,0.6,0.96,0.64,0.72,0.84,0.6,0.76,0.6,0.6799999999999999,0.72,0.56,0.6799999999999999,0.56,0.64,0.6799999999999999,0.52,0.64,0.56,0.6,0.64,0.52,0.6
25,1.0,0.0,0.0,0.0,0.0,1.0,0.0,0.0,0.0,0.0,0.0,1.0,1.0,0.0,0.0,1.0,0.0,0.0,0.0,1.0,0.0,0.0,0.0,1.0,0.0,0.0,1.0,0.0,0.0,0.0,0.0,0.0,1.0,0.0,0.0,0.0,0.0,1.0,0.0,1.0,0.0,0.0,0.0,0.0,0.0,0.0,1.0,0.0,0.0,0.0,1.0,0.0,0.0,0.0,0.0,0.0,1.0,0.0,1.0,0.0,0.0,0.0,0.0,0.0,0.0,1.0,1.0,0.0,1.0,0.0,0.0,0.0,0.0,0.0,0.0,0.0,0.0,1.0,0.0,1.0,1.0,0.0,0.0,0.0,0.0,0.0,0.0,1.0,1.0,0.0,0.0,0.0,0.0,0.0,1.0,0.0,0.0,0.0,0.0,1.0,0.0,0.0,0.0,1.0,0.72,0.8,0.84,0.88,0.84,0.88,0.8,0.84,0.88,0.8,0.88,0.72,0.76,0.84,0.72,1.0,0.64,0.72,0.76,0.64,0.76,0.6,0.64,0.64,0.6,0.64,0.6,0.6,0.6,0.56,0.6,0.56,0.56,0.56,0.56,0.56,0.72,0.8,0.84,0.88,0.84,0.88,0.8,0.84,0.88,0.8,0.88,0.72,0.76,0.84,0.72,1.0,0.64,0.72,0.76,0.64,0.76,0.6,0.64,0.64,0.6,0.64,0.6,0.6,0.6,0.56,0.6,0.56,0.56,0.56,0.56,0.56
26,0.0,0.0,0.0,1.0,0.0,0.0,1.0,1.0,0.0,0.0,0.0,0.0,1.0,0.0,1.0,1.0,0.0,1.0,1.0,0.0,0.0,0.0,1.0,0.0,0.0,0.0,0.0,0.0,0.0,0.0,0.0,0.0,0.0,0.0,0.0,0.0,0.0,0.0,0.0,0.0,1.0,1.0,0.0,0.0,1.0,0.0,0.0,0.0,0.0,1.0,0.0,0.0,0.0,1.0,0.0,0.0,1.0,0.0,0.0,0.0,1.0,0.0,0.0,1.0,0.0,0.0,0.0,0.0,0.0,0.0,0.0,0.0,0.0,1.0,0.0,1.0,0.0,0.0,0.0,0.0,0.0,0.0,0.0,0.0,1.0,0.0,1.0,1.0,0.0,0.0,0.0,1.0,0.0,0.0,0.0,1.0,0.0,0.0,0.0,1.0,0.0,0.0,1.0,0.0,0.84,0.96,0.84,0.64,1.0,0.6799999999999999,0.96,0.76,0.6,1.0,0.64,0.88,0.72,0.56,0.84,0.6,0.76,0.6799999999999999,0.56,0.76,0.6,0.72,0.64,0.52,0.72,0.56,0.6799999999999999,0.6,0.52,0.6799999999999999,0.52,0.64,0.56,0.48,0.64,0.52,0.84,0.96,0.84,0.64,1.0,0.6799999999999999,0.96,0.76,0.6,1.0,0.64,0.88,0.72,0.56,0.84,0.6,0.76,0.6799999999999999,0.56,0.76,0.6,0.72,0.64,0.52,0.72,0.56,0.6799999999999999,0.6,0.52,0.6799999999999999,0.52,0.64,0.56,0.48,0.64,0.52
27,0.0,0.0,0.0,0.0,1.0,0.0,0.0,0.0,0.0,0.0,0.0,0.0,1.0,0.0,1.0,1.0,0.0,0.0,0.0,1.0,0.0,1.0,0.0,1.0,1.0,0.0,0.0,0.0,0.0,0.0,0.0,0.0,0.0,0.0,1.0,0.0,0.0,0.0,0.0,0.0,0.0,1.0,0.0,0.0,0.0,0.0,0.0,0.0,1.0,0.0,1.0,1.0,0.0,1.0,0.0,1.0,0.0,0.0,0.0,1.0,0.0,0.0,1.0,1.0,0.0,0.0,0.0,0.0,0.0,0.0,0.0,0.0,1.0,0.0,0.0,0.0,0.0,0.0,1.0,1.0,0.0,0.0,1.0,0.0,0.0,1.0,0.0,1.0,0.0,0.0,1.0,0.0,0.0,0.0,0.0,0.0,0.0,0.0,1.0,0.0,0.0,0.0,0.0,0.0,0.56,0.6799999999999999,0.6799999999999999,0.6799999999999999,0.6799999999999999,0.72,0.6799999999999999,0.6799999999999999,0.6799999999999999,0.6799999999999999,0.72,0.6799999999999999,0.6799999999999999,0.6799999999999999,0.64,1.0,0.6799999999999999,0.6799999999999999,0.96,0.6,1.0,0.92,0.8,0.6,0.52,0.6799999999999999,0.52,0.52,0.52,0.48,0.52,0.52,0.52,0.52,0.48,0.52,0.56,0.6799999999999999,0.6799999999999999,0.6799999999999999,0.6799999999999999,0.72,0.6799999999999999,0.6799999999999999,0.6799999999999999,0.6799999999999999,0.72,0.6799999999999999,0.6799999999999999,0.6799999999999999,0.64,1.0,0.6799999999999999,0.6799999999999999,0.96,0.6,1.0,0.92,0.8,0.6,0.52,0.6799999999999999,0.52,0.52,0.52,0.48,0.52,0.52,0.52,0.52,0.48,0.52
28,0.0,0.0,0.0,1.0,0.0,0.0,1.0,1.0,0.0,0.0,0.0,0.0,0.0,0.0,0.0,0.0,0.0,0.0,0.0,0.0,1.0,0.0,0.0,0.0,0.0,0.0,1.0,0.0,0.0,0.0,0.0,0.0,0.0,0.0,0.0,0.0,1.0,0.0,0.0,1.0,0.0,1.0,0.0,1.0,1.0,1.0,1.0,0.0,1.0,0.0,0.0,0.0,0.0,1.0,0.0,0.0,0.0,0.0,0.0,0.0,0.0,0.0,1.0,1.0,1.0,0.0,0.0,0.0,1.0,1.0,1.0,0.0,0.0,0.0,0.0,0.0,0.0,1.0,0.0,1.0,0.0,0.0,1.0,0.0,0.0,0.0,1.0,0.0,0.0,0.0,0.0,0.0,1.0,0.0,0.0,0.0,0.0,0.0,0.0,1.0,0.0,0.0,0.0,0.0,0.84,0.76,0.6799999999999999,0.6799999999999999,1.0,0.72,0.72,0.64,0.64,1.0,0.6799999999999999,0.6799999999999999,0.6,0.6,0.8,0.64,0.64,0.56,0.56,0.76,0.6,0.6,0.52,0.52,0.72,0.56,0.56,0.52,0.52,0.6799999999999999,0.56,0.56,0.48,0.48,0.64,0.52,0.84,0.76,0.6799999999999999,0.6799999999999999,1.0,0.72,0.72,0.64,0.64,1.0,0.6799999999999999,0.6799999999999999,0.6,0.6,0.8,0.64,0.64,0.56,0.56,0.76,0.6,0.6,0.52,0.52,0.72,0.56,0.56,0.52,0.52,0.6799999999999999,0.56,0.56,0.48,0.48,0.64,0.52
29,1.0,1.0,0.0,0.0,1.0,1.0,0.0,0.0,0.0,0.0,0.0,0.0,0.0,1.0,0.0,0.0,1.0,0.0,0.0,1.0,0.0,0.0,0.0,0.0,1.0,0.0,0.0,0.0,0.0,0.0,0.0,0.0,1.0,0.0,0.0,1.0,1.0,0.0,0.0,0.0,0.0,0.0,0.0,1.0,0.0,0.0,0.0,0.0,0.0,0.0,1.0,0.0,0.0,0.0,0.0,0.0,0.0,0.0,0.0,0.0,1.0,0.0,0.0,0.0,1.0,0.0,0.0,1.0,0.0,1.0,0.0,0.0,0.0,0.0,0.0,0.0,0.0,1.0,0.0,0.0,0.0,0.0,1.0,0.0,0.0,1.0,0.0,0.0,0.0,0.0,1.0,0.0,1.0,1.0,0.0,0.0,0.0,1.0,1.0,0.0,0.0,0.0,0.0,1.0,0.8,0.88,0.92,0.96,1.0,0.96,0.88,0.92,0.96,1.0,0.96,0.8,0.92,0.92,1.0,0.92,0.72,0.88,0.76,0.96,0.72,0.6799999999999999,0.76,0.6799999999999999,0.72,0.6799999999999999,0.64,0.6799999999999999,0.64,0.6799999999999999,0.64,0.6,0.64,0.6,0.64,0.6,0.8,0.88,0.92,0.96,1.0,0.96,0.88,0.92,0.96,1.0,0.96,0.8,0.92,0.92,1.0,0.92,0.72,0.88,0.76,0.96,0.72,0.6799999999999999,0.76,0.6799999999999999,0.72,0.6799999999999999,0.64,0.6799999999999999,0.64,0.6799999999999999,0.64,0.6,0.64,0.6,0.64,0.6
30,0.0,0.0,1.0,0.0,0.0,1.0,1.0,0.0,0.0,1.0,0.0,0.0,0.0,0.0,0.0,0.0,1.0,0.0,0.0,0.0,0.0,0.0,0.0,0.0,0.0,0.0,0.0,0.0,0.0,1.0,0.0,1.0,0.0,0.0,0.0,0.0,1.0,0.0,0.0,0.0,1.0,0.0,1.0,0.0,0.0,1.0,0.0,0.0,1.0,1.0,0.0,0.0,0.0,0.0,0.0,1.0,0.0,0.0,0.0,0.0,1.0,0.0,0.0,1.0,0.0,0.0,1.0,1.0,0.0,0.0,1.0,1.0,0.0,0.0,0.0,1.0,0.0,0.0,1.0,0.0,1.0,0.0,0.0,0.0,0.0,0.0,0.0,1.0,0.0,0.0,0.0,1.0,0.0,0.0,0.0,1.0,0.0,0.0,0.0,0.0,0.0,0.0,0.0,0.0,1.0,0.76,0.72,0.72,0.8,0.72,0.72,0.6799999999999999,0.6799999999999999,0.76,0.6799999999999999,0.6799999999999999,0.64,0.64,0.6799999999999999,0.64,0.64,0.6,0.6,0.64,0.6,0.6,0.56,0.56,0.6,0.56,0.56,0.52,0.52,0.6,0.52,0.52,0.52,0.52,0.56,0.52,1.0,0.76,0.72,0.72,0.8,0.72,0.72,0.6799999999999999,0.6799999999999999,0.76,0.6799999999999999,0.6799999999999999,0.64,0.64,0.6799999999999999,0.64,0.64,0.6,0.6,0.64,0.6,0.6,0.56,0.56,0.6,0.56,0.56,0.52,0.52,0.6,0.52,0.52,0.52,0.52,0.56,0.52
31,1.0,1.0,0.0,1.0,0.0,0.0,0.0,0.0,0.0,1.0,1.0,0.0,0.0,0.0,0.0,0.0,0.0,0.0,0.0,0.0,0.0,0.0,1.0,1.0,0.0,0.0,0.0,1.0,0.0,0.0,0.0,1.0,1.0,0.0,0.0,0.0,0.0,1.0,0.0,0.0,0.0,0.0,0.0,0.0,0.0,0.0,0.0,0.0,0.0,1.0,0.0,1.0,0.0,0.0,1.0,0.0,1.0,1.0,0.0,0.0,1.0,0.0,0.0,0.0,0.0,0.0,0.0,0.0,0.0,0.0,0.0,1.0,0.0,0.0,0.0,0.0,0.0,0.0,1.0,0.0,0.0,0.0,1.0,0.0,0.0,0.0,1.0,0.0,1.0,0.0,0.0,0.0,0.0,0.0,1.0,1.0,1.0,0.0,0.0,0.0,1.0,0.0,0.0,0.0,0.84,0.96,0.64,1.0,0.72,0.6799999999999999,0.96,0.6,0.88,0.6799999999999999,0.64,0.8,0.56,0.76,0.64,0.6,0.76,0.52,0.72,0.6,0.6,0.72,0.52,0.6799999999999999,0.56,0.56,0.6799999999999999,0.48,0.64,0.52,0.52,0.64,0.48,0.6,0.52,0.52,0.84,0.96,0.64,1.0,0.72,0.6799999999999999,0.96,0.6,0.88,0.6799999999999999,0.64,0.8,0.56,0.76,0.64,0.6,0.76,0.52,0.72,0.6,0.6,0.72,0.52,0.6799999999999999,0.56,0.56,0.6799999999999999,0.48,0.64,0.52,0.52,0.64,0.48,0.6,0.52,0.52
32,1.0,0.0,0.0,0.0,0.0,0.0,0.0,0.0,0.0,0.0,0.0,0.0,0.0,1.0,1.0,0.0,0.0,0.0,1.0,1.0,0.0,0.0,1.0,0.0,0.0,0.0,0.0,0.0,1.0,1.0,0.0,0.0,0.0,0.0,1.0,1.0,0.0,0.0,0.0,1.0,0.0,1.0,0.0,0.0,1.0,0.0,0.0,0.0,0.0,0.0,0.0,0.0,0.0,1.0,0.0,0.0,1.0,0.0,0.0,0.0,0.0,0.0,0.0,0.0,1.0,0.0,0.0,0.0,1.0,1.0,0.0,0.0,1.0,0.0,0.0,1.0,0.0,0.0,0.0,0.0,0.0,0.0,1.0,0.0,0.0,1.0,0.0,0.0,1.0,0.0,0.0,0.0,1.0,0.0,0.0,0.0,0.0,0.0,1.0,1.0,0.0,0.0,0.0,0.0,1.0,0.6799999999999999,0.88,0.8,0.6799999999999999,0.6799999999999999,0.64,0.84,0.76,0.64,0.64,0.6,0.76,0.6799999999999999,0.6,0.6,0.56,0.72,0.64,0.56,0.56,0.52,0.6799999999999999,0.6,0.52,0.52,0.52,0.64,0.6,0.52,0.52,0.48,0.6,0.56,0.48,0.48,1.0,0.6799999999999999,0.88,0.8,0.6799999999999999,0.6799999999999999,0.64,0.84,0.76,0.64,0.64,0.6,0.76,0.6799999999999999,0.6,0.6,0.56,0.72,0.64,0.56,0.56,0.52,0.6799999999999999,0.6,0.52,0.52,0.52,0.64,0.6,0.52,0.52,0.48,0.6,0.56,0.48,0.48
33,0.0,1.0,1.0,0.0,0.0,1.0,0.0,0.0,0.0,0.0,1.0,0.0,0.0,0.0,0.0,1.0,0.0,0.0,0.0,0.0,0.0,0.0,0.0,1.0,0.0,0.0,0.0,0.0,1.0,0.0,1.0,0.0,1.0,0.0,0.0,1.0,0.0,0.0,0.0,1.0,0.0,0.0,0.0,0.0,0.0,0.0,1.0,1.0,0.0,0.0,0.0,0.0,0.0,0.0,0.0,0.0,0.0,0.0,0.0,0.0,1.0,0.0,0.0,1.0,0.0,0.0,0.0,0.0,0.0,0.0,0.0,0.0,0.0,0.0,1.0,0.0,0.0,0.0,1.0,1.0,0.0,0.0,0.0,0.0,0.0,1.0,0.0,0.0,1.0,1.0,1.0,0.0,0.0,1.0,1.0,1.0,0.0,0.0,0.0,0.0,1.0,0.0,0.0,0.0,0.84,0.6799999999999999,0.6,1.0,0.72,0.64,0.64,0.56,0.88,0.6799999999999999,0.6,0.6,0.52,0.8,0.64,0.6,0.56,0.52,0.76,0.6,0.56,0.52,0.48,0.6799999999999999,0.56,0.52,0.52,0.48,0.64,0.52,0.52,0.48,0.48,0.6,0.52,0.48,0.84,0.6799999999999999,0.6,1.0,0.72,0.64,0.64,0.56,0.88,0.6799999999999999,0.6,0.6,0.52,0.8,0.64,0.6,0.56,0.52,0.76,0.6,0.56,0.52,0.48,0.6799999999999999,0.56,0.52,0.52,0.48,0.64,0.52,0.52,0.48,0.48,0.6,0.52,0.48
34,0.0,0.0,0.0,0.0,0.0,0.0,0.0,0.0,0.0,1.0,1.0,1.0,0.0,1.0,0.0,0.0,0.0,1.0,1.0,0.0,0.0,0.0,1.0,0.0,0.0,0.0,1.0,0.0,0.0,0.0,1.0,0.0,0.0,1.0,0.0,0.0,0.0,1.0,1.0,0.0,0.0,0.0,0.0,0.0,0.0,0.0,0.0,0.0,0.0,0.0,1.0,0.0,1.0,1.0,1.0,0.0,0.0,0.0,1.0,0.0,1.0,0.0,0.0,0.0,0.0,0.0,0.0,0.0,1.0,0.0,0.0,1.0,0.0,0.0,0.0,0.0,1.0,1.0,0.0,0.0,1.0,0.0,0.0,0.0,1.0,0.0,1.0,0.0,0.0,0.0,0.0,0.0,0.0,0.0,0.0,1.0,0.0,0.0,0.0,0.0,0.0,0.0,0.0,0.0,0.72,0.84,0.84,0.88,0.6,0.64,0.84,0.84,0.88,0.56,0.6,0.84,0.84,0.88,0.56,0.56,0.84,0.76,1.0,0.52,0.56,0.6799999999999999,0.6799999999999999,0.6799999999999999,0.52,0.52,0.64,0.64,0.64,0.48,0.52,0.6,0.6,0.6,0.48,0.48,0.72,0.84,0.84,0.88,0.6,0.64,0.84,0.84,0.88,0.56,0.6,0.84,0.84,0.88,0.56,0.56,0.84,0.76,1.0,0.52,0.56,0.6799999999999999,0.6799999999999999,0.6799999999999999,0.52,0.52,0.64,0.64,0.64,0.48,0.52,0.6,0.6,0.6,0.48,0.48
35,1.0,0.0,0.0,0.0,0.0,1.0,0.0,0.0,0.0,0.0,0.0,0.0,0.0,0.0,1.0,0.0,0.0,0.0,1.0,0.0,0.0,0.0,1.0,0.0,1.0,0.0,0.0,0.0,0.0,0.0,1.0,0.0,0.0,0.0,0.0,0.0,0.0,1.0,0.0,0.0,1.0,0.0,0.0,0.0,1.0,0.0,0.0,1.0,1.0,1.0,0.0,0.0,0.0,0.0,1.0,0.0,0.0,0.0,0.0,1.0,0.0,0.0,0.0,0.0,0.0,0.0,0.0,1.0,0.0,0.0,0.0,0.0,0.0,1.0,0.0,0.0,0.0,1.0,1.0,0.0,0.0,0.0,0.0,1.0,0.0,0.0,0.0,1.0,1.0,0.0,1.0,1.0,0.0,0.0,0.0,0.0,0.0,0.0,0.0,0.0,0.0,0.0,1.0,1.0,0.56,0.56,0.64,0.72,0.72,0.64,0.52,0.64,0.72,0.72,0.56,0.52,0.64,0.72,0.72,0.52,0.48,0.64,1.0,1.0,0.52,0.48,0.6,1.0,1.0,0.48,0.48,0.52,0.52,0.52,0.48,0.43999999999999995,0.48,0.52,0.52,0.48,0.56,0.56,0.64,0.72,0.72,0.64,0.52,0.64,0.72,0.72,0.56,0.52,0.64,0.72,0.72,0.52,0.48,0.64,1.0,1.0,0.52,0.48,0.6,1.0,1.0,0.48,0.48,0.52,0.52,0.52,0.48,0.43999999999999995,0.48,0.52,0.52,0.48
36,1.0,1.0,0.0,0.0,0.0,1.0,0.0,1.0,0.0,0.0,0.0,0.0,1.0,0.0,0.0,0.0,1.0,0.0,0.0,0.0,0.0,1.0,0.0,0.0,0.0,1.0,0.0,0.0,0.0,0.0,0.0,1.0,0.0,1.0,0.0,0.0,0.0,0.0,0.0,0.0,0.0,0.0,0.0,0.0,1.0,0.0,1.0,0.0,1.0,0.0,0.0,0.0,0.0,0.0,0.0,0.0,0.0,0.0,0.0,0.0,0.0,0.0,1.0,0.0,0.0,0.0,0.0,1.0,0.0,0.0,0.0,0.0,0.0,0.0,0.0,0.0,0.0,0.0,0.0,1.0,1.0,1.0,1.0,0.0,0.0,0.0,1.0,0.0,1.0,1.0,0.0,1.0,1.0,1.0,0.0,0.0,0.0,1.0,0.0,0.0,0.0,0.0,0.0,0.0,0.84,0.6799999999999999,0.6,1.0,0.6799999999999999,0.64,0.64,0.6,1.0,0.64,0.6,0.6,0.56,0.84,0.6,0.6,0.56,0.52,0.76,0.6,0.56,0.52,0.52,0.72,0.56,0.52,0.52,0.48,0.6799999999999999,0.52,0.52,0.48,0.48,0.64,0.52,0.48,0.84,0.6799999999999999,0.6,1.0,0.6799999999999999,0.64,0.64,0.6,1.0,0.64,0.6,0.6,0.56,0.84,0.6,0.6,0.56,0.52,0.76,0.6,0.56,0.52,0.52,0.72,0.56,0.52,0.52,0.48,0.6799999999999999,0.52,0.52,0.48,0.48,0.64,0.52,0.48
37,0.0,0.0,0.0,1.0,0.0,0.0,0.0,1.0,0.0,0.0,0.0,0.0,0.0,0.0,0.0,0.0,0.0,0.0,1.0,0.0,1.0,0.0,0.0,1.0,0.0,0.0,0.0,1.0,1.0,1.0,1.0,0.0,0.0,0.0,0.0,0.0,0.0,0.0,0.0,0.0,0.0,0.0,1.0,0.0,1.0,0.0,0.0,0.0,0.0,0.0,1.0,1.0,1.0,1.0,0.0,0.0,1.0,0.0,0.0,0.0,0.0,0.0,0.0,0.0,0.0,0.0,1.0,1.0,0.0,1.0,0.0,1.0,0.0,0.0,0.0,0.0,0.0,0.0,0.0,0.0,0.0,0.0,0.0,0.0,1.0,0.0,1.0,0.0,1.0,0.0,1.0,0.0,0.0,0.0,0.0,1.0,0.0,0.0,0.0,0.0,1.0,0.0,0.0,0.0,1.0,0.76,0.84,0.88,0.8,0.8,0.72,0.8,0.84,0.76,0.76,0.6799999999999999,0.76,0.8,0.72,0.72,0.64,0.6799999999999999,0.76,0.6799999999999999,0.6799999999999999,0.6,0.64,0.6799999999999999,0.64,0.64,0.56,0.6,0.64,0.6,0.6,0.52,0.6,0.6,0.56,0.56,1.0,0.76,0.84,0.88,0.8,0.8,0.72,0.8,0.84,0.76,0.76,0.6799999999999999,0.76,0.8,0.72,0.72,0.64,0.6799999999999999,0.76,0.6799999999999999,0.6799999999999999,0.6,0.64,0.6799999999999999,0.64,0.64,0.56,0.6,0.64,0.6,0.6,0.52,0.6,0.6,0.56,0.56
38,0.0,0.0,1.0,1.0,0.0,0.0,1.0,1.0,0.0,0.0,0.0,1.0,0.0,0.0,0.0,0.0,0.0,0.0,1.0,0.0,0.0,0.0,0.0,0.0,0.0,0.0,0.0,0.0,0.0,1.0,0.0,1.0,0.0,0.0,0.0,0.0,1.0,0.0,1.0,0.0,0.0,0.0,0.0,0.0,0.0,0.0,1.0,0.0,0.0,1.0,0.0,1.0,0.0,0.0,0.0,0.0,1.0,1.0,0.0,0.0,1.0,0.0,1.0,0.0,1.0,0.0,1.0,0.0,1.0,0.0,0.0,1.0,1.0,0.0,0.0,0.0,0.0,1.0,0.0,0.0,0.0,0.0,0.0,0.0,0.0,0.0,0.0,1.0,0.0,0.0,0.0,0.0,0.0,0.0,0.0,1.0,1.0,0.0,0.0,0.0,0.0,0.0,0.0,0.0,0.4,0.43999999999999995,0.43999999999999995,0.43999999999999995,0.43999999999999995,0.43999999999999995,0.43999999999999995,0.43999999999999995,0.4,0.4,0.43999999999999995,0.43999999999999995,0.43999999999999995,0.4,0.4,0.52,0.43999999999999995,0.4,0.4,0.4,0.48,0.52,0.4,0.36,0.36,0.4,1.0,0.4,0.36,0.36,0.4,0.88,0.36,0.36,0.36,0.36,0.4,0.43999999999999995,0.43999999999999995,0.43999999999999995,0.43999999999999995,0.43999999999999995,0.43999999999999995,0.43999999999999995,0.4,0.4,0.43999999999999995,0.43999999999999995,0.43999999999999995,0.4,0.4,0.52,0.43999999999999995,0.4,0.4,0.4,0.48,0.52,0.4,0.36,0.36,0.4,1.0,0.4,0.36,0.36,0.4,0.88,0.36,0.36,0.36,0.36
39,0.0,0.0,0.0,0.0,1.0,1.0,0.0,0.0,0.0,0.0,1.0,0.0,0.0,0.0,1.0,0.0,1.0,0.0,0.0,0.0,1.0,1.0,1.0,0.0,0.0,0.0,0.0,0.0,0.0,0.0,0.0,0.0,0.0,0.0,1.0,1.0,0.0,0.0,0.0,0.0,0.0,0.0,0.0,0.0,0.0,0.0,1.0,1.0,0.0,0.0,1.0,0.0,1.0,0.0,0.0,0.0,0.0,0.0,1.0,0.0,0.0,0.0,0.0,0.0,0.0,1.0,0.0,1.0,0.0,0.0,1.0,1.0,0.0,0.0,0.0,0.0,0.0,0.0,0.0,1.0,1.0,0.0,0.0,0.0,0.0,0.0,0.0,0.0,1.0,0.0,0.0,1.0,1.0,0.0,0.0,0.0,1.0,1.0,0.0,0.0,0.0,0.0,0.0,0.0,1.0,0.6799999999999999,0.8,0.6799999999999999,0.72,0.6799999999999999,0.64,0.76,0.64,0.6799999999999999,0.64,0.6,0.72,0.6,0.64,0.6,0.56,0.6799999999999999,0.56,0.6,0.56,0.56,0.64,0.56,0.56,0.56,0.52,0.6,0.52,0.52,0.52,0.52,0.56,0.52,0.52,0.52,1.0,0.6799999999999999,0.8,0.6799999999999999,0.72,0.6799999999999999,0.64,0.76,0.64,0.6799999999999999,0.64,0.6,0.72,0.6,0.64,0.6,0.56,0.6799999999999999,0.56,0.6,0.56,0.56,0.64,0.56,0.56,0.56,0.52,0.6,0.52,0.52,0.52,0.52,0.56,0.52,0.52,0.52
40,0.0,0.0,0.0,1.0,0.0,0.0,0.0,0.0,0.0,0.0,1.0,0.0,0.0,0.0,1.0,1.0,1.0,0.0,0.0,0.0,0.0,0.0,0.0,0.0,1.0,1.0,0.0,1.0,0.0,0.0,1.0,0.0,0.0,0.0,1.0,0.0,0.0,0.0,0.0,1.0,0.0,0.0,0.0,0.0,0.0,0.0,0.0,1.0,0.0,0.0,0.0,1.0,0.0,0.0,0.0,0.0,0.0,0.0,0.0,0.0,1.0,0.0,0.0,1.0,1.0,0.0,0.0,0.0,0.0,1.0,1.0,0.0,0.0,0.0,0.0,0.0,0.0,0.0,1.0,0.0,0.0,0.0,0.0,0.0,0.0,0.0,0.0,1.0,1.0,0.0,0.0,0.0,0.0,0.0,1.0,1.0,0.0,0.0,1.0,0.0,1.0,0.0,1.0,0.0,0.56,0.6,0.64,0.6799999999999999,0.72,0.72,0.56,0.64,0.6799999999999999,0.72,0.72,0.52,0.64,0.64,0.72,0.96,0.52,0.56,0.52,1.0,0.96,0.48,0.52,0.52,0.6799999999999999,0.56,0.48,0.52,0.48,0.52,0.52,0.48,0.48,0.48,0.52,0.52,0.56,0.6,0.64,0.6799999999999999,0.72,0.72,0.56,0.64,0.6799999999999999,0.72,0.72,0.52,0.64,0.64,0.72,0.96,0.52,0.56,0.52,1.0,0.96,0.48,0.52,0.52,0.6799999999999999,0.56,0.48,0.52,0.48,0.52,0.52,0.48,0.48,0.48,0.52,0.52
41,0.0,0.0,0.0,0.0,1.0,0.0,1.0,0.0,0.0,1.0,0.0,0.0,0.0,1.0,0.0,0.0,0.0,0.0,0.0,0.0,0.0,1.0,0.0,0.0,0.0,1.0,0.0,1.0,0.0,0.0,0.0,0.0,1.0,1.0,0.0,0.0,0.0,0.0,0.0,0.0,0.0,0.0,0.0,1.0,0.0,1.0,0.0,0.0,1.0,0.0,0.0,1.0,0.0,0.0,0.0,1.0,0.0,0.0,0.0,0.0,0.0,0.0,0.0,1.0,1.0,0.0,1.0,0.0,0.0,1.0,0.0,0.0,0.0,0.0,0.0,1.0,0.0,0.0,0.0,0.0,0.0,1.0,1.0,1.0,0.0,0.0,1.0,0.0,0.0,1.0,1.0,0.0,1.0,0.0,0.0,0.0,0.0,0.0,0.0,0.0,0.0,0.0,0.0,0.0,0.56,0.64,0.64,0.72,0.64,0.72,0.6,0.64,0.72,0.6,0.72,0.52,0.56,0.72,0.52,1.0,0.52,0.52,0.96,0.52,1.0,0.48,0.52,0.6799999999999999,0.48,0.6799999999999999,0.48,0.48,0.64,0.48,0.52,0.48,0.48,0.52,0.48,0.52,0.56,0.64,0.64,0.72,0.64,0.72,0.6,0.64,0.72,0.6,0.72,0.52,0.56,0.72,0.52,1.0,0.52,0.52,0.96,0.52,1.0,0.48,0.52,0.6799999999999999,0.48,0.6799999999999999,0.48,0.48,0.64,0.48,0.52,0.48,0.48,0.52,0.48,0.52
42,0.0,0.0,0.0,0.0,0.0,0.0,1.0,0.0,0.0,1.0,1.0,0.0,1.0,0.0,0.0,0.0,0.0,1.0,0.0,0.0,0.0,0.0,0.0,0.0,1.0,0.0,0.0,0.0,1.0,0.0,1.0,0.0,0.0,0.0,0.0,0.0,0.0,0.0,0.0,1.0,0.0,1.0,0.0,0.0,1.0,0.0,0.0,1.0,1.0,0.0,0.0,0.0,1.0,0.0,0.0,0.0,1.0,1.0,0.0,0.0,1.0,0.0,0.0,0.0,0.0,1.0,0.0,1.0,0.0,0.0,0.0,0.0,0.0,0.0,1.0,0.0,0.0,0.0,0.0,1.0,0.0,1.0,0.0,0.0,0.0,0.0,0.0,0.0,0.0,0.0,0.0,0.0,0.0,0.0,0.0,1.0,0.0,0.0,1.0,0.0,0.0,0.0,1.0,1.0,0.8,0.92,0.6799999999999999,0.64,1.0,0.8,0.84,0.64,0.6,1.0,0.72,0.8,0.6,0.6,0.92,0.6799999999999999,0.72,0.56,0.56,0.76,0.64,0.6799999999999999,0.52,0.52,0.72,0.6,0.64,0.52,0.52,0.6799999999999999,0.56,0.6,0.48,0.48,0.64,0.56,0.8,0.92,0.6799999999999999,0.64,1.0,0.8,0.84,0.64,0.6,1.0,0.72,0.8,0.6,0.6,0.92,0.6799999999999999,0.72,0.56,0.56,0.76,0.64,0.6799999999999999,0.52,0.52,0.72,0.6,0.64,0.52,0.52,0.6799999999999999,0.56,0.6,0.48,0.48,0.64,0.56
43,0.0,0.0,0.0,0.0,0.0,0.0,0.0,1.0,0.0,0.0,0.0,0.0,1.0,0.0,0.0,0.0,0.0,0.0,0.0,1.0,1.0,1.0,0.0,0.0,0.0,1.0,0.0,1.0,0.0,0.0,0.0,0.0,1.0,0.0,0.0,0.0,1.0,0.0,0.0,0.0,0.0,0.0,0.0,0.0,0.0,1.0,1.0,0.0,1.0,1.0,0.0,0.0,1.0,0.0,0.0,0.0,0.0,1.0,0.0,0.0,0.0,0.0,1.0,0.0,0.0,0.0,0.0,1.0,1.0,0.0,1.0,0.0,0.0,0.0,0.0,1.0,0.0,0.0,0.0,0.0,0.0,1.0,1.0,1.0,0.0,0.0,0.0,0.0,0.0,0.0,1.0,1.0,0.0,0.0,0.0,0.0,0.0,0.0,0.0,1.0,0.0,0.0,0.0,0.0,0.88,0.76,1.0,0.88,0.84,0.88,0.72,0.92,0.8,0.76,0.76,0.6799999999999999,0.8,0.76,0.72,0.72,0.64,0.76,0.6799999999999999,0.6799999999999999,0.6799999999999999,0.6,0.72,0.64,0.64,0.64,0.56,0.6799999999999999,0.6,0.6,0.6,0.56,0.64,0.6,0.56,0.56,0.88,0.76,1.0,0.88,0.84,0.88,0.72,0.92,0.8,0.76,0.76,0.6799999999999999,0.8,0.76,0.72,0.72,0.64,0.76,0.6799999999999999,0.6799999999999999,0.6799999999999999,0.6,0.72,0.64,0.64,0.64,0.56,0.6799999999999999,0.6,0.6,0.6,0.56,0.64,0.6,0.56,0.56
44,0.0,1.0,0.0,0.0,1.0,0.0,0.0,0.0,1.0,0.0,1.0,0.0,0.0,0.0,0.0,0.0,0.0,0.0,0.0,0.0,0.0,0.0,0.0,0.0,1.0,1.0,0.0,0.0,0.0,1.0,1.0,0.0,1.0,0.0,0.0,1.0,0.0,0.0,0.0,1.0,0.0,1.0,0.0,0.0,0.0,0.0,0.0,0.0,0.0,1.0,0.0,0.0,0.0,0.0,0.0,0.0,0.0,1.0,0.0,0.0,0.0,1.0,0.0,0.0,1.0,0.0,1.0,0.0,0.0,0.0,0.0,1.0,1.0,0.0,1.0,1.0,0.0,0.0,0.0,1.0,0.0,0.0,0.0,0.0,0.0,0.0,0.0,0.0,0.0,0.0,0.0,0.0,1.0,0.0,0.0,0.0,0.0,1.0,0.0,0.0,1.0,0.0,1.0,0.0,0.8,0.92,0.92,0.76,1.0,0.92,0.92,0.92,0.72,1.0,0.88,0.88,0.88,0.6799999999999999,0.92,0.76,0.76,0.84,0.64,0.84,0.72,0.72,0.72,0.6,0.72,0.6799999999999999,0.6799999999999999,0.6799999999999999,0.56,0.6799999999999999,0.64,0.64,0.64,0.56,0.64,0.6,0.8,0.92,0.92,0.76,1.0,0.92,0.92,0.92,0.72,1.0,0.88,0.88,0.88,0.6799999999999999,0.92,0.76,0.76,0.84,0.64,0.84,0.72,0.72,0.72,0.6,0.72,0.6799999999999999,0.6799999999999999,0.6799999999999999,0.56,0.6799999999999999,0.64,0.64,0.64,0.56,0.64,0.6
45,0.0,1.0,0.0,0.0,0.0,0.0,1.0,1.0,0.0,0.0,1.0,1.0,0.0,0.0,0.0,0.0,1.0,0.0,0.0,1.0,1.0,0.0,0.0,0.0,0.0,1.0,0.0,0.0,0.0,1.0,0.0,0.0,0.0,0.0,0.0,0.0,0.0,0.0,1.0,0.0,1.0,0.0,0.0,0.0,0.0,0.0,0.0,0.0,0.0,1.0,0.0,0.0,0.0,0.0,0.0,0.0,1.0,1.0,0.0,0.0,0.0,1.0,0.0,0.0,0.0,0.0,1.0,0.0,0.0,0.0,1.0,0.0,0.0,0.0,1.0,1.0,0.0,0.0,0.0,1.0,1.0,0.0,0.0,1.0,0.0,0.0,0.0,0.0,1.0,0.0,0.0,0.0,0.0,1.0,0.0,0.0,0.0,0.0,1.0,0.0,0.0,0.0,0.0,0.0,0.88,1.0,0.92,0.76,0.6799999999999999,0.76,0.92,0.88,0.72,0.64,0.72,0.84,0.8,0.6799999999999999,0.6,0.6799999999999999,0.76,0.76,0.64,0.56,0.64,0.72,0.72,0.6,0.56,0.6,0.6799999999999999,0.6799999999999999,0.56,0.52,0.56,0.64,0.64,0.52,0.52,0.56,0.88,1.0,0.92,0.76,0.6799999999999999,0.76,0.92,0.88,0.72,0.64,0.72,0.84,0.8,0.6799999999999999,0.6,0.6799999999999999,0.76,0.76,0.64,0.56,0.64,0.72,0.72,0.6,0.56,0.6,0.6799999999999999,0.6799999999999999,0.56,0.52,0.56,0.64,0.64,0.52,0.52,0.56
46,1.0,0.0,0.0,0.0,0.0,1.0,0.0,0.0,1.0,0.0,0.0,0.0,1.0,0.0,0.0,0.0,1.0,0.0,1.0,1.0,0.0,1.0,0.0,0.0,1.0,0.0,0.0,0.0,0.0,0.0,0.0,0.0,0.0,0.0,0.0,0.0,0.0,0.0,1.0,1.0,0.0,0.0,0.0,0.0,0.0,0.0,0.0,0.0,0.0,1.0,0.0,1.0,0.0,0.0,0.0,0.0,1.0,0.0,0.0,1.0,0.0,0.0,0.0,0.0,0.0,0.0,1.0,0.0,0.0,1.0,0.0,0.0,0.0,0.0,1.0,0.0,0.0,0.0,0.0,0.0,1.0,0.0,0.0,1.0,0.0,1.0,1.0,1.0,0.0,0.0,0.0,0.0,0.0,0.0,0.0,1.0,0.0,1.0,0.0,0.0,0.0,0.0,1.0,0.0,0.84,0.88,1.0,0.92,0.88,0.92,0.76,1.0,0.88,0.76,0.8,0.72,1.0,0.76,0.72,0.76,0.6799999999999999,0.84,0.72,0.6799999999999999,0.6799999999999999,0.64,0.76,0.6799999999999999,0.64,0.64,0.6,0.72,0.64,0.6,0.6,0.56,0.6799999999999999,0.6,0.56,0.6,0.84,0.88,1.0,0.92,0.88,0.92,0.76,1.0,0.88,0.76,0.8,0.72,1.0,0.76,0.72,0.76,0.6799999999999999,0.84,0.72,0.6799999999999999,0.6799999999999999,0.64,0.76,0.6799999999999999,0.64,0.64,0.6,0.72,0.64,0.6,0.6,0.56,0.6799999999999999,0.6,0.56,0.6
47,0.0,0.0,0.0,1.0,1.0,0.0,0.0,0.0,0.0,0.0,1.0,1.0,0.0,0.0,0.0,1.0,0.0,0.0,1.0,0.0,1.0,0.0,0.0,0.0,0.0,0.0,0.0,1.0,1.0,0.0,0.0,0.0,0.0,0.0,0.0,0.0,0.0,0.0,0.0,1.0,0.0,0.0,0.0,1.0,0.0,1.0,0.0,0.0,0.0,0.0,1.0,0.0,1.0,0.0,1.0,0.0,0.0,0.0,0.0,0.0,1.0,0.0,0.0,0.0,0.0,0.0,0.0,0.0,0.0,1.0,0.0,0.0,0.0,0.0,1.0,0.0,0.0,1.0,1.0,0.0,0.0,0.0,0.0,1.0,0.0,0.0,1.0,0.0,1.0,1.0,0.0,0.0,0.0,0.0,0.0,0.0,1.0,0.0,0.0,1.0,0.0,0.0,0.0,0.0,1.0,0.88,0.8,0.88,0.8,0.84,0.84,0.76,0.8,0.76,0.8,0.8,0.72,0.76,0.72,0.76,0.76,0.6799999999999999,0.72,0.6799999999999999,0.72,0.6799999999999999,0.64,0.6799999999999999,0.64,0.6799999999999999,0.64,0.6,0.64,0.6,0.64,0.6,0.56,0.6,0.56,0.6,1.0,0.88,0.8,0.88,0.8,0.84,0.84,0.76,0.8,0.76,0.8,0.8,0.72,0.76,0.72,0.76,0.76,0.6799999999999999,0.72,0.6799999999999999,0.72,0.6799999999999999,0.64,0.6799999999999999,0.64,0.6799999999999999,0.64,0.6,0.64,0.6,0.64,0.6,0.56,0.6,0.56,0.6
48,0.0,1.0,0.0,0.0,0.0,0.0,0.0,0.0,1.0,0.0,0.0,0.0,0.0,0.0,0.0,1.0,0.0,0.0,1.0,0.0,0.0,0.0,1.0,0.0,1.0,0.0,0.0,1.0,0.0,1.0,1.0,0.0,0.0,1.0,1.0,0.0,0.0,0.0,0.0,0.0,0.0,0.0,0.0,1.0,0.0,0.0,0.0,0.0,0.0,0.0,0.0,1.0,0.0,0.0,0.0,1.0,0.0,0.0,1.0,1.0,0.0,0.0,0.0,0.0,0.0,0.0,1.0,0.0,0.0,1.0,0.0,1.0,1.0,0.0,0.0,0.0,0.0,1.0,1.0,0.0,0.0,0.0,0.0,0.0,1.0,0.0,0.0,0.0,0.0,1.0,0.0,0.0,0.0,0.0,0.0,0.0,0.0,0.0,0.0,0.0,0.0,1.0,1.0,0.0,0.84,0.72,0.96,1.0,0.6799999999999999,0.8,0.6799999999999999,0.96,0.88,0.64,0.76,0.64,0.88,0.84,0.6,0.72,0.6,0.76,0.76,0.6,0.6799999999999999,0.56,0.72,0.72,0.56,0.64,0.52,0.6799999999999999,0.6799999999999999,0.52,0.6,0.52,0.64,0.64,0.52,0.56,0.84,0.72,0.96,1.0,0.6799999999999999,0.8,0.6799999999999999,0.96,0.88,0.64,0.76,0.64,0.88,0.84,0.6,0.72,0.6,0.76,0.76,0.6,0.6799999999999999,0.56,0.72,0.72,0.56,0.64,0.52,0.6799999999999999,0.6799999999999999,0.52,0.6,0.52,0.64,0.64,0.52,0.56
49,0.0,0.0,1.0,0.0,0.0,0.0,1.0,1.0,0.0,0.0,0.0,0.0,0.0,0.0,0.0,0.0,1.0,0.0,0.0,0.0,0.0,0.0,1.0,0.0,1.0,0.0,1.0,0.0,0.0,1.0,0.0,0.0,0.0,0.0,1.0,0.0,0.0,0.0,1.0,1.0,0.0,0.0,1.0,0.0,0.0,0.0,0.0,0.0,0.0,0.0,1.0,0.0,0.0,1.0,0.0,0.0,0.0,0.0,0.0,0.0,0.0,1.0,0.0,1.0,0.0,0.0,0.0,1.0,0.0,0.0,1.0,0.0,0.0,1.0,0.0,0.0,0.0,0.0,0.0,0.0,1.0,0.0,0.0,0.0,0.0,1.0,0.0,0.0,0.0,0.0,0.0,0.0,0.0,1.0,0.0,1.0,1.0,1.0,1.0,0.0,0.0,0.0,0.0,0.0,1.0,0.76,0.8,0.8,0.88,0.8,0.72,0.76,0.76,0.84,0.76,0.6799999999999999,0.72,0.6799999999999999,0.76,0.72,0.64,0.6799999999999999,0.64,0.72,0.6799999999999999,0.6,0.64,0.6,0.6799999999999999,0.64,0.56,0.6,0.6,0.64,0.6,0.56,0.56,0.56,0.6,0.56,1.0,0.76,0.8,0.8,0.88,0.8,0.72,0.76,0.76,0.84,0.76,0.6799999999999999,0.72,0.6799999999999999,0.76,0.72,0.64,0.6799999999999999,0.64,0.72,0.6799999999999999,0.6,0.64,0.6,0.6799999999999999,0.64,0.56,0.6,0.6,0.64,0.6,0.56,0.56,0.56,0.6,0.56
50,0.0,0.0,0.0,0.0,0.0,0.0,0.0,0.0,0.0,0.0,1.0,0.0,0.0,1.0,0.0,1.0,0.0,1.0,0.0,0.0,1.0,0.0,0.0,0.0,1.0,1.0,1.0,0.0,0.0,1.0,0.0,0.0,0.0,0.0,0.0,0.0,0.0,1.0,1.0,0.0,1.0,0.0,0.0,0.0,0.0,0.0,0.0,1.0,0.0,0.0,0.0,0.0,0.0,0.0,1.0,0.0,0.0,0.0,0.0,0.0,0.0,1.0,0.0,0.0,1.0,0.0,0.0,0.0,1.0,0.0,0.0,0.0,0.0,1.0,0.0,1.0,0.0,0.0,0.0,1.0,0.0,0.0,0.0,1.0,0.0,0.0,0.0,1.0,0.0,0.0,0.0,0.0,0.0,1.0,0.0,1.0,0.0,0.0,0.0,0.0,0.0,1.0,1.0,0.0,0.48,0.48,0.52,0.52,0.52,0.52,0.43999999999999995,0.52,0.52,0.52,0.52,0.43999999999999995,0.52,0.52,0.52,0.72,0.43999999999999995,0.52,0.6799999999999999,0.52,0.72,0.4,0.6799999999999999,0.6799999999999999,0.43999999999999995,0.72,0.4,1.0,0.43999999999999995,0.43999999999999995,0.8,0.4,0.43999999999999995,0.43999999999999995,0.4,0.43999999999999995,0.48,0.48,0.52,0.52,0.52,0.52,0.43999999999999995,0.52,0.52,0.52,0.52,0.43999999999999995,0.52,0.52,0.52,0.72,0.43999999999999995,0.52,0.6799999999999999,0.52,0.72,0.4,0.6799999999999999,0.6799999999999999,0.43999999999999995,0.72,0.4,1.0,0.43999999999999995,0.43999999999999995,0.8,0.4,0.43999999999999995,0.43999999999999995,0.4,0.43999999999999995
51,1.0,0.0,1.0,0.0,0.0,0.0,0.0,0.0,0.0,0.0,0.0,0.0,0.0,0.0,0.0,0.0,0.0,0.0,0.0,1.0,1.0,0.0,0.0,0.0,0.0,0.0,1.0,0.0,0.0,0.0,0.0,0.0,0.0,0.0,1.0,0.0,0.0,1.0,0.0,1.0,1.0,1.0,1.0,0.0,1.0,0.0,0.0,0.0,1.0,0.0,0.0,0.0,0.0,0.0,0.0,0.0,0.0,1.0,1.0,1.0,0.0,0.0,0.0,0.0,1.0,0.0,1.0,0.0,0.0,0.0,0.0,0.0,0.0,0.0,0.0,1.0,0.0,0.0,0.0,0.0,0.0,0.0,0.0,0.0,0.0,1.0,0.0,0.0,0.0,0.0,1.0,0.0,0.0,0.0,0.0,1.0,0.0,1.0,0.0,1.0,0.0,1.0,1.0,0.0,0.8,0.6799999999999999,0.64,0.6799999999999999,1.0,0.6799999999999999,0.64,0.6,0.64,1.0,0.64,0.6,0.56,0.6,1.0,0.6,0.56,0.52,0.56,0.76,0.56,0.52,0.52,0.52,0.72,0.52,0.52,0.48,0.52,0.6799999999999999,0.52,0.48,0.48,0.48,0.64,0.48,0.8,0.6799999999999999,0.64,0.6799999999999999,1.0,0.6799999999999999,0.64,0.6,0.64,1.0,0.64,0.6,0.56,0.6,1.0,0.6,0.56,0.52,0.56,0.76,0.56,0.52,0.52,0.52,0.72,0.52,0.52,0.48,0.52,0.6799999999999999,0.52,0.48,0.48,0.48,0.64,0.48
52,0.0,0.0,0.0,1.0,0.0,0.0,0.0,0.0,0.0,0.0,0.0,1.0,0.0,0.0,0.0,1.0,1.0,0.0,0.0,1.0,0.0,0.0,0.0,0.0,1.0,1.0,0.0,1.0,0.0,0.0,0.0,0.0,0.0,0.0,0.0,1.0,0.0,0.0,0.0,0.0,0.0,0.0,0.0,1.0,1.0,0.0,0.0,1.0,0.0,0.0,0.0,1.0,0.0,0.0,0.0,0.0,1.0,0.0,1.0,0.0,1.0,0.0,0.0,0.0,0.0,0.0,1.0,0.0,0.0,0.0,1.0,0.0,0.0,0.0,1.0,0.0,0.0,0.0,0.0,0.0,0.0,0.0,1.0,0.0,1.0,0.0,0.0,0.0,0.0,0.0,0.0,1.0,1.0,1.0,0.0,0.0,0.0,1.0,1.0,0.0,0.0,0.0,0.0,0.0,0.92,0.72,0.88,0.6799999999999999,1.0,0.76,0.6799999999999999,0.84,0.64,0.84,0.72,0.64,0.8,0.6,0.8,0.6799999999999999,0.6,0.76,0.56,0.76,0.64,0.56,0.6799999999999999,0.56,0.72,0.6,0.52,0.64,0.52,0.6799999999999999,0.56,0.52,0.6,0.52,0.64,0.52,0.92,0.72,0.88,0.6799999999999999,1.0,0.76,0.6799999999999999,0.84,0.64,0.84,0.72,0.64,0.8,0.6,0.8,0.6799999999999999,0.6,0.76,0.56,0.76,0.64,0.56,0.6799999999999999,0.56,0.72,0.6,0.52,0.64,0.52,0.6799999999999999,0.56,0.52,0.6,0.52,0.64,0.52
53,1.0,0.0,0.0,1.0,0.0,0.0,0.0,0.0,0.0,0.0,0.0,0.0,1.0,0.0,0.0,0.0,0.0,1.0,0.0,0.0,0.0,0.0,1.0,0.0,0.0,0.0,1.0,0.0,1.0,0.0,0.0,1.0,0.0,0.0,0.0,0.0,1.0,0.0,0.0,1.0,0.0,0.0,0.0,0.0,0.0,1.0,0.0,1.0,0.0,0.0,0.0,1.0,0.0,0.0,0.0,0.0,1.0,0.0,0.0,1.0,0.0,0.0,1.0,1.0,0.0,1.0,0.0,0.0,0.0,0.0,1.0,0.0,1.0,1.0,0.0,1.0,0.0,0.0,0.0,0.0,0.0,0.0,0.0,0.0,0.0,0.0,1.0,0.0,0.0,0.0,0.0,0.0,1.0,0.0,1.0,0.0,0.0,0.0,0.0,0.0,1.0,0.0,0.0,0.0,0.88,0.96,1.0,0.76,0.92,0.84,0.88,0.92,0.72,0.8,0.76,0.8,0.84,0.6799999999999999,0.76,0.72,0.76,0.76,0.64,0.72,0.6799999999999999,0.72,0.72,0.6,0.6799999999999999,0.64,0.6799999999999999,0.6799999999999999,0.56,0.64,0.6,0.64,0.64,0.56,0.6,0.56,0.88,0.96,1.0,0.76,0.92,0.84,0.88,0.92,0.72,0.8,0.76,0.8,0.84,0.6799999999999999,0.76,0.72,0.76,0.76,0.64,0.72,0.6799999999999999,0.72,0.72,0.6,0.6799999999999999,0.64,0.6799999999999999,0.6799999999999999,0.56,0.64,0.6,0.64,0.64,0.56,0.6,0.56
54,1.0,0.0,0.0,0.0,0.0,0.0,0.0,0.0,0.0,0.0,0.0,0.0,1.0,0.0,0.0,0.0,0.0,0.0,0.0,0.0,0.0,0.0,0.0,0.0,1.0,1.0,0.0,0.0,0.0,0.0,0.0,0.0,1.0,1.0,1.0,0.0,0.0,0.0,0.0,1.0,0.0,0.0,0.0,0.0,1.0,0.0,1.0,1.0,0.0,1.0,1.0,0.0,0.0,1.0,0.0,1.0,0.0,1.0,0.0,1.0,0.0,0.0,0.0,1.0,0.0,0.0,0.0,0.0,0.0,0.0,0.0,1.0,0.0,0.0,0.0,1.0,0.0,0.0,1.0,0.0,0.0,0.0,0.0,0.0,0.0,0.0,0.0,1.0,0.0,0.0,1.0,0.0,0.0,0.0,1.0,1.0,0.0,1.0,0.0,0.0,0.0,0.0,0.0,0.0,0.72,0.8,0.6799999999999999,0.76,0.88,0.84,0.8,0.64,0.72,0.88,0.84,0.72,0.6,0.64,0.88,0.96,0.6799999999999999,0.56,0.6,1.0,0.92,0.6,0.52,0.56,0.84,0.64,0.56,0.52,0.52,0.64,0.6,0.56,0.48,0.52,0.6,0.56,0.72,0.8,0.6799999999999999,0.76,0.88,0.84,0.8,0.64,0.72,0.88,0.84,0.72,0.6,0.64,0.88,0.96,0.6799999999999999,0.56,0.6,1.0,0.92,0.6,0.52,0.56,0.84,0.64,0.56,0.52,0.52,0.64,0.6,0.56,0.48,0.52,0.6,0.56
55,1.0,1.0,0.0,0.0,0.0,0.0,0.0,0.0,0.0,0.0,0.0,0.0,0.0,0.0,0.0,1.0,0.0,0.0,0.0,0.0,0.0,1.0,0.0,0.0,1.0,1.0,0.0,0.0,0.0,0.0,0.0,1.0,1.0,0.0,0.0,0.0,0.0,1.0,1.0,0.0,1.0,0.0,0.0,0.0,0.0,1.0,0.0,0.0,0.0,0.0,0.0,1.0,0.0,0.0,0.0,1.0,1.0,0.0,1.0,0.0,0.0,0.0,0.0,0.0,0.0,0.0,0.0,0.0,1.0,1.0,1.0,1.0,1.0,0.0,0.0,1.0,0.0,0.0,0.0,0.0,0.0,1.0,1.0,0.0,0.0,0.0,0.0,0.0,0.0,0.0,0.0,1.0,0.0,0.0,0.0,0.0,0.0,0.0,1.0,0.0,0.0,0.0,0.0,0.0,0.84,0.6799999999999999,1.0,0.76,0.72,0.96,0.64,1.0,0.72,0.6799999999999999,0.96,0.6,1.0,0.6799999999999999,0.64,0.88,0.6,1.0,0.64,0.6,0.76,0.56,0.76,0.6,0.56,0.6799999999999999,0.52,0.72,0.56,0.52,0.64,0.52,0.6799999999999999,0.56,0.52,0.6,0.84,0.6799999999999999,1.0,0.76,0.72,0.96,0.64,1.0,0.72,0.6799999999999999,0.96,0.6,1.0,0.6799999999999999,0.64,0.88,0.6,1.0,0.64,0.6,0.76,0.56,0.76,0.6,0.56,0.6799999999999999,0.52,0.72,0.56,0.52,0.64,0.52,0.6799999999999999,0.56,0.52,0.6
56,0.0,0.0,0.0,0.0,0.0,1.0,1.0,1.0,0.0,0.0,0.0,0.0,0.0,0.0,0.0,0.0,1.0,0.0,0.0,0.0,0.0,1.0,0.0,0.0,0.0,1.0,0.0,0.0,0.0,0.0,0.0,1.0,0.0,1.0,0.0,0.0,0.0,1.0,0.0,0.0,0.0,0.0,0.0,0.0,0.0,1.0,0.0,1.0,1.0,0.0,1.0,0.0,1.0,1.0,0.0,0.0,1.0,0.0,0.0,0.0,0.0,0.0,0.0,1.0,0.0,1.0,0.0,0.0,0.0,0.0,0.0,1.0,1.0,0.0,1.0,0.0,0.0,0.0,1.0,0.0,0.0,1.0,1.0,0.0,0.0,0.0,0.0,0.0,0.0,0.0,0.0,0.0,0.0,0.0,1.0,0.0,0.0,0.0,0.0,0.0,0.0,1.0,0.0,0.0,1.0,0.84,0.88,0.8,0.84,0.84,0.76,0.8,0.76,0.76,0.8,0.72,0.76,0.6799999999999999,0.72,0.76,0.6799999999999999,0.72,0.64,0.6799999999999999,0.6799999999999999,0.64,0.6799999999999999,0.6,0.64,0.64,0.6,0.64,0.6,0.6,0.6,0.56,0.6,0.56,0.56,0.6,1.0,0.84,0.88,0.8,0.84,0.84,0.76,0.8,0.76,0.76,0.8,0.72,0.76,0.6799999999999999,0.72,0.76,0.6799999999999999,0.72,0.64,0.6799999999999999,0.6799999999999999,0.64,0.6799999999999999,0.6,0.64,0.64,0.6,0.64,0.6,0.6,0.6,0.56,0.6,0.56,0.56,0.6
57,0.0,0.0,0.0,0.0,1.0,0.0,0.0,0.0,0.0,0.0,1.0,0.0,0.0,0.0,1.0,1.0,0.0,0.0,1.0,0.0,0.0,0.0,0.0,0.0,1.0,1.0,0.0,0.0,0.0,0.0,1.0,1.0,0.0,0.0,0.0,0.0,1.0,0.0,0.0,0.0,0.0,0.0,0.0,1.0,1.0,0.0,0.0,0.0,0.0,1.0,0.0,0.0,1.0,1.0,0.0,0.0,0.0,0.0,0.0,0.0,1.0,0.0,0.0,0.0,1.0,0.0,0.0,0.0,1.0,0.0,0.0,1.0,0.0,0.0,0.0,0.0,0.0,0.0,0.0,0.0,0.0,0.0,0.0,0.0,0.0,1.0,0.0,0.0,0.0,1.0,1.0,1.0,0.0,0.0,0.0,0.0,0.0,1.0,0.0,0.0,1.0,0.0,1.0,0.0,0.6,0.64,0.6799999999999999,0.6799999999999999,0.72,0.72,0.64,0.6799999999999999,0.6799999999999999,0.72,0.72,0.6,0.6,0.6,0.72,1.0,0.52,0.6,0.52,0.76,0.76,0.52,0.52,0.52,0.56,0.56,0.48,0.52,0.48,0.52,0.52,0.48,0.48,0.48,0.52,0.52,0.6,0.64,0.6799999999999999,0.6799999999999999,0.72,0.72,0.64,0.6799999999999999,0.6799999999999999,0.72,0.72,0.6,0.6,0.6,0.72,1.0,0.52,0.6,0.52,0.76,0.76,0.52,0.52,0.52,0.56,0.56,0.48,0.52,0.48,0.52,0.52,0.48,0.48,0.48,0.52,0.52
58,0.0,0.0,0.0,1.0,0.0,0.0,0.0,0.0,0.0,0.0,0.0,0.0,0.0,0.0,1.0,1.0,0.0,0.0,0.0,0.0,1.0,0.0,0.0,1.0,1.0,1.0,1.0,0.0,0.0,1.0,1.0,0.0,1.0,0.0,0.0,0.0,0.0,0.0,0.0,0.0,0.0,0.0,0.0,0.0,0.0,0.0,1.0,0.0,0.0,0.0,0.0,1.0,1.0,1.0,0.0,0.0,0.0,0.0,0.0,0.0,0.0,1.0,1.0,0.0,1.0,1.0,0.0,0.0,1.0,0.0,0.0,1.0,0.0,0.0,1.0,0.0,0.0,0.0,0.0,0.0,0.0,0.0,0.0,0.0,0.0,0.0,0.0,0.0,0.0,0.0,0.0,0.0,0.0,0.0,1.0,1.0,0.0,0.0,0.0,1.0,0.0,1.0,0.0,0.0,0.4,0.43999999999999995,0.43999999999999995,0.4,0.4,0.43999999999999995,0.4,0.43999999999999995,0.4,0.4,0.43999999999999995,0.4,0.43999999999999995,0.36,0.4,0.4,0.4,0.43999999999999995,0.36,0.4,0.4,0.36,0.52,0.36,0.36,0.36,0.36,1.0,0.36,0.36,0.36,0.36,0.6,0.31999999999999995,0.36,0.36,0.4,0.43999999999999995,0.43999999999999995,0.4,0.4,0.43999999999999995,0.4,0.43999999999999995,0.4,0.4,0.43999999999999995,0.4,0.43999999999999995,0.36,0.4,0.4,0.4,0.43999999999999995,0.36,0.4,0.4,0.36,0.52,0.36,0.36,0.36,0.36,1.0,0.36,0.36,0.36,0.36,0.6,0.31999999999999995,0.36,0.36
59,1.0,0.0,0.0,1.0,0.0,0.0,0.0,0.0,0.0,0.0,0.0,0.0,0.0,0.0,0.0,0.0,0.0,1.0,0.0,1.0,0.0,0.0,0.0,0.0,0.0,1.0,1.0,0.0,0.0,0.0,0.0,0.0,1.0,1.0,0.0,0.0,1.0,0.0,0.0,0.0,0.0,1.0,0.0,0.0,0.0,0.0,1.0,0.0,0.0,0.0,1.0,1.0,0.0,0.0,0.0,0.0,0.0,0.0,0.0,0.0,0.0,0.0,0.0,0.0,0.0,0.0,1.0,1.0,0.0,0.0,1.0,0.0,1.0,1.0,0.0,1.0,1.0,0.0,0.0,0.0,1.0,1.0,0.0,0.0,0.0,0.0,1.0,1.0,0.0,0.0,0.0,0.0,0.0,0.0,0.0,0.0,0.0,1.0,0.0,0.0,0.0,1.0,0.0,0.0,0.72,0.56,0.84,0.88,0.6799999999999999,0.6,0.52,0.84,0.88,0.64,0.6,0.52,0.84,0.88,0.64,0.56,0.48,0.84,1.0,0.64,0.52,0.48,0.6799999999999999,0.96,0.56,0.52,0.48,0.64,0.64,0.52,0.48,0.43999999999999995,0.6,0.6,0.52,0.48,0.72,0.56,0.84,0.88,0.6799999999999999,0.6,0.52,0.84,0.88,0.64,0.6,0.52,0.84,0.88,0.64,0.56,0.48,0.84,1.0,0.64,0.52,0.48,0.6799999999999999,0.96,0.56,0.52,0.48,0.64,0.64,0.52,0.48,0.43999999999999995,0.6,0.6,0.52,0.48
60,0.0,0.0,0.0,0.0,0.0,0.0,0.0,0.0,0.0,0.0,0.0,0.0,0.0,0.0,1.0,0.0,1.0,0.0,1.0,0.0,1.0,1.0,0.0,0.0,0.0,1.0,1.0,0.0,0.0,0.0,1.0,0.0,0.0,0.0,0.0,0.0,1.0,0.0,0.0,0.0,0.0,1.0,0.0,1.0,0.0,0.0,0.0,0.0,1.0,0.0,0.0,1.0,1.0,1.0,1.0,0.0,0.0,0.0,0.0,0.0,0.0,0.0,0.0,0.0,1.0,0.0,0.0,1.0,0.0,0.0,0.0,0.0,0.0,0.0,0.0,0.0,0.0,0.0,0.0,0.0,1.0,1.0,0.0,0.0,1.0,0.0,1.0,1.0,0.0,0.0,0.0,0.0,0.0,0.0,1.0,0.0,0.0,0.0,0.0,1.0,0.0,1.0,0.0,0.0,0.84,0.72,0.88,1.0,0.92,0.76,0.6799999999999999,0.8,1.0,0.92,0.6799999999999999,0.64,0.76,0.88,0.76,0.64,0.6,0.6799999999999999,0.76,0.72,0.6,0.56,0.64,0.72,0.6799999999999999,0.6,0.52,0.6,0.6799999999999999,0.64,0.56,0.52,0.6,0.64,0.6,0.52,0.84,0.72,0.88,1.0,0.92,0.76,0.6799999999999999,0.8,1.0,0.92,0.6799999999999999,0.64,0.76,0.88,0.76,0.64,0.6,0.6799999999999999,0.76,0.72,0.6,0.56,0.64,0.72,0.6799999999999999,0.6,0.52,0.6,0.6799999999999999,0.64,0.56,0.52,0.6,0.64,0.6,0.52
61,1.0,0.0,0.0,0.0,0.0,0.0,0.0,0.0,0.0,0.0,1.0,0.0,1.0,1.0,0.0,1.0,0.0,0.0,0.0,0.0,0.0,0.0,0.0,1.0,0.0,0.0,0.0,1.0,1.0,0.0,0.0,0.0,1.0,0.0,0.0,0.0,1.0,0.0,0.0,0.0,0.0,1.0,1.0,0.0,0.0,1.0,0.0,0.0,0.0,0.0,0.0,0.0,0.0,1.0,1.0,1.0,0.0,0.0,1.0,0.0,0.0,1.0,0.0,0.0,0.0,0.0,0.0,0.0,0.0,1.0,1.0,0.0,0.0,1.0,0.0,0.0,0.0,1.0,0.0,0.0,0.0,0.0,0.0,1.0,0.0,0.0,0.0,1.0,0.0,0.0,0.0,1.0,1.0,0.0,0.0,0.0,0.0,0.0,0.0,0.0,0.0,0.0,0.0,0.0,1.0,0.92,0.84,0.8,0.76,0.8,0.84,0.8,0.76,0.72,0.76,0.8,0.76,0.72,0.6799999999999999,0.72,0.76,0.72,0.6799999999999999,0.64,0.6799999999999999,0.72,0.6799999999999999,0.64,0.6,0.64,0.6799999999999999,0.64,0.6,0.56,0.6,0.64,0.6,0.56,0.52,0.56,1.0,0.92,0.84,0.8,0.76,0.8,0.84,0.8,0.76,0.72,0.76,0.8,0.76,0.72,0.6799999999999999,0.72,0.76,0.72,0.6799999999999999,0.64,0.6799999999999999,0.72,0.6799999999999999,0.64,0.6,0.64,0.6799999999999999,0.64,0.6,0.56,0.6,0.64,0.6,0.56,0.52,0.56
62,0.0,0.0,0.0,0.0,0.0,0.0,0.0,1.0,0.0,0.0,1.0,0.0,0.0,0.0,0.0,1.0,0.0,0.0,0.0,0.0,1.0,0.0,0.0,0.0,0.0,1.0,1.0,0.0,0.0,0.0,0.0,0.0,0.0,1.0,0.0,1.0,0.0,0.0,1.0,0.0,0.0,0.0,0.0,0.0,0.0,1.0,1.0,0.0,0.0,0.0,1.0,1.0,1.0,0.0,1.0,0.0,1.0,0.0,1.0,0.0,0.0,0.0,0.0,0.0,1.0,0.0,1.0,0.0,0.0,0.0,0.0,0.0,0.0,1.0,1.0,0.0,0.0,0.0,0.0,0.0,1.0,0.0,0.0,0.0,0.0,0.0,0.0,0.0,0.0,0.0,0.0,1.0,1.0,1.0,0.0,0.0,0.0,0.0,0.0,0.0,1.0,0.0,0.0,0.0,0.64,0.76,0.72,0.6799999999999999,0.8,0.76,0.76,0.6799999999999999,0.6,0.8,0.72,0.76,0.6,0.56,0.8,0.76,0.6799999999999999,0.56,0.52,1.0,0.56,0.6,0.52,0.52,0.6799999999999999,0.56,0.56,0.52,0.48,0.56,0.52,0.52,0.48,0.48,0.56,0.52,0.64,0.76,0.72,0.6799999999999999,0.8,0.76,0.76,0.6799999999999999,0.6,0.8,0.72,0.76,0.6,0.56,0.8,0.76,0.6799999999999999,0.56,0.52,1.0,0.56,0.6,0.52,0.52,0.6799999999999999,0.56,0.56,0.52,0.48,0.56,0.52,0.52,0.48,0.48,0.56,0.52
63,0.0,0.0,1.0,1.0,0.0,0.0,0.0,1.0,1.0,1.0,0.0,0.0,0.0,0.0,0.0,0.0,1.0,0.0,0.0,0.0,0.0,0.0,0.0,0.0,0.0,0.0,1.0,0.0,0.0,0.0,1.0,0.0,0.0,1.0,1.0,0.0,0.0,0.0,0.0,0.0,1.0,0.0,0.0,0.0,1.0,1.0,0.0,0.0,0.0,0.0,0.0,0.0,0.0,1.0,0.0,0.0,0.0,1.0,0.0,0.0,0.0,0.0,1.0,0.0,0.0,1.0,0.0,0.0,0.0,0.0,0.0,1.0,0.0,1.0,1.0,1.0,0.0,0.0,0.0,0.0,1.0,0.0,0.0,0.0,0.0,0.0,0.0,1.0,0.0,1.0,0.0,1.0,0.0,0.0,0.0,0.0,0.0,0.0,0.0,0.0,0.0,0.0,0.0,1.0,1.0,0.96,0.8,0.84,0.76,0.76,0.88,0.76,0.8,0.72,0.72,0.8,0.72,0.76,0.6799999999999999,0.6799999999999999,0.76,0.6799999999999999,0.6799999999999999,0.64,0.64,0.72,0.64,0.64,0.6,0.6,0.6799999999999999,0.6,0.6,0.56,0.56,0.64,0.56,0.6,0.52,0.52,1.0,0.96,0.8,0.84,0.76,0.76,0.88,0.76,0.8,0.72,0.72,0.8,0.72,0.76,0.6799999999999999,0.6799999999999999,0.76,0.6799999999999999,0.6799999999999999,0.64,0.64,0.72,0.64,0.64,0.6,0.6,0.6799999999999999,0.6,0.6,0.56,0.56,0.64,0.56,0.6,0.52,0.52
64,0.0,0.0,1.0,1.0,0.0,0.0,0.0,0.0,0.0,0.0,0.0,0.0,0.0,0.0,0.0,0.0,0.0,0.0,1.0,0.0,0.0,0.0,0.0,0.0,0.0,0.0,0.0,0.0,0.0,1.0,1.0,0.0,0.0,0.0,0.0,0.0,1.0,0.0,1.0,1.0,0.0,0.0,1.0,1.0,1.0,1.0,0.0,0.0,0.0,0.0,1.0,0.0,0.0,0.0,0.0,0.0,1.0,1.0,0.0,0.0,1.0,0.0,0.0,0.0,1.0,1.0,0.0,1.0,0.0,0.0,0.0,0.0,0.0,1.0,0.0,0.0,0.0,1.0,1.0,0.0,0.0,0.0,0.0,1.0,0.0,0.0,1.0,0.0,0.0,0.0,0.0,0.0,0.0,0.0,0.0,0.0,0.0,0.0,1.0,0.0,0.0,0.0,0.0,1.0,0.72,0.76,0.6799999999999999,0.84,0.88,0.84,0.6799999999999999,0.64,0.84,0.88,0.8,0.64,0.6,0.84,0.88,0.76,0.6,0.56,0.76,1.0,0.64,0.56,0.52,0.64,0.6799999999999999,0.6,0.56,0.52,0.6,0.64,0.56,0.52,0.48,0.56,0.6,0.56,0.72,0.76,0.6799999999999999,0.84,0.88,0.84,0.6799999999999999,0.64,0.84,0.88,0.8,0.64,0.6,0.84,0.88,0.76,0.6,0.56,0.76,1.0,0.64,0.56,0.52,0.64,0.6799999999999999,0.6,0.56,0.52,0.6,0.64,0.56,0.52,0.48,0.56,0.6,0.56
65,0.0,0.0,0.0,1.0,0.0,0.0,0.0,0.0,0.0,0.0,0.0,1.0,0.0,1.0,0.0,1.0,1.0,0.0,1.0,1.0,0.0,1.0,1.0,0.0,0.0,0.0,1.0,0.0,0.0,0.0,1.0,1.0,0.0,0.0,0.0,0.0,0.0,0.0,1.0,0.0,0.0,0.0,0.0,0.0,0.0,0.0,0.0,0.0,0.0,0.0,0.0,0.0,1.0,0.0,1.0,0.0,0.0,0.0,0.0,0.0,0.0,0.0,0.0,0.0,1.0,0.0,0.0,0.0,0.0,0.0,0.0,0.0,0.0,0.0,0.0,0.0,1.0,0.0,0.0,1.0,0.0,0.0,0.0,0.0,1.0,0.0,0.0,0.0,1.0,0.0,0.0,0.0,0.0,1.0,1.0,0.0,1.0,0.0,0.0,1.0,1.0,1.0,0.0,0.0,0.84,0.76,1.0,0.88,0.88,0.76,0.6799999999999999,1.0,0.84,0.76,0.6799999999999999,0.64,0.88,0.76,0.72,0.64,0.6,0.8,0.6799999999999999,0.6799999999999999,0.6,0.6,0.72,0.64,0.64,0.6,0.56,0.6799999999999999,0.6,0.6,0.56,0.52,0.64,0.6,0.56,0.52,0.84,0.76,1.0,0.88,0.88,0.76,0.6799999999999999,1.0,0.84,0.76,0.6799999999999999,0.64,0.88,0.76,0.72,0.64,0.6,0.8,0.6799999999999999,0.6799999999999999,0.6,0.6,0.72,0.64,0.64,0.6,0.56,0.6799999999999999,0.6,0.6,0.56,0.52,0.64,0.6,0.56,0.52
66,0.0,0.0,0.0,0.0,0.0,1.0,0.0,0.0,0.0,0.0,0.0,1.0,0.0,0.0,0.0,0.0,0.0,0.0,0.0,1.0,1.0,1.0,1.0,1.0,0.0,0.0,0.0,0.0,0.0,0.0,1.0,1.0,1.0,0.0,0.0,0.0,0.0,0.0,0.0,0.0,0.0,0.0,0.0,1.0,0.0,0.0,0.0,0.0,1.0,0.0,0.0,1.0,1.0,0.0,0.0,0.0,0.0,0.0,0.0,0.0,0.0,1.0,1.0,0.0,0.0,0.0,0.0,0.0,0.0,1.0,1.0,0.0,0.0,0.0,0.0,0.0,0.0,0.0,0.0,0.0,0.0,1.0,0.0,0.0,0.0,1.0,1.0,0.0,0.0,0.0,0.0,0.0,1.0,1.0,1.0,0.0,1.0,0.0,0.0,0.0,0.0,1.0,0.0,0.0,1.0,0.76,0.84,0.76,0.88,0.84,0.6799999999999999,0.8,0.6799999999999999,0.8,0.8,0.64,0.76,0.64,0.76,0.76,0.6,0.6799999999999999,0.6,0.72,0.6799999999999999,0.6,0.64,0.6,0.6799999999999999,0.64,0.56,0.6,0.56,0.64,0.6,0.52,0.6,0.52,0.6,0.6,1.0,0.76,0.84,0.76,0.88,0.84,0.6799999999999999,0.8,0.6799999999999999,0.8,0.8,0.64,0.76,0.64,0.76,0.76,0.6,0.6799999999999999,0.6,0.72,0.6799999999999999,0.6,0.64,0.6,0.6799999999999999,0.64,0.56,0.6,0.56,0.64,0.6,0.52,0.6,0.52,0.6,0.6
67,0.0,1.0,0.0,0.0,1.0,0.0,0.0,0.0,1.0,0.0,0.0,0.0,0.0,0.0,1.0,0.0,0.0,0.0,0.0,0.0,0.0,0.0,1.0,0.0,0.0,0.0,0.0,0.0,0.0,0.0,0.0,0.0,0.0,1.0,0.0,1.0,0.0,0.0,0.0,0.0,1.0,1.0,1.0,0.0,0.0,0.0,1.0,0.0,1.0,0.0,1.0,0.0,0.0,0.0,0.0,0.0,0.0,1.0,1.0,0.0,0.0,0.0,1.0,1.0,0.0,0.0,0.0,1.0,0.0,0.0,0.0,0.0,1.0,1.0,0.0,1.0,0.0,0.0,0.0,0.0,1.0,1.0,0.0,0.0,0.0,0.0,0.0,0.0,0.0,0.0,0.0,0.0,0.0,0.0,0.0,0.0,1.0,0.0,0.0,0.0,0.0,1.0,0.0,1.0,0.88,0.8,0.76,0.64,1.0,0.76,0.76,0.72,0.6,0.88,0.72,0.72,0.6799999999999999,0.6,0.8,0.6799999999999999,0.6799999999999999,0.64,0.56,0.76,0.64,0.64,0.6,0.52,0.72,0.6,0.6,0.56,0.52,0.6799999999999999,0.56,0.56,0.52,0.48,0.64,0.52,0.88,0.8,0.76,0.64,1.0,0.76,0.76,0.72,0.6,0.88,0.72,0.72,0.6799999999999999,0.6,0.8,0.6799999999999999,0.6799999999999999,0.64,0.56,0.76,0.64,0.64,0.6,0.52,0.72,0.6,0.6,0.56,0.52,0.6799999999999999,0.56,0.56,0.52,0.48,0.64,0.52
68,0.0,0.0,0.0,0.0,0.0,1.0,0.0,0.0,0.0,0.0,1.0,0.0,1.0,0.0,1.0,1.0,0.0,0.0,1.0,0.0,0.0,0.0,0.0,0.0,0.0,0.0,1.0,0.0,1.0,0.0,0.0,0.0,0.0,0.0,0.0,0.0,0.0,0.0,1.0,1.0,0.0,0.0,0.0,1.0,1.0,0.0,1.0,0.0,0.0,0.0,0.0,0.0,0.0,0.0,0.0,1.0,1.0,0.0,1.0,0.0,0.0,0.0,0.0,0.0,0.0,0.0,0.0,0.0,0.0,0.0,0.0,0.0,0.0,0.0,1.0,0.0,0.0,1.0,0.0,0.0,0.0,1.0,0.0,0.0,0.0,1.0,1.0,0.0,1.0,1.0,0.0,0.0,0.0,1.0,1.0,0.0,0.0,1.0,0.0,0.0,0.0,0.0,0.0,0.0,0.84,0.76,0.6799999999999999,0.96,0.84,1.0,0.72,0.64,0.88,0.76,0.88,0.6799999999999999,0.6,0.76,0.72,0.76,0.64,0.6,0.72,0.6799999999999999,0.72,0.6,0.56,0.6799999999999999,0.64,0.6799999999999999,0.56,0.52,0.64,0.6,0.64,0.52,0.52,0.6,0.56,0.6,0.84,0.76,0.6799999999999999,0.96,0.84,1.0,0.72,0.64,0.88,0.76,0.88,0.6799999999999999,0.6,0.76,0.72,0.76,0.64,0.6,0.72,0.6799999999999999,0.72,0.6,0.56,0.6799999999999999,0.64,0.6799999999999999,0.56,0.52,0.64,0.6,0.64,0.52,0.52,0.6,0.56,0.6
69,0.0,1.0,0.0,0.0,0.0,0.0,1.0,0.0,0.0,0.0,1.0,0.0,0.0,0.0,1.0,1.0,0.0,1.0,0.0,1.0,0.0,0.0,1.0,0.0,0.0,0.0,0.0,0.0,0.0,0.0,0.0,0.0,0.0,1.0,0.0,0.0,1.0,1.0,0.0,0.0,0.0,0.0,0.0,0.0,0.0,0.0,1.0,0.0,1.0,0.0,0.0,0.0,0.0,0.0,0.0,1.0,0.0,0.0,0.0,1.0,0.0,0.0,0.0,0.0,1.0,0.0,0.0,0.0,1.0,0.0,1.0,0.0,0.0,1.0,0.0,0.0,0.0,1.0,0.0,0.0,0.0,0.0,1.0,0.0,0.0,0.0,1.0,1.0,0.0,0.0,0.0,0.0,1.0,0.0,0.0,1.0,0.0,0.0,0.0,0.0,0.0,0.0,1.0,0.0,0.84,0.8,1.0,0.8,0.76,0.84,0.76,1.0,0.76,0.72,0.76,0.6799999999999999,0.88,0.72,0.6799999999999999,0.72,0.64,0.76,0.6799999999999999,0.64,0.6799999999999999,0.6,0.72,0.64,0.6,0.64,0.6,0.6799999999999999,0.6,0.56,0.6,0.56,0.64,0.56,0.52,0.56,0.84,0.8,1.0,0.8,0.76,0.84,0.76,1.0,0.76,0.72,0.76,0.6799999999999999,0.88,0.72,0.6799999999999999,0.72,0.64,0.76,0.6799999999999999,0.64,0.6799999999999999,0.6,0.72,0.64,0.6,0.64,0.6,0.6799999999999999,0.6,0.56,0.6,0.56,0.64,0.56,0.52,0.56
70,0.0,0.0,0.0,0.0,0.0,1.0,0.0,0.0,0.0,0.0,0.0,0.0,0.0,1.0,0.0,0.0,1.0,0.0,0.0,0.0,0.0,1.0,0.0,1.0,1.0,1.0,0.0,0.0,0.0,1.0,1.0,0.0,0.0,1.0,0.0,0.0,1.0,1.0,0.0,0.0,0.0,0.0,0.0,0.0,0.0,1.0,0.0,0.0,0.0,0.0,0.0,0.0,0.0,0.0,0.0,1.0,0.0,0.0,0.0,0.0,0.0,1.0,0.0,0.0,1.0,0.0,0.0,1.0,0.0,0.0,0.0,1.0,1.0,0.0,0.0,0.0,0.0,0.0,0.0,0.0,0.0,0.0,0.0,0.0,1.0,0.0,1.0,1.0,0.0,0.0,0.0,0.0,0.0,1.0,1.0,0.0,1.0,0.0,1.0,0.0,0.0,0.0,0.0,0.0,0.6,0.48,0.72,0.76,0.52,0.6799999999999999,0.48,0.72,0.76,0.48,0.56,0.48,0.72,0.76,0.48,0.52,0.43999999999999995,0.72,0.88,0.48,0.52,0.43999999999999995,1.0,0.8,0.43999999999999995,0.48,0.43999999999999995,0.56,0.56,0.43999999999999995,0.48,0.4,0.52,0.52,0.43999999999999995,0.48,0.6,0.48,0.72,0.76,0.52,0.6799999999999999,0.48,0.72,0.76,0.48,0.56,0.48,0.72,0.76,0.48,0.52,0.43999999999999995,0.72,0.88,0.48,0.52,0.43999999999999995,1.0,0.8,0.43999999999999995,0.48,0.43999999999999995,0.56,0.56,0.43999999999999995,0.48,0.4,0.52,0.52,0.43999999999999995,0.48
71,0.0,0.0,0.0,0.0,0.0,1.0,0.0,0.0,0.0,0.0,0.0,1.0,0.0,0.0,0.0,0.0,1.0,0.0,0.0,0.0,0.0,0.0,0.0,1.0,0.0,0.0,0.0,0.0,1.0,1.0,0.0,0.0,0.0,1.0,1.0,0.0,0.0,0.0,0.0,1.0,0.0,0.0,1.0,0.0,0.0,0.0,0.0,0.0,1.0,1.0,1.0,0.0,0.0,0.0,1.0,0.0,0.0,0.0,0.0,0.0,1.0,0.0,0.0,0.0,1.0,0.0,1.0,0.0,0.0,0.0,1.0,0.0,0.0,0.0,1.0,0.0,0.0,0.0,0.0,1.0,0.0,0.0,0.0,1.0,0.0,0.0,0.0,0.0,1.0,0.0,0.0,0.0,1.0,0.0,0.0,1.0,0.0,1.0,0.0,0.0,0.0,0.0,0.0,1.0,0.84,0.6799999999999999,0.72,0.96,1.0,0.92,0.64,0.6799999999999999,0.88,1.0,0.8,0.6,0.64,0.8,0.84,0.76,0.6,0.6,0.72,0.76,0.6799999999999999,0.56,0.56,0.6799999999999999,0.72,0.64,0.52,0.52,0.64,0.6799999999999999,0.6,0.52,0.52,0.6,0.64,0.6,0.84,0.6799999999999999,0.72,0.96,1.0,0.92,0.64,0.6799999999999999,0.88,1.0,0.8,0.6,0.64,0.8,0.84,0.76,0.6,0.6,0.72,0.76,0.6799999999999999,0.56,0.56,0.6799999999999999,0.72,0.64,0.52,0.52,0.64,0.6799999999999999,0.6,0.52,0.52,0.6,0.64,0.6
72,0.0,0.0,0.0,0.0,0.0,0.0,0.0,1.0,0.0,0.0,0.0,1.0,0.0,0.0,0.0,0.0,0.0,1.0,1.0,1.0,1.0,1.0,1.0,0.0,1.0,0.0,1.0,0.0,0.0,0.0,0.0,0.0,0.0,0.0,0.0,0.0,1.0,0.0,0.0,0.0,0.0,0.0,1.0,0.0,0.0,0.0,0.0,0.0,0.0,0.0,0.0,1.0,0.0,1.0,1.0,1.0,1.0,0.0,0.0,0.0,0.0,0.0,1.0,0.0,0.0,0.0,0.0,0.0,1.0,0.0,0.0,0.0,0.0,0.0,0.0,0.0,0.0,1.0,0.0,0.0,0.0,0.0,0.0,1.0,0.0,0.0,1.0,0.0,0.0,0.0,0.0,0.0,0.0,1.0,0.0,0.0,1.0,0.0,0.0,1.0,1.0,0.0,0.0,0.0,0.84,0.88,1.0,0.72,0.76,0.84,0.8,1.0,0.6799999999999999,0.72,0.8,0.76,1.0,0.64,0.6799999999999999,0.72,0.72,0.8,0.6,0.64,0.6799999999999999,0.6799999999999999,0.76,0.56,0.6,0.64,0.64,0.72,0.52,0.56,0.6,0.6,0.6799999999999999,0.52,0.52,0.56,0.84,0.88,1.0,0.72,0.76,0.84,0.8,1.0,0.6799999999999999,0.72,0.8,0.76,1.0,0.64,0.6799999999999999,0.72,0.72,0.8,0.6,0.64,0.6799999999999999,0.6799999999999999,0.76,0.56,0.6,0.64,0.64,0.72,0.52,0.56,0.6,0.6,0.6799999999999999,0.52,0.52,0.56
73,0.0,0.0,0.0,1.0,1.0,0.0,0.0,1.0,0.0,0.0,1.0,0.0,1.0,0.0,0.0,0.0,0.0,1.0,0.0,0.0,1.0,0.0,0.0,0.0,1.0,0.0,0.0,0.0,0.0,0.0,0.0,0.0,0.0,1.0,0.0,0.0,0.0,0.0,1.0,0.0,0.0,1.0,0.0,0.0,0.0,0.0,0.0,0.0,0.0,1.0,1.0,0.0,1.0,0.0,0.0,0.0,0.0,0.0,1.0,0.0,1.0,0.0,0.0,1.0,0.0,0.0,0.0,0.0,1.0,0.0,1.0,0.0,0.0,0.0,1.0,0.0,0.0,0.0,0.0,1.0,0.0,1.0,0.0,1.0,0.0,0.0,0.0,0.0,0.0,1.0,0.0,0.0,0.0,0.0,1.0,0.0,0.0,0.0,0.0,0.0,0.0,0.0,0.0,1.0,0.48,0.52,0.48,0.52,0.48,0.52,0.52,0.48,0.52,0.48,0.52,0.52,0.48,0.48,0.48,0.6799999999999999,0.52,0.43999999999999995,0.48,0.43999999999999995,0.6799999999999999,0.6799999999999999,0.43999999999999995,0.43999999999999995,0.43999999999999995,0.6799999999999999,1.0,0.43999999999999995,0.43999999999999995,0.4,0.43999999999999995,0.43999999999999995,0.4,0.4,0.4,0.43999999999999995,0.48,0.52,0.48,0.52,0.48,0.52,0.52,0.48,0.52,0.48,0.52,0.52,0.48,0.48,0.48,0.6799999999999999,0.52,0.43999999999999995,0.48,0.43999999999999995,0.6799999999999999,0.6799999999999999,0.43999999999999995,0.43999999999999995,0.43999999999999995,0.6799999999999999,1.0,0.43999999999999995,0.43999999999999995,0.4,0.43999999999999995,0.43999999999999995,0.4,0.4,0.4,0.43999999999999995
74,0.0,1.0,0.0,0.0,0.0,1.0,1.0,0.0,0.0,0.0,1.0,0.0,0.0,0.0,1.0,1.0,1.0,1.0,0.0,0.0,0.0,0.0,0.0,0.0,1.0,0.0,0.0,0.0,0.0,0.0,1.0,1.0,0.0,0.0,0.0,0.0,0.0,0.0,0.0,0.0,0.0,0.0,0.0,0.0,0.0,0.0,0.0,1.0,0.0,1.0,0.0,0.0,0.0,0.0,0.0,0.0,0.0,0.0,0.0,0.0,1.0,1.0,0.0,1.0,0.0,0.0,0.0,0.0,0.0,0.0,0.0,0.0,1.0,0.0,0.0,0.0,0.0,1.0,1.0,0.0,0.0,0.0,0.0,0.0,0.0,0.0,0.0,0.0,0.0,1.0,1.0,1.0,0.0,1.0,0.0,0.0,0.0,0.0,1.0,0.0,1.0,0.0,1.0,0.0,0.64,0.76,0.72,0.6799999999999999,0.8,0.76,0.76,0.72,0.64,0.8,0.76,0.72,0.6799999999999999,0.56,0.76,0.84,0.72,0.6,0.56,1.0,0.76,0.84,0.56,0.52,0.76,0.56,0.6,0.52,0.52,0.56,0.56,0.56,0.52,0.48,0.56,0.52,0.64,0.76,0.72,0.6799999999999999,0.8,0.76,0.76,0.72,0.64,0.8,0.76,0.72,0.6799999999999999,0.56,0.76,0.84,0.72,0.6,0.56,1.0,0.76,0.84,0.56,0.52,0.76,0.56,0.6,0.52,0.52,0.56,0.56,0.56,0.52,0.48,0.56,0.52
75,0.0,0.0,1.0,0.0,1.0,0.0,0.0,0.0,0.0,1.0,1.0,0.0,0.0,1.0,0.0,1.0,0.0,0.0,0.0,0.0,0.0,0.0,0.0,0.0,0.0,0.0,0.0,0.0,1.0,0.0,0.0,0.0,0.0,1.0,0.0,1.0,0.0,0.0,0.0,0.0,0.0,0.0,1.0,0.0,0.0,0.0,1.0,1.0,0.0,1.0,0.0,0.0,0.0,1.0,0.0,0.0,0.0,0.0,1.0,1.0,0.0,0.0,0.0,0.0,0.0,0.0,0.0,0.0,1.0,0.0,1.0,1.0,1.0,0.0,0.0,1.0,0.0,0.0,0.0,0.0,0.0,1.0,0.0,1.0,0.0,0.0,0.0,0.0,0.0,0.0,1.0,0.0,0.0,0.0,0.0,0.0,0.0,0.0,0.0,0.0,0.0,0.0,1.0,1.0,1.0,0.96,0.88,0.84,0.88,0.92,0.88,0.84,0.8,0.84,0.84,0.84,0.8,0.76,0.8,0.8,0.76,0.76,0.72,0.76,0.76,0.72,0.72,0.6799999999999999,0.6799999999999999,0.72,0.6799999999999999,0.6799999999999999,0.64,0.64,0.6799999999999999,0.64,0.64,0.6,0.6,0.64,1.0,0.96,0.88,0.84,0.88,0.92,0.88,0.84,0.8,0.84,0.84,0.84,0.8,0.76,0.8,0.8,0.76,0.76,0.72,0.76,0.76,0.72,0.72,0.6799999999999999,0.6799999999999999,0.72,0.6799999999999999,0.6799999999999999,0.64,0.64,0.6799999999999999,0.64,0.64,0.6,0.6,0.64
76,1.0,0.0,0.0,1.0,1.0,0.0,0.0,0.0,0.0,1.0,0.0,0.0,0.0,0.0,0.0,1.0,0.0,0.0,1.0,0.0,0.0,0.0,0.0,1.0,0.0,0.0,1.0,1.0,1.0,0.0,0.0,0.0,0.0,0.0,0.0,0.0,0.0,0.0,0.0,0.0,0.0,0.0,0.0,0.0,1.0,1.0,0.0,1.0,0.0,0.0,0.0,0.0,0.0,0.0,0.0,0.0,0.0,0.0,0.0,0.0,1.0,0.0,1.0,1.0,0.0,1.0,0.0,0.0,1.0,0.0,0.0,1.0,0.0,0.0,0.0,0.0,0.0,1.0,0.0,0.0,0.0,0.0,0.0,0.0,0.0,1.0,0.0,0.0,0.0,1.0,0.0,1.0,0.0,0.0,0.0,1.0,0.0,0.0,1.0,0.0,0.0,0.0,1.0,0.0,1.0,0.92,0.88,0.8,0.88,0.84,0.84,0.84,0.76,0.84,0.8,0.8,0.76,0.72,0.8,0.76,0.76,0.72,0.6799999999999999,0.76,0.72,0.72,0.6799999999999999,0.64,0.6799999999999999,0.6799999999999999,0.6799999999999999,0.64,0.6,0.64,0.64,0.64,0.6,0.56,0.6,0.6,1.0,0.92,0.88,0.8,0.88,0.84,0.84,0.84,0.76,0.84,0.8,0.8,0.76,0.72,0.8,0.76,0.76,0.72,0.6799999999999999,0.76,0.72,0.72,0.6799999999999999,0.64,0.6799999999999999,0.6799999999999999,0.6799999999999999,0.64,0.6,0.64,0.64,0.64,0.6,0.56,0.6,0.6
77,0.0,0.0,0.0,0.0,0.0,0.0,1.0,0.0,0.0,0.0,0.0,0.0,0.0,0.0,1.0,0.0,0.0,1.0,0.0,0.0,1.0,1.0,0.0,1.0,0.0,0.0,0.0,0.0,0.0,1.0,1.0,1.0,0.0,1.0,0.0,0.0,0.0,0.0,0.0,0.0,0.0,0.0,1.0,0.0,0.0,0.0,0.0,0.0,0.0,1.0,0.0,1.0,0.0,1.0,0.0,0.0,1.0,0.0,0.0,0.0,0.0,0.0,0.0,0.0,0.0,0.0,0.0,1.0,1.0,0.0,0.0,0.0,0.0,0.0,0.0,0.0,0.0,1.0,1.0,0.0,1.0,0.0,0.0,0.0,0.0,0.0,0.0,0.0,0.0,1.0,1.0,1.0,0.0,0.0,0.0,0.0,0.0,1.0,1.0,1.0,0.0,0.0,0.0,0.0,0.8,0.6799999999999999,0.92,1.0,0.88,0.84,0.64,0.92,1.0,0.84,0.76,0.6,0.92,1.0,0.72,0.6799999999999999,0.56,0.76,0.96,0.6799999999999999,0.64,0.56,0.72,0.8,0.64,0.6,0.52,0.6799999999999999,0.6799999999999999,0.6,0.56,0.52,0.64,0.64,0.56,0.56,0.8,0.6799999999999999,0.92,1.0,0.88,0.84,0.64,0.92,1.0,0.84,0.76,0.6,0.92,1.0,0.72,0.6799999999999999,0.56,0.76,0.96,0.6799999999999999,0.64,0.56,0.72,0.8,0.64,0.6,0.52,0.6799999999999999,0.6799999999999999,0.6,0.56,0.52,0.64,0.64,0.56,0.56
78,0.0,0.0,0.0,0.0,0.0,0.0,0.0,0.0,0.0,0.0,1.0,0.0,0.0,0.0,1.0,0.0,0.0,0.0,1.0,1.0,0.0,1.0,0.0,1.0,0.0,0.0,0.0,0.0,0.0,1.0,1.0,0.0,0.0,0.0,0.0,0.0,0.0,0.0,0.0,1.0,0.0,0.0,0.0,0.0,0.0,0.0,1.0,1.0,1.0,0.0,1.0,0.0,0.0,0.0,0.0,1.0,0.0,1.0,1.0,0.0,0.0,0.0,0.0,0.0,0.0,0.0,0.0,0.0,0.0,0.0,0.0,0.0,0.0,0.0,0.0,0.0,0.0,0.0,1.0,1.0,0.0,0.0,0.0,0.0,0.0,0.0,1.0,1.0,0.0,0.0,1.0,0.0,0.0,1.0,1.0,1.0,1.0,0.0,0.0,0.0,0.0,1.0,0.0,0.0,0.8,0.6,0.64,0.76,1.0,0.6,0.56,0.6,0.72,1.0,0.56,0.52,0.56,0.6799999999999999,0.92,0.52,0.52,0.56,0.64,0.96,0.52,0.48,0.52,0.6,0.72,0.48,0.48,0.52,0.56,0.6799999999999999,0.48,0.48,0.48,0.52,0.64,0.48,0.8,0.6,0.64,0.76,1.0,0.6,0.56,0.6,0.72,1.0,0.56,0.52,0.56,0.6799999999999999,0.92,0.52,0.52,0.56,0.64,0.96,0.52,0.48,0.52,0.6,0.72,0.48,0.48,0.52,0.56,0.6799999999999999,0.48,0.48,0.48,0.52,0.64,0.48
79,0.0,0.0,0.0,0.0,0.0,0.0,0.0,1.0,0.0,1.0,0.0,0.0,0.0,0.0,0.0,1.0,0.0,0.0,1.0,0.0,1.0,0.0,0.0,1.0,0.0,0.0,1.0,1.0,0.0,0.0,1.0,0.0,1.0,0.0,0.0,1.0,0.0,1.0,0.0,0.0,0.0,0.0,0.0,0.0,0.0,0.0,0.0,0.0,0.0,1.0,0.0,0.0,0.0,1.0,1.0,1.0,0.0,1.0,0.0,0.0,0.0,0.0,0.0,0.0,1.0,1.0,0.0,0.0,1.0,0.0,0.0,1.0,0.0,0.0,0.0,0.0,0.0,0.0,0.0,0.0,0.0,1.0,0.0,0.0,0.0,0.0,1.0,0.0,0.0,0.0,1.0,0.0,0.0,0.0,0.0,1.0,0.0,0.0,0.0,0.0,0.0,0.0,0.0,1.0,0.8,0.88,0.88,1.0,0.6799999999999999,0.96,0.84,0.76,1.0,0.64,0.96,0.76,0.72,1.0,0.6,0.76,0.6799999999999999,0.6799999999999999,0.76,0.56,0.72,0.64,0.64,0.72,0.52,0.6799999999999999,0.6,0.6,0.6799999999999999,0.52,0.64,0.6,0.56,0.64,0.48,0.6,0.8,0.88,0.88,1.0,0.6799999999999999,0.96,0.84,0.76,1.0,0.64,0.96,0.76,0.72,1.0,0.6,0.76,0.6799999999999999,0.6799999999999999,0.76,0.56,0.72,0.64,0.64,0.72,0.52,0.6799999999999999,0.6,0.6,0.6799999999999999,0.52,0.64,0.6,0.56,0.64,0.48,0.6
80,1.0,0.0,0.0,0.0,1.0,0.0,0.0,1.0,0.0,0.0,0.0,1.0,0.0,0.0,0.0,0.0,0.0,0.0,0.0,1.0,1.0,0.0,0.0,1.0,1.0,0.0,0.0,0.0,0.0,0.0,0.0,0.0,0.0,1.0,1.0,0.0,0.0,0.0,1.0,0.0,0.0,0.0,0.0,0.0,0.0,0.0,0.0,0.0,1.0,0.0,1.0,0.0,0.0,1.0,0.0,0.0,0.0,1.0,1.0,0.0,0.0,0.0,0.0,0.0,1.0,1.0,0.0,0.0,0.0,0.0,0.0,0.0,0.0,1.0,0.0,0.0,0.0,0.0,0.0,1.0,0.0,0.0,1.0,0.0,0.0,0.0,0.0,0.0,0.0,1.0,0.0,0.0,0.0,0.0,0.0,1.0,0.0,1.0,1.0,0.0,0.0,1.0,0.0,0.0,0.56,0.6799999999999999,0.6799999999999999,0.6799999999999999,0.6799999999999999,0.72,0.6799999999999999,0.6799999999999999,0.64,0.6799999999999999,0.72,0.6799999999999999,0.64,0.6,0.64,1.0,0.64,0.6,0.52,0.56,0.88,0.56,0.52,0.52,0.52,0.56,0.52,0.52,0.48,0.52,0.52,0.52,0.48,0.48,0.48,0.52,0.56,0.6799999999999999,0.6799999999999999,0.6799999999999999,0.6799999999999999,0.72,0.6799999999999999,0.6799999999999999,0.64,0.6799999999999999,0.72,0.6799999999999999,0.64,0.6,0.64,1.0,0.64,0.6,0.52,0.56,0.88,0.56,0.52,0.52,0.52,0.56,0.52,0.52,0.48,0.52,0.52,0.52,0.48,0.48,0.48,0.52
81,0.0,0.0,1.0,0.0,1.0,0.0,0.0,1.0,0.0,1.0,1.0,0.0,0.0,0.0,0.0,0.0,0.0,1.0,1.0,0.0,0.0,0.0,0.0,1.0,1.0,0.0,0.0,0.0,0.0,0.0,1.0,0.0,0.0,1.0,0.0,0.0,0.0,0.0,0.0,0.0,0.0,0.0,0.0,0.0,1.0,0.0,1.0,0.0,0.0,0.0,0.0,0.0,1.0,0.0,0.0,0.0,0.0,1.0,0.0,0.0,0.0,0.0,0.0,0.0,0.0,1.0,1.0,0.0,1.0,0.0,0.0,0.0,0.0,0.0,0.0,0.0,0.0,0.0,0.0,0.0,1.0,0.0,0.0,0.0,1.0,0.0,1.0,0.0,1.0,1.0,1.0,0.0,0.0,1.0,0.0,0.0,0.0,0.0,0.0,0.0,0.0,0.0,1.0,0.0,0.96,0.88,0.88,1.0,0.72,0.96,0.84,0.84,0.88,0.6799999999999999,0.84,0.76,0.76,0.8,0.64,0.76,0.72,0.72,0.76,0.6,0.72,0.6799999999999999,0.6799999999999999,0.72,0.56,0.6799999999999999,0.64,0.64,0.6799999999999999,0.52,0.64,0.6,0.6,0.64,0.52,0.6,0.96,0.88,0.88,1.0,0.72,0.96,0.84,0.84,0.88,0.6799999999999999,0.84,0.76,0.76,0.8,0.64,0.76,0.72,0.72,0.76,0.6,0.72,0.6799999999999999,0.6799999999999999,0.72,0.56,0.6799999999999999,0.64,0.64,0.6799999999999999,0.52,0.64,0.6,0.6,0.64,0.52,0.6
82,0.0,0.0,0.0,0.0,1.0,0.0,0.0,0.0,1.0,0.0,0.0,0.0,0.0,0.0,1.0,0.0,0.0,1.0,0.0,0.0,0.0,1.0,0.0,1.0,0.0,0.0,0.0,1.0,0.0,1.0,1.0,1.0,1.0,0.0,0.0,0.0,0.0,0.0,0.0,0.0,0.0,0.0,1.0,0.0,1.0,0.0,0.0,0.0,0.0,0.0,0.0,0.0,0.0,1.0,1.0,0.0,0.0,0.0,0.0,0.0,0.0,0.0,0.0,1.0,0.0,0.0,0.0,0.0,1.0,0.0,0.0,1.0,1.0,0.0,0.0,0.0,0.0,0.0,1.0,0.0,0.0,0.0,0.0,0.0,0.0,1.0,1.0,1.0,0.0,0.0,0.0,0.0,0.0,1.0,0.0,0.0,0.0,0.0,0.0,0.0,0.0,1.0,1.0,0.0,1.0,0.72,0.76,0.88,0.72,0.76,0.6799999999999999,0.72,0.84,0.6799999999999999,0.72,0.64,0.6799999999999999,0.76,0.64,0.6799999999999999,0.6,0.64,0.72,0.6,0.64,0.56,0.6,0.6799999999999999,0.56,0.6,0.52,0.56,0.64,0.56,0.56,0.52,0.56,0.6,0.52,0.52,1.0,0.72,0.76,0.88,0.72,0.76,0.6799999999999999,0.72,0.84,0.6799999999999999,0.72,0.64,0.6799999999999999,0.76,0.64,0.6799999999999999,0.6,0.64,0.72,0.6,0.64,0.56,0.6,0.6799999999999999,0.56,0.6,0.52,0.56,0.64,0.56,0.56,0.52,0.56,0.6,0.52,0.52
83,0.0,0.0,0.0,0.0,0.0,1.0,0.0,0.0,0.0,1.0,1.0,1.0,0.0,0.0,0.0,1.0,1.0,0.0,0.0,0.0,1.0,0.0,0.0,0.0,0.0,0.0,0.0,0.0,1.0,0.0,0.0,1.0,0.0,1.0,0.0,0.0,1.0,0.0,0.0,0.0,1.0,0.0,0.0,0.0,1.0,0.0,0.0,0.0,0.0,0.0,0.0,0.0,0.0,0.0,1.0,0.0,0.0,0.0,1.0,0.0,0.0,0.0,0.0,0.0,0.0,0.0,0.0,0.0,0.0,1.0,1.0,1.0,0.0,0.0,0.0,0.0,0.0,1.0,0.0,0.0,0.0,0.0,0.0,0.0,0.0,0.0,0.0,0.0,0.0,1.0,1.0,0.0,0.0,0.0,1.0,0.0,0.0,1.0,0.0,1.0,0.0,1.0,1.0,0.0,0.84,0.88,0.92,0.92,0.96,1.0,0.84,0.92,0.92,0.96,1.0,0.76,0.84,0.76,0.8,0.88,0.6799999999999999,0.76,0.72,0.76,0.76,0.64,0.72,0.6799999999999999,0.6799999999999999,0.6799999999999999,0.6,0.6799999999999999,0.64,0.64,0.64,0.6,0.64,0.6,0.6,0.6,0.84,0.88,0.92,0.92,0.96,1.0,0.84,0.92,0.92,0.96,1.0,0.76,0.84,0.76,0.8,0.88,0.6799999999999999,0.76,0.72,0.76,0.76,0.64,0.72,0.6799999999999999,0.6799999999999999,0.6799999999999999,0.6,0.6799999999999999,0.64,0.64,0.64,0.6,0.64,0.6,0.6,0.6
84,1.0,0.0,0.0,1.0,1.0,0.0,0.0,0.0,0.0,0.0,0.0,0.0,1.0,0.0,0.0,0.0,1.0,1.0,0.0,1.0,0.0,0.0,0.0,1.0,0.0,0.0,0.0,0.0,0.0,1.0,0.0,1.0,1.0,0.0,0.0,1.0,0.0,0.0,0.0,0.0,0.0,0.0,0.0,0.0,0.0,0.0,0.0,1.0,0.0,0.0,0.0,0.0,0.0,0.0,0.0,0.0,0.0,0.0,0.0,1.0,1.0,0.0,0.0,0.0,0.0,0.0,1.0,1.0,0.0,0.0,0.0,0.0,0.0,0.0,1.0,0.0,1.0,0.0,0.0,1.0,1.0,0.0,0.0,0.0,0.0,0.0,0.0,0.0,0.0,0.0,0.0,1.0,1.0,0.0,1.0,1.0,0.0,0.0,1.0,0.0,0.0,0.0,0.0,0.0,1.0,0.6799999999999999,0.88,0.6799999999999999,0.76,0.6799999999999999,0.64,0.8,0.64,0.72,0.64,0.6,0.76,0.6,0.6799999999999999,0.6,0.56,0.72,0.56,0.64,0.56,0.56,0.6799999999999999,0.56,0.6,0.56,0.52,0.64,0.52,0.56,0.52,0.52,0.6,0.52,0.52,0.52,1.0,0.6799999999999999,0.88,0.6799999999999999,0.76,0.6799999999999999,0.64,0.8,0.64,0.72,0.64,0.6,0.76,0.6,0.6799999999999999,0.6,0.56,0.72,0.56,0.64,0.56,0.56,0.6799999999999999,0.56,0.6,0.56,0.52,0.64,0.52,0.56,0.52,0.52,0.6,0.52,0.52,0.52
85,1.0,0.0,1.0,1.0,0.0,0.0,0.0,0.0,1.0,0.0,0.0,1.0,0.0,0.0,0.0,0.0,1.0,0.0,0.0,0.0,0.0,0.0,0.0,0.0,0.0,0.0,0.0,1.0,1.0,0.0,0.0,0.0,1.0,0.0,0.0,0.0,0.0,0.0,1.0,1.0,1.0,0.0,0.0,0.0,0.0,0.0,0.0,0.0,0.0,0.0,0.0,1.0,0.0,0.0,0.0,0.0,0.0,0.0,0.0,0.0,0.0,1.0,1.0,0.0,0.0,0.0,0.0,1.0,0.0,0.0,1.0,0.0,0.0,0.0,0.0,0.0,0.0,1.0,1.0,0.0,0.0,1.0,0.0,0.0,0.0,1.0,0.0,1.0,0.0,0.0,0.0,0.0,0.0,0.0,0.0,0.0,1.0,0.0,1.0,0.0,1.0,0.0,1.0,0.0,0.64,0.76,0.64,0.8,0.76,0.76,0.76,0.56,0.8,0.76,0.72,0.76,0.56,0.8,0.76,0.76,0.72,0.52,1.0,0.76,0.6,0.6,0.52,0.6,0.6,0.56,0.56,0.48,0.56,0.56,0.52,0.56,0.48,0.56,0.52,0.52,0.64,0.76,0.64,0.8,0.76,0.76,0.76,0.56,0.8,0.76,0.72,0.76,0.56,0.8,0.76,0.76,0.72,0.52,1.0,0.76,0.6,0.6,0.52,0.6,0.6,0.56,0.56,0.48,0.56,0.56,0.52,0.56,0.48,0.56,0.52,0.52
86,1.0,1.0,0.0,1.0,0.0,0.0,1.0,0.0,0.0,0.0,0.0,0.0,0.0,0.0,0.0,0.0,0.0,0.0,0.0,0.0,1.0,0.0,1.0,0.0,0.0,0.0,0.0,0.0,0.0,1.0,0.0,0.0,0.0,0.0,0.0,1.0,1.0,0.0,0.0,1.0,0.0,0.0,1.0,0.0,0.0,0.0,0.0,0.0,0.0,1.0,0.0,1.0,0.0,0.0,0.0,0.0,0.0,0.0,0.0,1.0,1.0,0.0,1.0,0.0,0.0,1.0,0.0,1.0,1.0,1.0,1.0,1.0,0.0,1.0,0.0,0.0,0.0,1.0,0.0,0.0,1.0,0.0,0.0,0.0,0.0,0.0,0.0,0.0,0.0,0.0,0.0,0.0,0.0,0.0,0.0,0.0,0.0,0.0,1.0,0.0,0.0,0.0,0.0,0.0,0.88,0.76,1.0,0.6799999999999999,0.6799999999999999,0.72,0.72,0.92,0.64,0.64,0.6799999999999999,0.6799999999999999,0.8,0.6,0.6,0.64,0.64,0.76,0.56,0.6,0.6,0.6,0.72,0.56,0.56,0.56,0.56,0.6799999999999999,0.52,0.52,0.56,0.52,0.64,0.52,0.52,0.52,0.88,0.76,1.0,0.6799999999999999,0.6799999999999999,0.72,0.72,0.92,0.64,0.64,0.6799999999999999,0.6799999999999999,0.8,0.6,0.6,0.64,0.64,0.76,0.56,0.6,0.6,0.6,0.72,0.56,0.56,0.56,0.56,0.6799999999999999,0.52,0.52,0.56,0.52,0.64,0.52,0.52,0.52
87,0.0,0.0,1.0,0.0,0.0,1.0,0.0,0.0,0.0,1.0,1.0,1.0,1.0,1.0,0.0,0.0,1.0,0.0,1.0,0.0,0.0,0.0,0.0,0.0,0.0,0.0,0.0,1.0,0.0,0.0,0.0,0.0,0.0,0.0,0.0,0.0,0.0,0.0,0.0,0.0,1.0,0.0,0.0,0.0,0.0,0.0,0.0,0.0,0.0,1.0,0.0,1.0,1.0,0.0,0.0,0.0,1.0,0.0,0.0,0.0,0.0,0.0,0.0,0.0,0.0,0.0,0.0,0.0,0.0,0.0,0.0,0.0,1.0,0.0,1.0,0.0,0.0,0.0,0.0,0.0,1.0,1.0,1.0,1.0,1.0,0.0,0.0,0.0,1.0,0.0,0.0,0.0,0.0,0.0,0.0,1.0,1.0,0.0,0.0,0.0,0.0,0.0,1.0,0.0,0.84,1.0,0.76,0.92,0.8,0.76,1.0,0.72,0.8,0.76,0.72,1.0,0.6799999999999999,0.76,0.72,0.6799999999999999,0.8,0.64,0.72,0.6799999999999999,0.64,0.76,0.6,0.6799999999999999,0.64,0.6,0.72,0.56,0.64,0.6,0.56,0.6799999999999999,0.52,0.6,0.56,0.52,0.84,1.0,0.76,0.92,0.8,0.76,1.0,0.72,0.8,0.76,0.72,1.0,0.6799999999999999,0.76,0.72,0.6799999999999999,0.8,0.64,0.72,0.6799999999999999,0.64,0.76,0.6,0.6799999999999999,0.64,0.6,0.72,0.56,0.64,0.6,0.56,0.6799999999999999,0.52,0.6,0.56,0.52
88,1.0,0.0,1.0,0.0,0.0,0.0,0.0,0.0,0.0,0.0,0.0,0.0,0.0,0.0,0.0,0.0,0.0,0.0,0.0,0.0,1.0,0.0,1.0,0.0,0.0,0.0,0.0,1.0,1.0,0.0,0.0,1.0,0.0,1.0,1.0,0.0,0.0,1.0,0.0,0.0,0.0,0.0,0.0,0.0,0.0,0.0,0.0,1.0,0.0,0.0,1.0,1.0,0.0,0.0,0.0,0.0,0.0,1.0,0.0,0.0,1.0,0.0,0.0,1.0,0.0,0.0,0.0,0.0,0.0,1.0,0.0,1.0,0.0,0.0,0.0,1.0,1.0,1.0,0.0,0.0,0.0,0.0,1.0,0.0,0.0,0.0,0.0,0.0,1.0,0.0,0.0,0.0,1.0,1.0,0.0,0.0,0.0,1.0,0.0,0.0,0.0,0.0,0.0,0.0,0.8,0.76,0.92,1.0,0.84,0.92,0.6799999999999999,0.92,1.0,0.76,0.88,0.64,0.88,0.92,0.72,0.92,0.6,0.8,0.96,0.6799999999999999,0.72,0.56,0.72,0.72,0.64,0.6799999999999999,0.56,0.6799999999999999,0.6799999999999999,0.6,0.64,0.52,0.64,0.64,0.56,0.6,0.8,0.76,0.92,1.0,0.84,0.92,0.6799999999999999,0.92,1.0,0.76,0.88,0.64,0.88,0.92,0.72,0.92,0.6,0.8,0.96,0.6799999999999999,0.72,0.56,0.72,0.72,0.64,0.6799999999999999,0.56,0.6799999999999999,0.6799999999999999,0.6,0.64,0.52,0.64,0.64,0.56,0.6
89,0.0,0.0,0.0,0.0,0.0,0.0,0.0,0.0,0.0,0.0,0.0,0.0,0.0,1.0,0.0,0.0,0.0,0.0,1.0,0.0,1.0,1.0,0.0,0.0,0.0,1.0,1.0,1.0,0.0,0.0,1.0,0.0,0.0,0.0,0.0,1.0,0.0,0.0,0.0,0.0,0.0,0.0,0.0,0.0,1.0,0.0,0.0,0.0,1.0,0.0,1.0,1.0,1.0,1.0,0.0,0.0,0.0,0.0,1.0,0.0,0.0,1.0,1.0,0.0,0.0,0.0,0.0,0.0,0.0,1.0,0.0,0.0,0.0,0.0,0.0,1.0,0.0,0.0,0.0,0.0,1.0,0.0,0.0,0.0,0.0,0.0,1.0,0.0,0.0,0.0,0.0,0.0,1.0,0.0,0.0,0.0,0.0,1.0,1.0,0.0,0.0,1.0,0.0,0.0,0.84,0.76,0.92,0.76,1.0,0.8,0.72,0.84,0.72,1.0,0.76,0.6799999999999999,0.76,0.6799999999999999,0.88,0.6799999999999999,0.64,0.72,0.64,0.76,0.64,0.6,0.6799999999999999,0.6,0.72,0.6,0.56,0.64,0.56,0.6799999999999999,0.6,0.52,0.6,0.56,0.64,0.56,0.84,0.76,0.92,0.76,1.0,0.8,0.72,0.84,0.72,1.0,0.76,0.6799999999999999,0.76,0.6799999999999999,0.88,0.6799999999999999,0.64,0.72,0.64,0.76,0.64,0.6,0.6799999999999999,0.6,0.72,0.6,0.56,0.64,0.56,0.6799999999999999,0.6,0.52,0.6,0.56,0.64,0.56
90,0.0,0.0,0.0,0.0,0.0,0.0,0.0,0.0,0.0,0.0,1.0,0.0,0.0,0.0,0.0,0.0,0.0,0.0,0.0,0.0,0.0,1.0,0.0,0.0,1.0,0.0,0.0,0.0,0.0,1.0,1.0,0.0,1.0,1.0,0.0,0.0,1.0,0.0,0.0,1.0,1.0,0.0,0.0,0.0,1.0,1.0,0.0,0.0,0.0,1.0,0.0,0.0,1.0,1.0,0.0,0.0,1.0,0.0,1.0,0.0,0.0,0.0,0.0,0.0,0.0,1.0,1.0,0.0,0.0,0.0,0.0,0.0,0.0,0.0,0.0,0.0,0.0,1.0,0.0,0.0,0.0,0.0,0.0,1.0,0.0,0.0,1.0,1.0,0.0,0.0,1.0,0.0,0.0,0.0,1.0,0.0,0.0,0.0,0.0,0.0,1.0,0.0,0.0,0.0,0.8,0.64,0.64,1.0,0.88,0.72,0.6,0.6,1.0,0.84,0.6799999999999999,0.56,0.56,1.0,0.76,0.64,0.52,0.52,0.96,0.76,0.6,0.52,0.52,0.72,0.64,0.56,0.48,0.48,0.6799999999999999,0.6,0.52,0.48,0.48,0.64,0.6,0.52,0.8,0.64,0.64,1.0,0.88,0.72,0.6,0.6,1.0,0.84,0.6799999999999999,0.56,0.56,1.0,0.76,0.64,0.52,0.52,0.96,0.76,0.6,0.52,0.52,0.72,0.64,0.56,0.48,0.48,0.6799999999999999,0.6,0.52,0.48,0.48,0.64,0.6,0.52
91,1.0,1.0,1.0,0.0,0.0,0.0,0.0,0.0,0.0,0.0,0.0,1.0,0.0,0.0,0.0,1.0,0.0,0.0,0.0,0.0,1.0,1.0,0.0,0.0,1.0,0.0,0.0,0.0,0.0,0.0,0.0,0.0,0.0,0.0,0.0,0.0,0.0,0.0,0.0,0.0,0.0,1.0,0.0,0.0,1.0,0.0,1.0,1.0,0.0,1.0,0.0,0.0,0.0,0.0,0.0,1.0,0.0,1.0,0.0,0.0,0.0,1.0,1.0,0.0,1.0,0.0,1.0,0.0,0.0,0.0,0.0,0.0,0.0,0.0,1.0,0.0,0.0,0.0,0.0,1.0,0.0,0.0,1.0,0.0,0.0,0.0,1.0,1.0,1.0,0.0,0.0,0.0,0.0,0.0,0.0,0.0,0.0,0.0,0.0,0.0,1.0,0.0,0.0,0.0,0.76,0.88,0.76,0.72,0.76,0.84,0.88,0.6799999999999999,0.64,0.72,0.72,0.88,0.64,0.6,0.64,0.6799999999999999,0.84,0.6,0.6,0.6,0.64,1.0,0.56,0.56,0.6,0.6,0.6799999999999999,0.56,0.52,0.56,0.56,0.64,0.52,0.52,0.52,0.52,0.76,0.88,0.76,0.72,0.76,0.84,0.88,0.6799999999999999,0.64,0.72,0.72,0.88,0.64,0.6,0.64,0.6799999999999999,0.84,0.6,0.6,0.6,0.64,1.0,0.56,0.56,0.6,0.6,0.6799999999999999,0.56,0.52,0.56,0.56,0.64,0.52,0.52,0.52,0.52
92,1.0,0.0,0.0,1.0,0.0,0.0,0.0,1.0,0.0,0.0,0.0,1.0,0.0,0.0,0.0,0.0,1.0,1.0,0.0,0.0,0.0,0.0,0.0,1.0,0.0,1.0,0.0,1.0,1.0,0.0,0.0,0.0,0.0,0.0,0.0,0.0,0.0,0.0,1.0,0.0,0.0,0.0,0.0,0.0,0.0,0.0,1.0,0.0,0.0,0.0,0.0,1.0,0.0,1.0,1.0,0.0,0.0,1.0,0.0,0.0,0.0,1.0,0.0,0.0,1.0,0.0,0.0,0.0,0.0,0.0,0.0,0.0,0.0,1.0,0.0,0.0,1.0,0.0,0.0,0.0,0.0,0.0,0.0,0.0,0.0,0.0,1.0,0.0,0.0,1.0,0.0,1.0,1.0,0.0,0.0,0.0,0.0,0.0,0.0,0.0,1.0,0.0,1.0,0.0,0.4,0.43999999999999995,0.43999999999999995,0.43999999999999995,0.43999999999999995,0.43999999999999995,0.43999999999999995,0.43999999999999995,0.43999999999999995,0.43999999999999995,0.43999999999999995,0.43999999999999995,0.43999999999999995,0.43999999999999995,0.43999999999999995,0.52,0.43999999999999995,0.43999999999999995,0.43999999999999995,0.52,0.52,0.52,0.52,0.4,0.43999999999999995,0.52,0.88,0.56,0.36,0.4,1.0,0.43999999999999995,0.43999999999999995,0.36,0.36,0.56,0.4,0.43999999999999995,0.43999999999999995,0.43999999999999995,0.43999999999999995,0.43999999999999995,0.43999999999999995,0.43999999999999995,0.43999999999999995,0.43999999999999995,0.43999999999999995,0.43999999999999995,0.43999999999999995,0.43999999999999995,0.43999999999999995,0.52,0.43999999999999995,0.43999999999999995,0.43999999999999995,0.52,0.52,0.52,0.52,0.4,0.43999999999999995,0.52,0.88,0.56,0.36,0.4,1.0,0.43999999999999995,0.43999999999999995,0.36,0.36,0.56
93,1.0,0.0,0.0,0.0,0.0,0.0,0.0,1.0,0.0,0.0,0.0,1.0,0.0,1.0,0.0,1.0,1.0,0.0,0.0,0.0,0.0,0.0,0.0,0.0,0.0,0.0,1.0,0.0,0.0,0.0,0.0,0.0,0.0,0.0,1.0,0.0,0.0,1.0,0.0,1.0,0.0,0.0,0.0,0.0,0.0,0.0,0.0,0.0,1.0,1.0,0.0,1.0,0.0,0.0,0.0,0.0,1.0,1.0,0.0,0.0,1.0,0.0,0.0,0.0,0.0,0.0,0.0,0.0,0.0,1.0,0.0,0.0,0.0,1.0,0.0,1.0,1.0,0.0,0.0,0.0,0.0,0.0,1.0,0.0,0.0,0.0,0.0,0.0,0.0,0.0,1.0,0.0,0.0,0.0,0.0,1.0,0.0,1.0,0.0,1.0,0.0,0.0,1.0,0.0,0.8,0.84,0.88,0.76,1.0,0.96,0.8,0.88,0.72,1.0,0.92,0.72,0.8,0.6799999999999999,0.92,0.92,0.6799999999999999,0.72,0.64,0.96,0.72,0.64,0.6799999999999999,0.6,0.72,0.6799999999999999,0.6,0.64,0.56,0.6799999999999999,0.64,0.56,0.6,0.52,0.64,0.6,0.8,0.84,0.88,0.76,1.0,0.96,0.8,0.88,0.72,1.0,0.92,0.72,0.8,0.6799999999999999,0.92,0.92,0.6799999999999999,0.72,0.64,0.96,0.72,0.64,0.6799999999999999,0.6,0.72,0.6799999999999999,0.6,0.64,0.56,0.6799999999999999,0.64,0.56,0.6,0.52,0.64,0.6
94,0.0,0.0,1.0,1.0,0.0,0.0,0.0,0.0,1.0,1.0,0.0,0.0,0.0,0.0,0.0,0.0,1.0,0.0,0.0,1.0,0.0,0.0,0.0,0.0,0.0,0.0,0.0,1.0,1.0,1.0,0.0,0.0,0.0,1.0,0.0,0.0,0.0,1.0,0.0,0.0,1.0,0.0,0.0,0.0,0.0,1.0,0.0,0.0,0.0,0.0,0.0,0.0,0.0,0.0,0.0,0.0,0.0,0.0,0.0,1.0,0.0,0.0,0.0,0.0,1.0,0.0,0.0,0.0,0.0,1.0,0.0,0.0,0.0,1.0,1.0,0.0,1.0,0.0,0.0,0.0,0.0,0.0,0.0,1.0,0.0,0.0,1.0,0.0,0.0,0.0,0.0,1.0,0.0,1.0,0.0,1.0,0.0,0.0,0.0,0.0,1.0,1.0,0.0,0.0,1.0,0.84,0.84,0.88,0.88,0.84,0.8,0.8,0.8,0.84,0.76,0.76,0.76,0.76,0.8,0.72,0.6799999999999999,0.6799999999999999,0.72,0.76,0.6799999999999999,0.64,0.64,0.6799999999999999,0.6799999999999999,0.64,0.6,0.6,0.64,0.64,0.6,0.6,0.6,0.6,0.6,0.56,1.0,0.84,0.84,0.88,0.88,0.84,0.8,0.8,0.8,0.84,0.76,0.76,0.76,0.76,0.8,0.72,0.6799999999999999,0.6799999999999999,0.72,0.76,0.6799999999999999,0.64,0.64,0.6799999999999999,0.6799999999999999,0.64,0.6,0.6,0.64,0.64,0.6,0.6,0.6,0.6,0.6,0.56
95,1.0,0.0,1.0,0.0,1.0,0.0,0.0,0.0,1.0,1.0,0.0,0.0,0.0,0.0,1.0,0.0,0.0,0.0,0.0,0.0,0.0,0.0,1.0,0.0,0.0,0.0,0.0,1.0,1.0,0.0,0.0,0.0,1.0,1.0,0.0,0.0,0.0,1.0,0.0,0.0,0.0,0.0,0.0,1.0,0.0,0.0,0.0,0.0,0.0,0.0,0.0,0.0,0.0,0.0,0.0,1.0,0.0,0.0,0.0,0.0,0.0,0.0,0.0,1.0,1.0,0.0,0.0,0.0,1.0,1.0,0.0,1.0,0.0,0.0,0.0,1.0,1.0,0.0,0.0,0.0,0.0,0.0,0.0,0.0,0.0,0.0,0.0,0.0,0.0,0.0,0.0,1.0,1.0,1.0,0.0,0.0,1.0,0.0,0.0,1.0,0.0,0.0,0.0,0.0,0.88,1.0,0.8,0.76,0.8,0.76,0.92,0.76,0.6799999999999999,0.76,0.72,0.8,0.72,0.64,0.6799999999999999,0.6799999999999999,0.76,0.6799999999999999,0.6,0.64,0.64,0.72,0.64,0.6,0.6,0.6,0.6799999999999999,0.6,0.56,0.6,0.56,0.64,0.56,0.52,0.56,0.52,0.88,1.0,0.8,0.76,0.8,0.76,0.92,0.76,0.6799999999999999,0.76,0.72,0.8,0.72,0.64,0.6799999999999999,0.6799999999999999,0.76,0.6799999999999999,0.6,0.64,0.64,0.72,0.64,0.6,0.6,0.6,0.6799999999999999,0.6,0.56,0.6,0.56,0.64,0.56,0.52,0.56,0.52
96,0.0,1.0,1.0,0.0,0.0,1.0,0.0,0.0,0.0,0.0,1.0,0.0,0.0,0.0,0.0,0.0,0.0,1.0,0.0,1.0,1.0,1.0,0.0,0.0,0.0,0.0,0.0,0.0,0.0,0.0,0.0,0.0,0.0,0.0,1.0,1.0,0.0,0.0,0.0,0.0,0.0,1.0,0.0,0.0,0.0,0.0,0.0,1.0,0.0,0.0,0.0,1.0,1.0,0.0,0.0,0.0,1.0,0.0,1.0,0.0,1.0,0.0,0.0,1.0,0.0,1.0,0.0,0.0,0.0,0.0,1.0,0.0,0.0,0.0,0.0,0.0,0.0,0.0,0.0,0.0,0.0,1.0,0.0,0.0,0.0,0.0,0.0,0.0,0.0,0.0,0.0,0.0,1.0,0.0,1.0,0.0,0.0,0.0,1.0,0.0,1.0,1.0,0.0,0.0,0.88,1.0,0.6,0.6,0.92,0.6,0.88,0.56,0.56,0.88,0.56,0.84,0.56,0.56,0.8,0.56,0.76,0.52,0.52,0.76,0.52,0.72,0.52,0.52,0.6799999999999999,0.52,0.6799999999999999,0.48,0.48,0.64,0.48,0.64,0.48,0.48,0.6,0.48,0.88,1.0,0.6,0.6,0.92,0.6,0.88,0.56,0.56,0.88,0.56,0.84,0.56,0.56,0.8,0.56,0.76,0.52,0.52,0.76,0.52,0.72,0.52,0.52,0.6799999999999999,0.52,0.6799999999999999,0.48,0.48,0.64,0.48,0.64,0.48,0.48,0.6,0.48
97,1.0,1.0,0.0,0.0,1.0,0.0,0.0,1.0,1.0,1.0,0.0,1.0,0.0,0.0,0.0,1.0,1.0,0.0,0.0,0.0,0.0,1.0,0.0,0.0,0.0,1.0,1.0,0.0,0.0,0.0,0.0,0.0,0.0,0.0,0.0,0.0,0.0,0.0,0.0,0.0,1.0,0.0,0.0,0.0,0.0,0.0,0.0,0.0,0.0,0.0,0.0,0.0,0.0,0.0,0.0,1.0,0.0,0.0,1.0,0.0,0.0,0.0,0.0,0.0,0.0,0.0,1.0,0.0,0.0,1.0,0.0,1.0,0.0,0.0,1.0,0.0,0.0,0.0,0.0,0.0,0.0,0.0,0.0,1.0,0.0,0.0,1.0,1.0,0.0,0.0,0.0,1.0,0.0,0.0,0.0,0.0,0.0,0.0,0.0,0.0,1.0,1.0,1.0,0.0,0.88,1.0,0.96,0.6799999999999999,0.72,0.76,0.92,0.88,0.64,0.6799999999999999,0.72,0.8,0.8,0.6,0.64,0.6799999999999999,0.76,0.76,0.56,0.6,0.64,0.72,0.6799999999999999,0.52,0.56,0.6,0.6799999999999999,0.64,0.52,0.56,0.56,0.64,0.6,0.48,0.52,0.52,0.88,1.0,0.96,0.6799999999999999,0.72,0.76,0.92,0.88,0.64,0.6799999999999999,0.72,0.8,0.8,0.6,0.64,0.6799999999999999,0.76,0.76,0.56,0.6,0.64,0.72,0.6799999999999999,0.52,0.56,0.6,0.6799999999999999,0.64,0.52,0.56,0.56,0.64,0.6,0.48,0.52,0.52
98,0.0,1.0,0.0,0.0,0.0,0.0,0.0,0.0,1.0,1.0,0.0,0.0,0.0,0.0,0.0,0.0,1.0,0.0,1.0,0.0,0.0,1.0,0.0,1.0,0.0,0.0,0.0,0.0,0.0,0.0,0.0,0.0,1.0,1.0,0.0,0.0,1.0,1.0,0.0,0.0,0.0,1.0,0.0,0.0,1.0,0.0,0.0,0.0,0.0,0.0,0.0,0.0,1.0,0.0,0.0,1.0,0.0,1.0,1.0,1.0,0.0,0.0,0.0,1.0,0.0,1.0,0.0,0.0,0.0,0.0,0.0,0.0,0.0,0.0,0.0,0.0,1.0,0.0,0.0,0.0,0.0,0.0,0.0,1.0,0.0,0.0,0.0,0.0,0.0,0.0,0.0,0.0,1.0,0.0,0.0,0.0,0.0,0.0,1.0,0.0,0.0,1.0,0.0,1.0,0.84,1.0,0.88,0.8,0.84,0.96,1.0,0.8,0.76,0.76,0.84,0.88,0.76,0.72,0.72,0.76,0.8,0.6799999999999999,0.6799999999999999,0.6799999999999999,0.72,0.76,0.64,0.64,0.64,0.6799999999999999,0.6799999999999999,0.6,0.6,0.6,0.64,0.64,0.6,0.56,0.56,0.6,0.84,1.0,0.88,0.8,0.84,0.96,1.0,0.8,0.76,0.76,0.84,0.88,0.76,0.72,0.72,0.76,0.8,0.6799999999999999,0.6799999999999999,0.6799999999999999,0.72,0.76,0.64,0.64,0.64,0.6799999999999999,0.6799999999999999,0.6,0.6,0.6,0.64,0.64,0.6,0.56,0.56,0.6
99,1.0,0.0,0.0,0.0,0.0,0.0,0.0,0.0,0.0,0.0,1.0,1.0,1.0,0.0,0.0,0.0,1.0,1.0,0.0,0.0,0.0,1.0,1.0,0.0,0.0,0.0,0.0,0.0,0.0,0.0,0.0,0.0,1.0,0.0,0.0,0.0,0.0,0.0,0.0,0.0,1.0,0.0,0.0,0.0,0.0,1.0,1.0,0.0,0.0,0.0,0.0,1.0,0.0,1.0,0.0,1.0,1.0,0.0,1.0,0.0,1.0,0.0,0.0,0.0,0.0,0.0,0.0,0.0,0.0,0.0,1.0,0.0,0.0,0.0,0.0,0.0,0.0,0.0,0.0,0.0,1.0,0.0,0.0,0.0,0.0,0.0,0.0,0.0,0.0,1.0,1.0,1.0,0.0,0.0,0.0,1.0,0.0,0.0,0.0,0.0,1.0,1.0,0.0,0.0,0.56,0.6799999999999999,0.56,0.56,0.72,0.6799999999999999,0.6799999999999999,0.52,0.52,0.72,0.6799999999999999,0.6799999999999999,0.48,0.48,0.72,0.92,0.6799999999999999,0.48,0.48,1.0,0.6,0.92,0.48,0.48,0.84,0.52,0.6799999999999999,0.43999999999999995,0.43999999999999995,0.6799999999999999,0.52,0.52,0.43999999999999995,0.43999999999999995,0.52,0.48,0.56,0.6799999999999999,0.56,0.56,0.72,0.6799999999999999,0.6799999999999999,0.52,0.52,0.72,0.6799999999999999,0.6799999999999999,0.48,0.48,0.72,0.92,0.6799999999999999,0.48,0.48,1.0,0.6,0.92,0.48,0.48,0.84,0.52,0.6799999999999999,0.43999999999999995,0.43999999999999995,0.6799999999999999,0.52,0.52,0.43999999999999995,0.43999999999999995,0.52,0.48
100,0.0,0.0,0.0,0.0,1.0,0.0,0.0,0.0,0.0,1.0,1.0,0.0,0.0,1.0,0.0,1.0,0.0,0.0,0.0,0.0,0.0,0.0,1.0,0.0,0.0,1.0,0.0,1.0,1.0,1.0,0.0,0.0,1.0,0.0,0.0,0.0,0.0,0.0,0.0,0.0,0.0,0.0,1.0,0.0,0.0,0.0,1.0,0.0,0.0,0.0,0.0,0.0,0.0,0.0,1.0,0.0,0.0,1.0,1.0,0.0,1.0,0.0,0.0,1.0,0.0,0.0,1.0,0.0,0.0,1.0,0.0,0.0,0.0,0.0,0.0,1.0,0.0,0.0,0.0,0.0,0.0,0.0,1.0,0.0,0.0,0.0,0.0,0.0,0.0,0.0,1.0,1.0,0.0,1.0,0.0,0.0,0.0,0.0,0.0,0.0,0.0,0.0,0.0,1.0,0.84,1.0,0.92,0.76,0.72,0.96,1.0,0.84,0.72,0.6799999999999999,0.84,0.92,0.76,0.6799999999999999,0.64,0.84,0.8,0.72,0.64,0.6,0.72,0.76,0.6799999999999999,0.6,0.56,0.6799999999999999,0.6799999999999999,0.64,0.56,0.56,0.64,0.64,0.6,0.56,0.52,0.6,0.84,1.0,0.92,0.76,0.72,0.96,1.0,0.84,0.72,0.6799999999999999,0.84,0.92,0.76,0.6799999999999999,0.64,0.84,0.8,0.72,0.64,0.6,0.72,0.76,0.6799999999999999,0.6,0.56,0.6799999999999999,0.6799999999999999,0.64,0.56,0.56,0.64,0.64,0.6,0.56,0.52,0.6
101,0.0,0.0,1.0,0.0,0.0,0.0,0.0,1.0,0.0,0.0,0.0,0.0,1.0,0.0,0.0,0.0,0.0,0.0,0.0,0.0,0.0,0.0,1.0,1.0,0.0,0.0,1.0,0.0,0.0,0.0,1.0,0.0,1.0,0.0,0.0,0.0,1.0,1.0,0.0,0.0,1.0,0.0,1.0,0.0,0.0,0.0,1.0,0.0,0.0,0.0,0.0,0.0,0.0,0.0,0.0,0.0,1.0,1.0,0.0,0.0,0.0,0.0,0.0,0.0,0.0,1.0,0.0,0.0,0.0,1.0,1.0,0.0,0.0,1.0,0.0,0.0,0.0,0.0,0.0,0.0,0.0,0.0,0.0,0.0,0.0,1.0,0.0,1.0,0.0,0.0,0.0,0.0,0.0,1.0,0.0,1.0,1.0,1.0,0.0,0.0,0.0,1.0,0.0,0.0,1.0,0.72,0.8,0.84,0.84,0.76,0.6799999999999999,0.76,0.8,0.8,0.72,0.64,0.72,0.76,0.76,0.6799999999999999,0.6,0.6799999999999999,0.72,0.72,0.64,0.56,0.64,0.6799999999999999,0.6799999999999999,0.6,0.52,0.6,0.64,0.64,0.56,0.52,0.56,0.6,0.6,0.52,1.0,0.72,0.8,0.84,0.84,0.76,0.6799999999999999,0.76,0.8,0.8,0.72,0.64,0.72,0.76,0.76,0.6799999999999999,0.6,0.6799999999999999,0.72,0.72,0.64,0.56,0.64,0.6799999999999999,0.6799999999999999,0.6,0.52,0.6,0.64,0.64,0.56,0.52,0.56,0.6,0.6,0.52
102,0.0,1.0,0.0,1.0,0.0,1.0,0.0,0.0,0.0,0.0,0.0,0.0,0.0,1.0,0.0,0.0,1.0,0.0,0.0,0.0,0.0,0.0,0.0,0.0,0.0,0.0,1.0,1.0,1.0,0.0,0.0,0.0,0.0,0.0,1.0,0.0,0.0,0.0,0.0,1.0,0.0,0.0,0.0,1.0,0.0,0.0,0.0,1.0,0.0,1.0,0.0,0.0,0.0,0.0,0.0,0.0,1.0,0.0,0.0,0.0,0.0,0.0,0.0,1.0,0.0,0.0,1.0,1.0,0.0,0.0,1.0,0.0,0.0,0.0,0.0,0.0,0.0,0.0,0.0,0.0,0.0,1.0,1.0,0.0,1.0,0.0,0.0,1.0,1.0,0.0,0.0,0.0,0.0,0.0,0.0,0.0,1.0,1.0,1.0,0.0,0.0,0.0,0.0,0.0,1.0,0.64,0.64,0.84,0.72,0.64,0.6,0.6,0.8,0.6799999999999999,0.6,0.6,0.6,0.76,0.64,0.6,0.56,0.56,0.72,0.6,0.56,0.52,0.52,0.6799999999999999,0.56,0.52,0.52,0.52,0.64,0.56,0.52,0.48,0.48,0.6,0.52,0.48,1.0,0.64,0.64,0.84,0.72,0.64,0.6,0.6,0.8,0.6799999999999999,0.6,0.6,0.6,0.76,0.64,0.6,0.56,0.56,0.72,0.6,0.56,0.52,0.52,0.6799999999999999,0.56,0.52,0.52,0.52,0.64,0.56,0.52,0.48,0.48,0.6,0.52,0.48
103,0.0,1.0,0.0,0.0,0.0,0.0,0.0,0.0,0.0,1.0,0.0,0.0,0.0,0.0,0.0,0.0,1.0,0.0,1.0,0.0,1.0,1.0,1.0,0.0,0.0,0.0,0.0,1.0,0.0,1.0,0.0,1.0,0.0,0.0,0.0,1.0,0.0,0.0,1.0,1.0,0.0,0.0,0.0,0.0,0.0,0.0,0.0,0.0,0.0,0.0,0.0,0.0,0.0,0.0,0.0,0.0,1.0,0.0,1.0,0.0,0.0,0.0,1.0,1.0,1.0,0.0,0.0,0.0,0.0,0.0,0.0,0.0,0.0,0.0,0.0,1.0,0.0,1.0,0.0,0.0,1.0,0.0,0.0,0.0,1.0,0.0,0.0,0.0,0.0,1.0,0.0,0.0,0.0,0.0,0.0,0.0,0.0,0.0,1.0,1.0,0.0,0.0,1.0,0.0,0.56,0.6799999999999999,0.6799999999999999,0.72,0.56,0.72,0.6799999999999999,0.6799999999999999,0.72,0.52,0.72,0.6799999999999999,0.6799999999999999,0.72,0.52,1.0,0.64,0.64,0.84,0.48,0.88,0.72,0.64,0.6799999999999999,0.48,0.6799999999999999,0.8,0.52,0.84,0.48,0.64,0.52,0.52,0.52,0.43999999999999995,0.52,0.56,0.6799999999999999,0.6799999999999999,0.72,0.56,0.72,0.6799999999999999,0.6799999999999999,0.72,0.52,0.72,0.6799999999999999,0.6799999999999999,0.72,0.52,1.0,0.64,0.64,0.84,0.48,0.88,0.72,0.64,0.6799999999999999,0.48,0.6799999999999999,0.8,0.52,0.84,0.48,0.64,0.52,0.52,0.52,0.43999999999999995,0.52
104,1.0,0.0,0.0,1.0,0.0,0.0,0.0,1.0,1.0,0.0,0.0,0.0,0.0,1.0,0.0,0.0,0.0,0.0,0.0,0.0,0.0,1.0,1.0,0.0,0.0,0.0,0.0,1.0,1.0,0.0,0.0,0.0,0.0,0.0,0.0,1.0,0.0,0.0,1.0,0.0,1.0,0.0,0.0,0.0,0.0,0.0,0.0,1.0,0.0,0.0,0.0,0.0,0.0,0.0,0.0,0.0,0.0,0.0,0.0,0.0,0.0,0.0,0.0,1.0,1.0,0.0,0.0,1.0,0.0,1.0,1.0,1.0,0.0,0.0,0.0,1.0,1.0,0.0,0.0,0.0,0.0,0.0,0.0,0.0,1.0,0.0,1.0,0.0,0.0,0.0,0.0,0.0,0.0,1.0,0.0,0.0,0.0,1.0,0.0,0.0,0.0,0.0,0.0,1.0,0.76,0.72,0.88,0.76,0.6799999999999999,0.88,0.6799999999999999,0.88,0.6799999999999999,0.64,0.84,0.64,0.88,0.64,0.6,1.0,0.6,0.84,0.6,0.56,0.6799999999999999,0.56,0.6799999999999999,0.56,0.52,0.64,0.52,0.64,0.56,0.52,0.6,0.52,0.6,0.52,0.48,0.56,0.76,0.72,0.88,0.76,0.6799999999999999,0.88,0.6799999999999999,0.88,0.6799999999999999,0.64,0.84,0.64,0.88,0.64,0.6,1.0,0.6,0.84,0.6,0.56,0.6799999999999999,0.56,0.6799999999999999,0.56,0.52,0.64,0.52,0.64,0.56,0.52,0.6,0.52,0.6,0.52,0.48,0.56
105,1.0,1.0,0.0,0.0,0.0,0.0,0.0,1.0,1.0,0.0,1.0,0.0,0.0,1.0,1.0,0.0,0.0,0.0,0.0,0.0,0.0,0.0,0.0,0.0,1.0,0.0,0.0,0.0,0.0,0.0,0.0,0.0,0.0,0.0,0.0,0.0,1.0,0.0,0.0,1.0,1.0,0.0,0.0,0.0,0.0,1.0,1.0,0.0,0.0,0.0,0.0,0.0,0.0,0.0,0.0,0.0,0.0,0.0,0.0,0.0,0.0,0.0,0.0,1.0,0.0,0.0,0.0,1.0,1.0,1.0,1.0,0.0,0.0,0.0,0.0,1.0,0.0,0.0,1.0,1.0,1.0,1.0,0.0,0.0,1.0,0.0,0.0,0.0,0.0,0.0,0.0,0.0,0.0,0.0,0.0,0.0,1.0,0.0,0.0,0.0,0.0,1.0,0.0,0.0,1.0,0.8,0.8,0.72,0.6799999999999999,0.6799999999999999,0.76,0.76,0.6799999999999999,0.64,0.64,0.72,0.72,0.64,0.6,0.6,0.6799999999999999,0.6799999999999999,0.6,0.6,0.6,0.64,0.64,0.56,0.56,0.56,0.6,0.6,0.56,0.52,0.52,0.56,0.56,0.52,0.52,0.52,1.0,0.8,0.8,0.72,0.6799999999999999,0.6799999999999999,0.76,0.76,0.6799999999999999,0.64,0.64,0.72,0.72,0.64,0.6,0.6,0.6799999999999999,0.6799999999999999,0.6,0.6,0.6,0.64,0.64,0.56,0.56,0.56,0.6,0.6,0.56,0.52,0.52,0.56,0.56,0.52,0.52,0.52
106,0.0,0.0,1.0,0.0,0.0,0.0,1.0,0.0,0.0,0.0,0.0,0.0,0.0,0.0,0.0,0.0,0.0,1.0,1.0,0.0,0.0,0.0,0.0,0.0,0.0,0.0,1.0,1.0,0.0,0.0,0.0,1.0,0.0,0.0,0.0,1.0,0.0,0.0,0.0,0.0,0.0,0.0,0.0,0.0,0.0,1.0,0.0,1.0,0.0,1.0,1.0,1.0,0.0,1.0,0.0,0.0,0.0,0.0,0.0,0.0,0.0,1.0,0.0,1.0,1.0,0.0,1.0,0.0,1.0,0.0,0.0,0.0,0.0,1.0,1.0,0.0,0.0,1.0,0.0,0.0,0.0,0.0,0.0,0.0,1.0,0.0,0.0,0.0,0.0,1.0,0.0,0.0,1.0,1.0,0.0,0.0,0.0,0.0,0.0,0.0,0.0,0.0,0.0,0.0,0.56,0.64,0.64,0.6799999999999999,0.72,0.6799999999999999,0.64,0.64,0.6799999999999999,0.72,0.6799999999999999,0.6,0.64,0.64,0.72,0.92,0.56,0.64,0.6,1.0,0.76,0.52,0.52,0.52,0.84,0.52,0.48,0.52,0.48,0.52,0.52,0.48,0.48,0.48,0.52,0.48,0.56,0.64,0.64,0.6799999999999999,0.72,0.6799999999999999,0.64,0.64,0.6799999999999999,0.72,0.6799999999999999,0.6,0.64,0.64,0.72,0.92,0.56,0.64,0.6,1.0,0.76,0.52,0.52,0.52,0.84,0.52,0.48,0.52,0.48,0.52,0.52,0.48,0.48,0.48,0.52,0.48
107,1.0,1.0,0.0,1.0,0.0,0.0,1.0,0.0,0.0,1.0,1.0,0.0,0.0,0.0,0.0,0.0,0.0,0.0,0.0,0.0,0.0,1.0,0.0,0.0,0.0,0.0,1.0,0.0,0.0,0.0,0.0,0.0,0.0,0.0,0.0,0.0,0.0,0.0,1.0,1.0,0.0,0.0,1.0,0.0,0.0,0.0,1.0,0.0,1.0,0.0,0.0,0.0,0.0,0.0,0.0,0.0,1.0,1.0,0.0,0.0,0.0,0.0,0.0,0.0,0.0,0.0,1.0,0.0,0.0,0.0,1.0,1.0,0.0,0.0,0.0,0.0,1.0,1.0,0.0,0.0,1.0,0.0,1.0,0.0,0.0,0.0,0.0,1.0,0.0,1.0,0.0,0.0,1.0,0.0,0.0,1.0,0.0,0.0,0.0,0.0,0.0,0.0,0.0,0.0,0.88,1.0,0.8,0.8,0.8,0.8,0.84,0.76,0.76,0.76,0.76,0.8,0.72,0.72,0.72,0.6799999999999999,0.76,0.6799999999999999,0.6799999999999999,0.6799999999999999,0.64,0.6799999999999999,0.64,0.64,0.64,0.6,0.64,0.6,0.6,0.6,0.6,0.6,0.56,0.56,0.56,0.56,0.88,1.0,0.8,0.8,0.8,0.8,0.84,0.76,0.76,0.76,0.76,0.8,0.72,0.72,0.72,0.6799999999999999,0.76,0.6799999999999999,0.6799999999999999,0.6799999999999999,0.64,0.6799999999999999,0.64,0.64,0.64,0.6,0.64,0.6,0.6,0.6,0.6,0.6,0.56,0.56,0.56,0.56
108,0.0,0.0,0.0,1.0,0.0,0.0,1.0,0.0,0.0,0.0,0.0,1.0,0.0,0.0,1.0,0.0,0.0,0.0,0.0,1.0,0.0,0.0,0.0,0.0,0.0,1.0,1.0,0.0,0.0,0.0,0.0,1.0,0.0,0.0,0.0,0.0,0.0,0.0,0.0,1.0,0.0,0.0,1.0,1.0,0.0,0.0,1.0,1.0,0.0,0.0,0.0,0.0,1.0,0.0,1.0,0.0,0.0,0.0,0.0,0.0,1.0,0.0,0.0,0.0,0.0,0.0,0.0,1.0,1.0,1.0,0.0,0.0,1.0,0.0,1.0,0.0,0.0,0.0,0.0,1.0,0.0,0.0,1.0,0.0,0.0,0.0,1.0,0.0,0.0,0.0,1.0,0.0,0.0,0.0,0.0,0.0,0.0,0.0,0.0,0.0,0.0,1.0,0.0,0.0,1.0,0.76,0.88,0.76,0.8,0.76,0.72,0.84,0.72,0.76,0.72,0.6799999999999999,0.8,0.6799999999999999,0.72,0.6799999999999999,0.64,0.76,0.64,0.6799999999999999,0.64,0.6,0.6799999999999999,0.6,0.64,0.6,0.56,0.64,0.56,0.6,0.56,0.52,0.6,0.56,0.56,0.52,1.0,0.76,0.88,0.76,0.8,0.76,0.72,0.84,0.72,0.76,0.72,0.6799999999999999,0.8,0.6799999999999999,0.72,0.6799999999999999,0.64,0.76,0.64,0.6799999999999999,0.64,0.6,0.6799999999999999,0.6,0.64,0.6,0.56,0.64,0.56,0.6,0.56,0.52,0.6,0.56,0.56,0.52
109,0.0,0.0,1.0,0.0,0.0,0.0,1.0,0.0,0.0,0.0,0.0,1.0,1.0,0.0,1.0,1.0,0.0,1.0,0.0,0.0,0.0,0.0,0.0,0.0,1.0,1.0,1.0,0.0,1.0,0.0,0.0,0.0,0.0,0.0,0.0,0.0,0.0,0.0,0.0,0.0,0.0,0.0,0.0,0.0,1.0,1.0,0.0,0.0,0.0,0.0,0.0,0.0,0.0,0.0,0.0,0.0,1.0,0.0,0.0,1.0,1.0,1.0,1.0,0.0,0.0,0.0,0.0,0.0,0.0,0.0,1.0,0.0,0.0,0.0,0.0,0.0,0.0,0.0,0.0,0.0,0.0,0.0,0.0,0.0,0.0,1.0,0.0,0.0,0.0,1.0,0.0,0.0,1.0,0.0,1.0,0.0,0.0,0.0,1.0,0.0,0.0,1.0,1.0,0.0,0.8,0.96,0.92,0.72,1.0,0.88,0.96,0.88,0.6799999999999999,1.0,0.88,0.96,0.84,0.64,0.88,0.76,0.96,0.76,0.6,0.84,0.72,0.96,0.6799999999999999,0.56,0.8,0.6799999999999999,0.76,0.64,0.52,0.6799999999999999,0.64,0.6799999999999999,0.6,0.52,0.64,0.6,0.8,0.96,0.92,0.72,1.0,0.88,0.96,0.88,0.6799999999999999,1.0,0.88,0.96,0.84,0.64,0.88,0.76,0.96,0.76,0.6,0.84,0.72,0.96,0.6799999999999999,0.56,0.8,0.6799999999999999,0.76,0.64,0.52,0.6799999999999999,0.64,0.6799999999999999,0.6,0.52,0.64,0.6
110,1.0,0.0,0.0,1.0,0.0,0.0,0.0,0.0,0.0,0.0,0.0,0.0,0.0,1.0,0.0,0.0,0.0,1.0,0.0,0.0,0.0,0.0,1.0,0.0,0.0,0.0,0.0,0.0,1.0,1.0,1.0,1.0,1.0,0.0,0.0,1.0,0.0,0.0,0.0,0.0,0.0,1.0,1.0,0.0,0.0,0.0,0.0,0.0,0.0,0.0,0.0,0.0,0.0,1.0,1.0,0.0,1.0,0.0,0.0,1.0,0.0,1.0,0.0,0.0,0.0,0.0,1.0,0.0,1.0,0.0,0.0,0.0,1.0,0.0,0.0,0.0,0.0,0.0,0.0,0.0,0.0,0.0,0.0,0.0,0.0,0.0,0.0,0.0,1.0,0.0,1.0,0.0,1.0,0.0,0.0,1.0,0.0,0.0,0.0,1.0,0.0,0.0,0.0,0.0,1.0,0.72,0.64,0.8,0.64,0.64,0.6799999999999999,0.6,0.76,0.6,0.6,0.64,0.56,0.72,0.56,0.56,0.6,0.56,0.6799999999999999,0.56,0.56,0.56,0.52,0.64,0.52,0.52,0.52,0.52,0.6,0.52,0.52,0.52,0.48,0.56,0.48,0.48,1.0,0.72,0.64,0.8,0.64,0.64,0.6799999999999999,0.6,0.76,0.6,0.6,0.64,0.56,0.72,0.56,0.56,0.6,0.56,0.6799999999999999,0.56,0.56,0.56,0.52,0.64,0.52,0.52,0.52,0.52,0.6,0.52,0.52,0.52,0.48,0.56,0.48,0.48
111,0.0,1.0,0.0,0.0,0.0,1.0,1.0,0.0,1.0,0.0,0.0,0.0,0.0,0.0,1.0,0.0,0.0,0.0,0.0,1.0,0.0,0.0,1.0,0.0,0.0,1.0,1.0,0.0,0.0,0.0,0.0,0.0,1.0,0.0,0.0,0.0,0.0,0.0,0.0,0.0,0.0,0.0,0.0,0.0,0.0,0.0,1.0,0.0,1.0,0.0,1.0,0.0,0.0,0.0,0.0,1.0,0.0,0.0,0.0,0.0,0.0,1.0,0.0,0.0,0.0,0.0,0.0,0.0,1.0,0.0,0.0,0.0,1.0,1.0,0.0,0.0,0.0,0.0,0.0,0.0,1.0,1.0,1.0,1.0,0.0,0.0,0.0,0.0,1.0,0.0,0.0,0.0,0.0,0.0,1.0,0.0,1.0,0.0,0.0,1.0,0.0,0.0,0.0,0.0,1.0,0.76,0.8,0.84,0.76,0.76,0.72,0.76,0.76,0.72,0.72,0.6799999999999999,0.72,0.72,0.6799999999999999,0.6799999999999999,0.64,0.6799999999999999,0.6799999999999999,0.64,0.64,0.6,0.64,0.64,0.6,0.6,0.56,0.6,0.6,0.56,0.56,0.52,0.56,0.56,0.56,0.56,1.0,0.76,0.8,0.84,0.76,0.76,0.72,0.76,0.76,0.72,0.72,0.6799999999999999,0.72,0.72,0.6799999999999999,0.6799999999999999,0.64,0.6799999999999999,0.6799999999999999,0.64,0.64,0.6,0.64,0.64,0.6,0.6,0.56,0.6,0.6,0.56,0.56,0.52,0.56,0.56,0.56,0.56
112,0.0,0.0,0.0,0.0,1.0,0.0,0.0,0.0,1.0,0.0,0.0,0.0,0.0,1.0,0.0,0.0,0.0,1.0,0.0,0.0,0.0,1.0,1.0,1.0,0.0,1.0,0.0,0.0,0.0,0.0,0.0,0.0,0.0,1.0,0.0,0.0,1.0,0.0,0.0,0.0,0.0,0.0,0.0,1.0,0.0,0.0,1.0,1.0,0.0,0.0,0.0,0.0,0.0,1.0,0.0,1.0,0.0,1.0,1.0,0.0,0.0,1.0,0.0,0.0,0.0,0.0,1.0,0.0,0.0,0.0,0.0,1.0,1.0,0.0,0.0,0.0,1.0,0.0,0.0,0.0,0.0,0.0,0.0,0.0,0.0,0.0,1.0,0.0,0.0,0.0,1.0,0.0,0.0,0.0,0.0,0.0,0.0,1.0,0.0,0.0,0.0,1.0,0.0,0.0,0.88,0.76,1.0,0.64,0.64,0.76,0.72,1.0,0.6,0.6,0.72,0.6799999999999999,0.8,0.56,0.56,0.6799999999999999,0.64,0.76,0.52,0.52,0.64,0.6,0.72,0.52,0.52,0.6,0.56,0.6799999999999999,0.48,0.48,0.56,0.56,0.64,0.48,0.48,0.56,0.88,0.76,1.0,0.64,0.64,0.76,0.72,1.0,0.6,0.6,0.72,0.6799999999999999,0.8,0.56,0.56,0.6799999999999999,0.64,0.76,0.52,0.52,0.64,0.6,0.72,0.52,0.52,0.6,0.56,0.6799999999999999,0.48,0.48,0.56,0.56,0.64,0.48,0.48,0.56
113,0.0,0.0,0.0,0.0,0.0,0.0,1.0,0.0,1.0,0.0,0.0,1.0,0.0,0.0,0.0,0.0,0.0,1.0,0.0,1.0,0.0,0.0,0.0,0.0,0.0,0.0,0.0,0.0,0.0,0.0,1.0,1.0,0.0,0.0,0.0,0.0,0.0,0.0,1.0,0.0,1.0,1.0,0.0,1.0,0.0,0.0,0.0,0.0,1.0,0.0,1.0,0.0,1.0,0.0,0.0,0.0,0.0,0.0,0.0,0.0,0.0,1.0,0.0,0.0,0.0,1.0,1.0,0.0,1.0,0.0,0.0,0.0,1.0,0.0,0.0,0.0,0.0,1.0,0.0,0.0,0.0,0.0,0.0,0.0,0.0,1.0,1.0,1.0,0.0,0.0,0.0,0.0,0.0,0.0,0.0,0.0,0.0,1.0,0.0,0.0,0.0,1.0,0.0,1.0,0.8,0.72,0.88,0.84,1.0,0.92,0.6799999999999999,0.84,0.76,1.0,0.92,0.64,0.76,0.6799999999999999,1.0,0.84,0.6,0.6799999999999999,0.64,0.96,0.72,0.56,0.64,0.6,0.72,0.6799999999999999,0.56,0.6,0.6,0.6799999999999999,0.64,0.52,0.6,0.56,0.64,0.6,0.8,0.72,0.88,0.84,1.0,0.92,0.6799999999999999,0.84,0.76,1.0,0.92,0.64,0.76,0.6799999999999999,1.0,0.84,0.6,0.6799999999999999,0.64,0.96,0.72,0.56,0.64,0.6,0.72,0.6799999999999999,0.56,0.6,0.6,0.6799999999999999,0.64,0.52,0.6,0.56,0.64,0.6
114,1.0,0.0,1.0,0.0,1.0,0.0,0.0,0.0,0.0,1.0,0.0,0.0,0.0,1.0,0.0,0.0,0.0,0.0,0.0,0.0,0.0,0.0,0.0,1.0,0.0,0.0,0.0,0.0,0.0,0.0,1.0,0.0,0.0,0.0,0.0,0.0,1.0,0.0,1.0,0.0,0.0,0.0,0.0,0.0,1.0,1.0,0.0,1.0,0.0,0.0,1.0,0.0,0.0,0.0,0.0,0.0,0.0,0.0,0.0,0.0,1.0,0.0,0.0,0.0,0.0,0.0,1.0,0.0,1.0,1.0,0.0,1.0,0.0,0.0,0.0,0.0,1.0,0.0,1.0,0.0,1.0,0.0,0.0,1.0,0.0,0.0,0.0,1.0,0.0,1.0,0.0,0.0,0.0,1.0,1.0,0.0,0.0,0.0,0.0,0.0,0.0,0.0,0.0,0.0,0.84,0.6799999999999999,0.88,1.0,0.72,0.8,0.64,0.76,0.88,0.6799999999999999,0.76,0.6,0.72,0.76,0.64,0.72,0.56,0.6799999999999999,0.72,0.6,0.6799999999999999,0.52,0.64,0.6799999999999999,0.56,0.64,0.52,0.6,0.64,0.56,0.6,0.48,0.56,0.6,0.52,0.56,0.84,0.6799999999999999,0.88,1.0,0.72,0.8,0.64,0.76,0.88,0.6799999999999999,0.76,0.6,0.72,0.76,0.64,0.72,0.56,0.6799999999999999,0.72,0.6,0.6799999999999999,0.52,0.64,0.6799999999999999,0.56,0.64,0.52,0.6,0.64,0.56,0.6,0.48,0.56,0.6,0.52,0.56
115,1.0,0.0,1.0,0.0,0.0,0.0,0.0,0.0,0.0,1.0,1.0,0.0,0.0,0.0,0.0,0.0,0.0,0.0,1.0,0.0,1.0,0.0,1.0,0.0,0.0,1.0,1.0,0.0,1.0,0.0,0.0,0.0,0.0,1.0,0.0,0.0,0.0,0.0,1.0,0.0,0.0,0.0,0.0,0.0,0.0,0.0,1.0,0.0,0.0,0.0,0.0,0.0,0.0,0.0,0.0,0.0,1.0,0.0,0.0,0.0,0.0,0.0,0.0,0.0,0.0,1.0,1.0,1.0,0.0,1.0,0.0,1.0,0.0,1.0,0.0,0.0,1.0,0.0,0.0,0.0,0.0,0.0,0.0,0.0,0.0,0.0,0.0,1.0,0.0,0.0,0.0,1.0,0.0,0.0,0.0,1.0,0.0,0.0,0.0,0.0,0.0,0.0,1.0,1.0,0.4,0.4,0.43999999999999995,0.4,0.4,0.48,0.4,0.43999999999999995,0.4,0.4,0.48,0.36,0.43999999999999995,0.36,0.36,0.56,0.36,0.43999999999999995,0.36,0.36,0.56,0.36,0.52,0.36,0.36,0.4,0.36,1.0,0.36,0.36,0.4,0.31999999999999995,0.4,0.31999999999999995,0.31999999999999995,0.4,0.4,0.4,0.43999999999999995,0.4,0.4,0.48,0.4,0.43999999999999995,0.4,0.4,0.48,0.36,0.43999999999999995,0.36,0.36,0.56,0.36,0.43999999999999995,0.36,0.36,0.56,0.36,0.52,0.36,0.36,0.4,0.36,1.0,0.36,0.36,0.4,0.31999999999999995,0.4,0.31999999999999995,0.31999999999999995,0.4
116,0.0,0.0,1.0,0.0,1.0,0.0,1.0,0.0,0.0,0.0,0.0,0.0,0.0,0.0,1.0,0.0,1.0,0.0,0.0,1.0,0.0,0.0,0.0,0.0,0.0,0.0,0.0,0.0,0.0,0.0,0.0,0.0,1.0,0.0,0.0,1.0,1.0,0.0,1.0,0.0,0.0,0.0,0.0,0.0,0.0,0.0,0.0,1.0,1.0,0.0,0.0,1.0,0.0,0.0,0.0,0.0,0.0,0.0,0.0,0.0,1.0,0.0,1.0,0.0,1.0,1.0,0.0,0.0,0.0,1.0,0.0,0.0,0.0,1.0,0.0,0.0,1.0,0.0,0.0,1.0,0.0,0.0,0.0,1.0,0.0,0.0,1.0,0.0,0.0,0.0,0.0,0.0,0.0,0.0,1.0,0.0,0.0,0.0,1.0,0.0,0.0,1.0,0.0,0.0,0.64,0.72,0.72,0.76,0.76,0.8,0.72,0.6799999999999999,0.76,0.72,0.8,0.64,0.6,0.76,0.64,1.0,0.6,0.6,0.6799999999999999,0.56,0.76,0.56,0.56,0.56,0.56,0.64,0.52,0.52,0.56,0.52,0.56,0.52,0.52,0.52,0.52,0.52,0.64,0.72,0.72,0.76,0.76,0.8,0.72,0.6799999999999999,0.76,0.72,0.8,0.64,0.6,0.76,0.64,1.0,0.6,0.6,0.6799999999999999,0.56,0.76,0.56,0.56,0.56,0.56,0.64,0.52,0.52,0.56,0.52,0.56,0.52,0.52,0.52,0.52,0.52
117,0.0,0.0,0.0,0.0,0.0,1.0,1.0,0.0,0.0,0.0,1.0,0.0,1.0,0.0,0.0,0.0,1.0,0.0,0.0,1.0,0.0,0.0,0.0,0.0,0.0,0.0,0.0,0.0,1.0,1.0,0.0,0.0,0.0,0.0,0.0,0.0,1.0,0.0,0.0,0.0,1.0,0.0,0.0,0.0,1.0,1.0,0.0,0.0,0.0,0.0,1.0,0.0,1.0,0.0,0.0,0.0,0.0,0.0,0.0,1.0,0.0,1.0,0.0,1.0,0.0,0.0,1.0,1.0,0.0,0.0,0.0,0.0,0.0,0.0,0.0,0.0,1.0,0.0,0.0,1.0,0.0,0.0,0.0,0.0,0.0,0.0,0.0,0.0,0.0,0.0,0.0,0.0,0.0,1.0,0.0,1.0,0.0,0.0,1.0,0.0,1.0,0.0,0.0,1.0,0.56,0.6799999999999999,0.52,0.52,0.72,0.64,0.6799999999999999,0.48,0.48,0.72,0.6,0.6799999999999999,0.48,0.48,0.72,0.64,0.6799999999999999,0.48,0.48,1.0,0.6,0.8,0.43999999999999995,0.43999999999999995,0.84,0.48,0.52,0.43999999999999995,0.43999999999999995,0.52,0.48,0.52,0.43999999999999995,0.43999999999999995,0.52,0.48,0.56,0.6799999999999999,0.52,0.52,0.72,0.64,0.6799999999999999,0.48,0.48,0.72,0.6,0.6799999999999999,0.48,0.48,0.72,0.64,0.6799999999999999,0.48,0.48,1.0,0.6,0.8,0.43999999999999995,0.43999999999999995,0.84,0.48,0.52,0.43999999999999995,0.43999999999999995,0.52,0.48,0.52,0.43999999999999995,0.43999999999999995,0.52,0.48
118,0.0,0.0,0.0,1.0,0.0,0.0,1.0,0.0,0.0,1.0,1.0,0.0,0.0,1.0,0.0,0.0,1.0,1.0,0.0,0.0,0.0,0.0,0.0,0.0,0.0,0.0,0.0,0.0,1.0,0.0,1.0,0.0,0.0,0.0,1.0,0.0,0.0,0.0,0.0,1.0,0.0,0.0,0.0,0.0,0.0,0.0,1.0,0.0,0.0,0.0,1.0,0.0,0.0,1.0,0.0,0.0,1.0,1.0,0.0,1.0,0.0,0.0,0.0,1.0,0.0,0.0,1.0,0.0,0.0,0.0,0.0,1.0,0.0,1.0,0.0,0.0,0.0,0.0,0.0,0.0,0.0,0.0,0.0,0.0,1.0,0.0,0.0,0.0,0.0,0.0,1.0,0.0,1.0,0.0,0.0,0.0,0.0,1.0,0.0,0.0,0.0,1.0,0.0,0.0,1.0,0.92,0.72,0.72,0.76,0.72,0.84,0.6799999999999999,0.6799999999999999,0.72,0.6799999999999999,0.8,0.64,0.64,0.6799999999999999,0.64,0.76,0.6,0.6,0.64,0.6,0.72,0.56,0.56,0.6,0.56,0.6799999999999999,0.56,0.52,0.56,0.52,0.64,0.52,0.52,0.56,0.52,1.0,0.92,0.72,0.72,0.76,0.72,0.84,0.6799999999999999,0.6799999999999999,0.72,0.6799999999999999,0.8,0.64,0.64,0.6799999999999999,0.64,0.76,0.6,0.6,0.64,0.6,0.72,0.56,0.56,0.6,0.56,0.6799999999999999,0.56,0.52,0.56,0.52,0.64,0.52,0.52,0.56,0.52
119,0.0,0.0,1.0,0.0,1.0,0.0,1.0,0.0,1.0,1.0,1.0,0.0,1.0,0.0,0.0,1.0,0.0,0.0,1.0,0.0,0.0,0.0,0.0,0.0,0.0,1.0,0.0,0.0,0.0,0.0,0.0,1.0,0.0,0.0,0.0,0.0,0.0,1.0,0.0,0.0,0.0,0.0,1.0,0.0,0.0,0.0,0.0,0.0,0.0,0.0,0.0,0.0,0.0,1.0,0.0,0.0,0.0,0.0,0.0,0.0,0.0,0.0,0.0,1.0,0.0,0.0,1.0,0.0,0.0,0.0,0.0,1.0,0.0,0.0,1.0,0.0,1.0,0.0,0.0,0.0,0.0,0.0,0.0,0.0,0.0,0.0,0.0,0.0,0.0,0.0,0.0,0.0,0.0,1.0,0.0,0.0,1.0,1.0,1.0,0.0,1.0,1.0,1.0,0.0,0.48,0.52,0.52,0.43999999999999995,0.52,0.52,0.52,0.52,0.4,0.52,0.52,0.52,0.52,0.4,0.52,0.6,0.52,0.52,0.4,0.6799999999999999,0.6,0.6799999999999999,0.48,0.4,0.6,0.48,1.0,0.48,0.36,0.6,0.43999999999999995,0.43999999999999995,0.43999999999999995,0.36,0.43999999999999995,0.4,0.48,0.52,0.52,0.43999999999999995,0.52,0.52,0.52,0.52,0.4,0.52,0.52,0.52,0.52,0.4,0.52,0.6,0.52,0.52,0.4,0.6799999999999999,0.6,0.6799999999999999,0.48,0.4,0.6,0.48,1.0,0.48,0.36,0.6,0.43999999999999995,0.43999999999999995,0.43999999999999995,0.36,0.43999999999999995,0.4
120,0.0,0.0,1.0,0.0,0.0,0.0,0.0,1.0,0.0,1.0,0.0,0.0,0.0,1.0,0.0,1.0,0.0,1.0,0.0,0.0,0.0,0.0,0.0,1.0,0.0,0.0,0.0,0.0,1.0,0.0,0.0,1.0,1.0,0.0,0.0,1.0,0.0,0.0,1.0,0.0,1.0,0.0,0.0,0.0,0.0,0.0,0.0,0.0,0.0,0.0,0.0,0.0,0.0,0.0,0.0,1.0,0.0,1.0,0.0,0.0,0.0,0.0,1.0,1.0,0.0,0.0,1.0,0.0,0.0,0.0,0.0,0.0,1.0,0.0,1.0,0.0,0.0,0.0,1.0,1.0,0.0,0.0,0.0,0.0,0.0,0.0,1.0,0.0,0.0,0.0,0.0,1.0,0.0,0.0,1.0,0.0,0.0,0.0,0.0,1.0,0.0,0.0,0.0,0.0,1.0,0.84,0.8,0.92,0.72,0.76,0.8,0.76,0.88,0.6799999999999999,0.72,0.76,0.72,0.8,0.64,0.6799999999999999,0.72,0.6799999999999999,0.76,0.6,0.64,0.6799999999999999,0.64,0.72,0.56,0.6,0.64,0.6,0.6799999999999999,0.52,0.56,0.6,0.56,0.64,0.52,0.56,1.0,0.84,0.8,0.92,0.72,0.76,0.8,0.76,0.88,0.6799999999999999,0.72,0.76,0.72,0.8,0.64,0.6799999999999999,0.72,0.6799999999999999,0.76,0.6,0.64,0.6799999999999999,0.64,0.72,0.56,0.6,0.64,0.6,0.6799999999999999,0.52,0.56,0.6,0.56,0.64,0.52,0.56
121,1.0,0.0,1.0,1.0,1.0,0.0,0.0,0.0,1.0,1.0,0.0,0.0,0.0,0.0,1.0,1.0,0.0,1.0,0.0,0.0,0.0,0.0,0.0,0.0,1.0,0.0,0.0,0.0,0.0,0.0,0.0,0.0,0.0,0.0,0.0,0.0,0.0,1.0,0.0,0.0,0.0,1.0,0.0,0.0,0.0,0.0,0.0,0.0,0.0,0.0,0.0,1.0,0.0,0.0,0.0,0.0,0.0,0.0,0.0,0.0,0.0,0.0,0.0,0.0,1.0,0.0,0.0,0.0,0.0,0.0,0.0,1.0,0.0,0.0,0.0,0.0,0.0,0.0,0.0,1.0,0.0,0.0,1.0,1.0,0.0,1.0,0.0,1.0,1.0,0.0,0.0,0.0,1.0,0.0,0.0,0.0,1.0,1.0,1.0,0.0,1.0,0.0,0.0,0.0,0.84,0.76,0.6799999999999999,1.0,0.96,0.72,0.72,0.64,1.0,0.88,0.6799999999999999,0.6799999999999999,0.6,0.84,0.76,0.64,0.64,0.6,0.76,0.72,0.6,0.6,0.56,0.72,0.6799999999999999,0.56,0.56,0.52,0.6799999999999999,0.64,0.52,0.52,0.52,0.64,0.6,0.52,0.84,0.76,0.6799999999999999,1.0,0.96,0.72,0.72,0.64,1.0,0.88,0.6799999999999999,0.6799999999999999,0.6,0.84,0.76,0.64,0.64,0.6,0.76,0.72,0.6,0.6,0.56,0.72,0.6799999999999999,0.56,0.56,0.52,0.6799999999999999,0.64,0.52,0.52,0.52,0.64,0.6,0.52
122,0.0,0.0,0.0,0.0,0.0,0.0,0.0,1.0,0.0,1.0,1.0,0.0,0.0,1.0,0.0,0.0,0.0,0.0,0.0,0.0,0.0,0.0,1.0,0.0,0.0,0.0,0.0,1.0,0.0,0.0,0.0,1.0,0.0,0.0,1.0,1.0,0.0,0.0,0.0,0.0,0.0,0.0,1.0,0.0,1.0,1.0,0.0,0.0,1.0,0.0,0.0,0.0,0.0,0.0,0.0,1.0,0.0,1.0,0.0,0.0,1.0,0.0,0.0,0.0,1.0,0.0,1.0,0.0,0.0,0.0,0.0,0.0,0.0,0.0,0.0,1.0,1.0,0.0,0.0,0.0,0.0,0.0,0.0,0.0,1.0,1.0,0.0,0.0,0.0,0.0,1.0,0.0,1.0,1.0,0.0,0.0,0.0,0.0,0.0,0.0,0.0,1.0,0.0,0.0,0.88,1.0,0.84,0.96,0.96,0.92,0.84,0.76,0.88,0.88,0.84,0.8,0.72,0.8,0.8,0.76,0.76,0.6799999999999999,0.76,0.76,0.72,0.6799999999999999,0.64,0.6799999999999999,0.6799999999999999,0.6799999999999999,0.64,0.6,0.64,0.64,0.64,0.6,0.56,0.6,0.6,0.6,0.88,1.0,0.84,0.96,0.96,0.92,0.84,0.76,0.88,0.88,0.84,0.8,0.72,0.8,0.8,0.76,0.76,0.6799999999999999,0.76,0.76,0.72,0.6799999999999999,0.64,0.6799999999999999,0.6799999999999999,0.6799999999999999,0.64,0.6,0.64,0.64,0.64,0.6,0.56,0.6,0.6,0.6
123,0.0,1.0,0.0,0.0,1.0,1.0,1.0,1.0,0.0,1.0,0.0,0.0,0.0,0.0,0.0,0.0,0.0,0.0,1.0,0.0,1.0,0.0,0.0,0.0,0.0,0.0,1.0,0.0,1.0,0.0,0.0,0.0,0.0,0.0,1.0,0.0,1.0,0.0,0.0,0.0,0.0,0.0,0.0,0.0,1.0,0.0,0.0,0.0,0.0,0.0,0.0,0.0,0.0,0.0,1.0,0.0,0.0,0.0,0.0,0.0,0.0,0.0,0.0,0.0,0.0,0.0,0.0,0.0,1.0,1.0,0.0,0.0,0.0,0.0,1.0,0.0,1.0,1.0,0.0,0.0,0.0,1.0,1.0,0.0,1.0,0.0,0.0,0.0,0.0,1.0,0.0,0.0,0.0,1.0,0.0,0.0,0.0,0.0,0.0,0.0,1.0,0.0,0.0,1.0,0.84,0.92,0.92,1.0,0.64,0.72,0.88,0.84,1.0,0.6,0.6799999999999999,0.76,0.76,0.84,0.6,0.64,0.72,0.72,0.76,0.56,0.6,0.6799999999999999,0.6799999999999999,0.72,0.52,0.56,0.64,0.64,0.6799999999999999,0.52,0.52,0.6,0.6,0.64,0.48,0.52,0.84,0.92,0.92,1.0,0.64,0.72,0.88,0.84,1.0,0.6,0.6799999999999999,0.76,0.76,0.84,0.6,0.64,0.72,0.72,0.76,0.56,0.6,0.6799999999999999,0.6799999999999999,0.72,0.52,0.56,0.64,0.64,0.6799999999999999,0.52,0.52,0.6,0.6,0.64,0.48,0.52
124,0.0,1.0,0.0,0.0,0.0,1.0,0.0,1.0,0.0,0.0,0.0,0.0,1.0,0.0,0.0,0.0,0.0,0.0,0.0,1.0,1.0,0.0,0.0,0.0,0.0,0.0,1.0,0.0,0.0,1.0,0.0,0.0,0.0,0.0,0.0,0.0,0.0,1.0,1.0,0.0,0.0,0.0,0.0,1.0,0.0,0.0,0.0,1.0,0.0,0.0,1.0,0.0,1.0,0.0,0.0,0.0,0.0,0.0,0.0,0.0,1.0,1.0,0.0,0.0,0.0,1.0,0.0,1.0,0.0,0.0,0.0,0.0,0.0,0.0,1.0,0.0,0.0,1.0,0.0,0.0,0.0,0.0,1.0,0.0,0.0,0.0,1.0,0.0,0.0,0.0,0.0,1.0,1.0,1.0,0.0,0.0,0.0,0.0,0.0,0.0,1.0,0.0,0.0,0.0,0.84,0.96,0.84,0.8,1.0,0.88,0.88,0.76,0.76,0.88,0.8,0.76,0.72,0.72,0.76,0.76,0.72,0.6799999999999999,0.6799999999999999,0.72,0.6799999999999999,0.6799999999999999,0.64,0.64,0.6799999999999999,0.64,0.64,0.6,0.6,0.64,0.6,0.6,0.56,0.56,0.6,0.6,0.84,0.96,0.84,0.8,1.0,0.88,0.88,0.76,0.76,0.88,0.8,0.76,0.72,0.72,0.76,0.76,0.72,0.6799999999999999,0.6799999999999999,0.72,0.6799999999999999,0.6799999999999999,0.64,0.64,0.6799999999999999,0.64,0.64,0.6,0.6,0.64,0.6,0.6,0.56,0.56,0.6,0.6
125,0.0,0.0,0.0,0.0,1.0,0.0,0.0,0.0,0.0,1.0,0.0,0.0,0.0,0.0,0.0,1.0,1.0,1.0,0.0,1.0,1.0,1.0,0.0,1.0,0.0,0.0,1.0,0.0,0.0,0.0,0.0,0.0,0.0,1.0,0.0,0.0,0.0,0.0,0.0,1.0,0.0,0.0,0.0,0.0,0.0,1.0,0.0,0.0,0.0,0.0,0.0,0.0,1.0,0.0,0.0,0.0,0.0,0.0,0.0,0.0,0.0,0.0,0.0,0.0,0.0,1.0,0.0,0.0,0.0,0.0,1.0,0.0,0.0,0.0,1.0,0.0,1.0,0.0,0.0,1.0,0.0,0.0,1.0,0.0,0.0,0.0,0.0,1.0,0.0,1.0,1.0,0.0,0.0,1.0,0.0,0.0,0.0,0.0,0.0,1.0,0.0,0.0,0.0,1.0,0.8,0.64,1.0,0.96,0.64,0.64,0.6,1.0,0.96,0.6,0.6,0.56,1.0,0.88,0.6,0.56,0.56,1.0,0.76,0.56,0.56,0.52,0.84,0.72,0.52,0.52,0.52,0.72,0.6799999999999999,0.52,0.52,0.48,0.6799999999999999,0.64,0.48,0.48,0.8,0.64,1.0,0.96,0.64,0.64,0.6,1.0,0.96,0.6,0.6,0.56,1.0,0.88,0.6,0.56,0.56,1.0,0.76,0.56,0.56,0.52,0.84,0.72,0.52,0.52,0.52,0.72,0.6799999999999999,0.52,0.52,0.48,0.6799999999999999,0.64,0.48,0.48
126,0.0,1.0,0.0,0.0,0.0,0.0,0.0,1.0,0.0,1.0,1.0,0.0,1.0,0.0,0.0,0.0,0.0,1.0,0.0,0.0,0.0,0.0,0.0,0.0,0.0,0.0,0.0,0.0,0.0,1.0,0.0,1.0,1.0,0.0,1.0,0.0,0.0,0.0,0.0,0.0,1.0,0.0,0.0,0.0,0.0,0.0,0.0,0.0,0.0,1.0,0.0,1.0,0.0,0.0,0.0,0.0,0.0,0.0,0.0,0.0,0.0,0.0,0.0,1.0,0.0,0.0,1.0,1.0,1.0,0.0,1.0,0.0,0.0,1.0,1.0,1.0,0.0,0.0,0.0,0.0,1.0,0.0,0.0,0.0,0.0,1.0,0.0,0.0,1.0,1.0,0.0,0.0,0.0,0.0,0.0,0.0,0.0,0.0,1.0,0.0,0.0,0.0,0.0,0.0,0.64,0.72,0.76,0.8,0.56,0.72,0.72,0.76,0.8,0.56,0.72,0.6799999999999999,0.76,0.8,0.52,0.84,0.6,0.6799999999999999,1.0,0.52,0.72,0.56,0.6,0.6799999999999999,0.48,0.56,0.52,0.56,0.56,0.48,0.52,0.52,0.52,0.56,0.48,0.52,0.64,0.72,0.76,0.8,0.56,0.72,0.72,0.76,0.8,0.56,0.72,0.6799999999999999,0.76,0.8,0.52,0.84,0.6,0.6799999999999999,1.0,0.52,0.72,0.56,0.6,0.6799999999999999,0.48,0.56,0.52,0.56,0.56,0.48,0.52,0.52,0.52,0.56,0.48,0.52
127,0.0,1.0,0.0,1.0,0.0,1.0,0.0,0.0,0.0,0.0,1.0,1.0,0.0,0.0,0.0,1.0,0.0,0.0,0.0,0.0,0.0,0.0,0.0,0.0,1.0,0.0,0.0,0.0,1.0,1.0,1.0,0.0,0.0,0.0,1.0,0.0,0.0,0.0,0.0,0.0,0.0,0.0,0.0,0.0,1.0,0.0,0.0,0.0,0.0,0.0,0.0,1.0,0.0,0.0,0.0,0.0,0.0,0.0,1.0,0.0,0.0,0.0,0.0,0.0,1.0,0.0,0.0,0.0,0.0,0.0,0.0,1.0,0.0,0.0,0.0,1.0,0.0,1.0,1.0,0.0,0.0,0.0,0.0,0.0,0.0,0.0,0.0,0.0,1.0,0.0,1.0,1.0,1.0,1.0,0.0,1.0,0.0,1.0,0.0,0.0,0.0,0.0,0.0,0.0,0.56,0.6799999999999999,0.64,0.72,0.6799999999999999,0.72,0.6799999999999999,0.6,0.72,0.6799999999999999,0.72,0.6799999999999999,0.56,0.72,0.6799999999999999,1.0,0.64,0.52,0.84,0.6799999999999999,0.88,0.64,0.52,0.6,0.52,0.56,0.52,0.48,0.52,0.52,0.52,0.52,0.48,0.52,0.48,0.52,0.56,0.6799999999999999,0.64,0.72,0.6799999999999999,0.72,0.6799999999999999,0.6,0.72,0.6799999999999999,0.72,0.6799999999999999,0.56,0.72,0.6799999999999999,1.0,0.64,0.52,0.84,0.6799999999999999,0.88,0.64,0.52,0.6,0.52,0.56,0.52,0.48,0.52,0.52,0.52,0.52,0.48,0.52,0.48,0.52
128,0.0,0.0,1.0,0.0,0.0,0.0,0.0,1.0,0.0,1.0,0.0,0.0,0.0,1.0,1.0,0.0,0.0,1.0,0.0,0.0,0.0,0.0,0.0,0.0,0.0,1.0,0.0,0.0,0.0,0.0,0.0,0.0,0.0,1.0,0.0,0.0,0.0,0.0,1.0,0.0,0.0,0.0,0.0,1.0,0.0,0.0,0.0,0.0,1.0,1.0,1.0,0.0,0.0,1.0,0.0,0.0,0.0,1.0,0.0,0.0,0.0,0.0,0.0,1.0,0.0,0.0,0.0,1.0,0.0,0.0,1.0,1.0,0.0,0.0,0.0,0.0,1.0,0.0,0.0,0.0,0.0,0.0,1.0,1.0,1.0,0.0,1.0,0.0,0.0,0.0,0.0,0.0,0.0,0.0,1.0,0.0,0.0,0.0,1.0,0.0,0.0,0.0,0.0,0.0,0.88,0.84,1.0,0.84,0.88,0.88,0.76,0.92,0.76,0.8,0.8,0.72,0.84,0.72,0.76,0.76,0.6799999999999999,0.76,0.6799999999999999,0.72,0.72,0.64,0.72,0.64,0.6799999999999999,0.6799999999999999,0.6,0.6799999999999999,0.6,0.64,0.64,0.56,0.64,0.56,0.6,0.6,0.88,0.84,1.0,0.84,0.88,0.88,0.76,0.92,0.76,0.8,0.8,0.72,0.84,0.72,0.76,0.76,0.6799999999999999,0.76,0.6799999999999999,0.72,0.72,0.64,0.72,0.64,0.6799999999999999,0.6799999999999999,0.6,0.6799999999999999,0.6,0.64,0.64,0.56,0.64,0.56,0.6,0.6
129,0.0,1.0,0.0,0.0,0.0,0.0,0.0,1.0,0.0,0.0,0.0,1.0,0.0,0.0,0.0,0.0,0.0,0.0,1.0,1.0,0.0,0.0,0.0,0.0,0.0,1.0,1.0,0.0,0.0,0.0,0.0,0.0,1.0,1.0,1.0,1.0,0.0,0.0,0.0,0.0,0.0,0.0,0.0,0.0,0.0,1.0,0.0,0.0,0.0,0.0,1.0,0.0,0.0,0.0,0.0,0.0,0.0,1.0,0.0,0.0,0.0,0.0,0.0,0.0,0.0,0.0,0.0,0.0,1.0,0.0,0.0,0.0,1.0,0.0,0.0,0.0,0.0,0.0,0.0,0.0,0.0,1.0,1.0,0.0,0.0,0.0,0.0,0.0,0.0,1.0,1.0,1.0,1.0,1.0,0.0,1.0,0.0,0.0,0.0,1.0,1.0,0.0,0.0,0.0,0.8,0.64,0.64,1.0,0.96,0.8,0.6,0.6,1.0,0.96,0.72,0.56,0.56,1.0,0.92,0.6799999999999999,0.52,0.56,0.96,0.76,0.64,0.52,0.52,0.72,0.6799999999999999,0.6,0.48,0.52,0.6799999999999999,0.64,0.56,0.48,0.48,0.64,0.6,0.56,0.8,0.64,0.64,1.0,0.96,0.8,0.6,0.6,1.0,0.96,0.72,0.56,0.56,1.0,0.92,0.6799999999999999,0.52,0.56,0.96,0.76,0.64,0.52,0.52,0.72,0.6799999999999999,0.6,0.48,0.52,0.6799999999999999,0.64,0.56,0.48,0.48,0.64,0.6,0.56
130,0.0,0.0,0.0,0.0,0.0,0.0,1.0,0.0,1.0,0.0,0.0,1.0,0.0,0.0,0.0,0.0,1.0,0.0,0.0,1.0,0.0,0.0,0.0,0.0,0.0,0.0,1.0,0.0,0.0,1.0,0.0,0.0,0.0,1.0,0.0,1.0,1.0,0.0,0.0,0.0,0.0,0.0,0.0,0.0,1.0,1.0,0.0,0.0,0.0,1.0,0.0,0.0,0.0,0.0,0.0,0.0,1.0,0.0,0.0,0.0,0.0,0.0,1.0,0.0,0.0,0.0,0.0,0.0,0.0,1.0,1.0,0.0,0.0,0.0,0.0,0.0,0.0,1.0,0.0,1.0,1.0,0.0,0.0,0.0,1.0,0.0,0.0,0.0,0.0,1.0,0.0,0.0,1.0,0.0,1.0,1.0,0.0,0.0,0.0,0.0,1.0,0.0,0.0,0.0,0.84,0.6799999999999999,0.6799999999999999,1.0,0.8,0.8,0.64,0.64,0.88,0.76,0.72,0.6,0.6,0.76,0.72,0.6799999999999999,0.56,0.56,0.72,0.6799999999999999,0.64,0.56,0.56,0.6799999999999999,0.64,0.6,0.52,0.52,0.64,0.6,0.56,0.52,0.52,0.6,0.56,0.56,0.84,0.6799999999999999,0.6799999999999999,1.0,0.8,0.8,0.64,0.64,0.88,0.76,0.72,0.6,0.6,0.76,0.72,0.6799999999999999,0.56,0.56,0.72,0.6799999999999999,0.64,0.56,0.56,0.6799999999999999,0.64,0.6,0.52,0.52,0.64,0.6,0.56,0.52,0.52,0.6,0.56,0.56
131,0.0,0.0,0.0,0.0,0.0,1.0,0.0,0.0,0.0,0.0,0.0,0.0,0.0,1.0,0.0,0.0,0.0,0.0,0.0,1.0,0.0,0.0,1.0,1.0,1.0,0.0,0.0,0.0,0.0,0.0,0.0,0.0,1.0,0.0,1.0,0.0,0.0,0.0,1.0,0.0,0.0,1.0,0.0,0.0,0.0,0.0,1.0,1.0,0.0,0.0,1.0,0.0,0.0,0.0,0.0,0.0,0.0,0.0,0.0,0.0,1.0,0.0,1.0,0.0,0.0,0.0,1.0,0.0,0.0,0.0,1.0,0.0,1.0,1.0,0.0,0.0,0.0,0.0,0.0,0.0,1.0,1.0,0.0,1.0,0.0,0.0,0.0,0.0,1.0,1.0,0.0,0.0,0.0,0.0,1.0,0.0,0.0,0.0,0.0,0.0,1.0,0.0,0.0,0.0,0.8,0.64,0.96,1.0,0.72,0.72,0.6,0.96,0.92,0.6799999999999999,0.6799999999999999,0.56,0.92,0.88,0.64,0.64,0.52,0.88,0.92,0.6,0.6,0.52,0.76,0.72,0.56,0.56,0.48,0.6799999999999999,0.6799999999999999,0.56,0.56,0.48,0.64,0.64,0.52,0.52,0.8,0.64,0.96,1.0,0.72,0.72,0.6,0.96,0.92,0.6799999999999999,0.6799999999999999,0.56,0.92,0.88,0.64,0.64,0.52,0.88,0.92,0.6,0.6,0.52,0.76,0.72,0.56,0.56,0.48,0.6799999999999999,0.6799999999999999,0.56,0.56,0.48,0.64,0.64,0.52,0.52
132,0.0,0.0,0.0,0.0,0.0,0.0,0.0,0.0,1.0,1.0,0.0,0.0,1.0,0.0,0.0,1.0,1.0,0.0,1.0,0.0,0.0,0.0,0.0,0.0,0.0,1.0,1.0,0.0,1.0,0.0,0.0,1.0,1.0,0.0,0.0,0.0,0.0,1.0,0.0,0.0,0.0,0.0,1.0,0.0,0.0,0.0,0.0,0.0,0.0,0.0,0.0,0.0,0.0,0.0,1.0,1.0,0.0,0.0,0.0,0.0,0.0,0.0,0.0,0.0,0.0,0.0,0.0,0.0,0.0,1.0,0.0,0.0,0.0,0.0,1.0,0.0,0.0,0.0,0.0,0.0,0.0,0.0,0.0,0.0,0.0,1.0,0.0,0.0,1.0,0.0,0.0,1.0,1.0,1.0,0.0,1.0,0.0,0.0,1.0,1.0,0.0,0.0,0.0,1.0,0.84,0.76,0.76,0.96,1.0,0.8,0.72,0.72,0.8,0.88,0.76,0.6799999999999999,0.6799999999999999,0.76,0.76,0.6799999999999999,0.64,0.64,0.72,0.72,0.64,0.6,0.6,0.6799999999999999,0.6799999999999999,0.6,0.56,0.56,0.64,0.64,0.6,0.52,0.56,0.6,0.6,0.56,0.84,0.76,0.76,0.96,1.0,0.8,0.72,0.72,0.8,0.88,0.76,0.6799999999999999,0.6799999999999999,0.76,0.76,0.6799999999999999,0.64,0.64,0.72,0.72,0.64,0.6,0.6,0.6799999999999999,0.6799999999999999,0.6,0.56,0.56,0.64,0.64,0.6,0.52,0.56,0.6,0.6,0.56
133,0.0,0.0,0.0,0.0,0.0,1.0,0.0,0.0,0.0,0.0,0.0,0.0,0.0,1.0,1.0,0.0,0.0,0.0,0.0,1.0,1.0,0.0,0.0,0.0,0.0,0.0,0.0,0.0,0.0,0.0,1.0,0.0,0.0,1.0,1.0,0.0,0.0,0.0,0.0,0.0,0.0,1.0,0.0,1.0,1.0,0.0,0.0,0.0,1.0,0.0,0.0,1.0,1.0,0.0,0.0,0.0,1.0,0.0,1.0,0.0,0.0,0.0,0.0,1.0,0.0,0.0,0.0,0.0,0.0,0.0,0.0,0.0,0.0,0.0,0.0,0.0,1.0,0.0,0.0,1.0,0.0,0.0,0.0,0.0,1.0,0.0,0.0,1.0,1.0,0.0,1.0,0.0,1.0,0.0,0.0,0.0,0.0,0.0,1.0,0.0,0.0,1.0,0.0,0.0,0.72,0.64,0.6799999999999999,0.88,0.88,0.76,0.6,0.64,0.88,0.88,0.76,0.56,0.6,0.84,0.84,0.64,0.52,0.56,1.0,1.0,0.6,0.52,0.52,0.6799999999999999,0.6799999999999999,0.56,0.48,0.52,0.64,0.64,0.56,0.48,0.48,0.6,0.6,0.52,0.72,0.64,0.6799999999999999,0.88,0.88,0.76,0.6,0.64,0.88,0.88,0.76,0.56,0.6,0.84,0.84,0.64,0.52,0.56,1.0,1.0,0.6,0.52,0.52,0.6799999999999999,0.6799999999999999,0.56,0.48,0.52,0.64,0.64,0.56,0.48,0.48,0.6,0.6,0.52
134,1.0,1.0,0.0,0.0,1.0,0.0,0.0,0.0,0.0,0.0,0.0,0.0,0.0,1.0,0.0,1.0,1.0,0.0,0.0,0.0,0.0,0.0,0.0,1.0,1.0,1.0,0.0,0.0,0.0,0.0,0.0,0.0,1.0,0.0,0.0,0.0,0.0,0.0,0.0,0.0,0.0,0.0,0.0,1.0,0.0,1.0,0.0,0.0,0.0,0.0,1.0,0.0,0.0,0.0,1.0,0.0,0.0,0.0,1.0,0.0,0.0,0.0,0.0,1.0,1.0,0.0,0.0,0.0,0.0,0.0,1.0,0.0,0.0,0.0,1.0,0.0,0.0,0.0,0.0,0.0,1.0,0.0,0.0,1.0,0.0,0.0,0.0,0.0,0.0,0.0,0.0,1.0,1.0,0.0,0.0,0.0,0.0,0.0,1.0,1.0,0.0,1.0,0.0,0.0,0.64,0.72,0.76,0.56,0.8,0.6,0.72,0.76,0.52,0.8,0.56,0.72,0.76,0.52,0.8,0.52,0.6,0.72,0.48,1.0,0.52,0.56,0.84,0.48,0.76,0.48,0.52,0.6,0.48,0.56,0.48,0.52,0.56,0.43999999999999995,0.56,0.48,0.64,0.72,0.76,0.56,0.8,0.6,0.72,0.76,0.52,0.8,0.56,0.72,0.76,0.52,0.8,0.52,0.6,0.72,0.48,1.0,0.52,0.56,0.84,0.48,0.76,0.48,0.52,0.6,0.48,0.56,0.48,0.52,0.56,0.43999999999999995,0.56,0.48
135,0.0,0.0,0.0,1.0,1.0,0.0,0.0,1.0,0.0,1.0,0.0,0.0,0.0,0.0,0.0,0.0,0.0,1.0,0.0,0.0,1.0,1.0,1.0,1.0,0.0,0.0,0.0,0.0,0.0,0.0,0.0,0.0,0.0,0.0,0.0,1.0,0.0,0.0,0.0,0.0,1.0,0.0,1.0,0.0,1.0,0.0,0.0,0.0,0.0,0.0,0.0,0.0,1.0,0.0,0.0,0.0,0.0,0.0,0.0,0.0,1.0,0.0,0.0,0.0,0.0,0.0,0.0,1.0,0.0,0.0,0.0,0.0,0.0,0.0,0.0,0.0,1.0,1.0,1.0,0.0,1.0,0.0,1.0,0.0,0.0,1.0,0.0,0.0,0.0,1.0,0.0,1.0,0.0,0.0,0.0,0.0,0.0,0.0,0.0,1.0,1.0,0.0,0.0,0.0,1.0,0.76,0.88,0.76,0.72,0.8,0.72,0.84,0.72,0.6799999999999999,0.76,0.6799999999999999,0.8,0.6799999999999999,0.64,0.72,0.64,0.76,0.64,0.6,0.6799999999999999,0.6,0.72,0.6,0.56,0.64,0.56,0.6799999999999999,0.56,0.56,0.6,0.52,0.64,0.52,0.52,0.56,1.0,0.76,0.88,0.76,0.72,0.8,0.72,0.84,0.72,0.6799999999999999,0.76,0.6799999999999999,0.8,0.6799999999999999,0.64,0.72,0.64,0.76,0.64,0.6,0.6799999999999999,0.6,0.72,0.6,0.56,0.64,0.56,0.6799999999999999,0.56,0.56,0.6,0.52,0.64,0.52,0.52,0.56
136,0.0,0.0,0.0,0.0,0.0,0.0,0.0,1.0,0.0,0.0,1.0,0.0,0.0,0.0,1.0,0.0,0.0,0.0,0.0,0.0,0.0,0.0,0.0,0.0,0.0,1.0,0.0,0.0,0.0,0.0,0.0,0.0,0.0,1.0,1.0,1.0,0.0,1.0,1.0,0.0,1.0,0.0,1.0,0.0,0.0,0.0,0.0,0.0,0.0,1.0,1.0,0.0,0.0,0.0,1.0,1.0,1.0,0.0,1.0,0.0,0.0,1.0,0.0,0.0,0.0,0.0,0.0,0.0,0.0,0.0,0.0,0.0,0.0,0.0,1.0,0.0,1.0,0.0,1.0,1.0,0.0,1.0,0.0,1.0,0.0,0.0,0.0,0.0,0.0,0.0,0.0,1.0,0.0,0.0,0.0,0.0,0.0,0.0,0.0,0.0,1.0,0.0,0.0,0.0,0.6799999999999999,0.76,0.6,0.8,0.76,0.8,0.76,0.56,0.8,0.72,0.76,0.72,0.56,0.8,0.64,1.0,0.6,0.52,0.8,0.6,0.6,0.6,0.52,0.6,0.56,0.6,0.56,0.48,0.56,0.52,0.56,0.52,0.48,0.56,0.52,0.52,0.6799999999999999,0.76,0.6,0.8,0.76,0.8,0.76,0.56,0.8,0.72,0.76,0.72,0.56,0.8,0.64,1.0,0.6,0.52,0.8,0.6,0.6,0.6,0.52,0.6,0.56,0.6,0.56,0.48,0.56,0.52,0.56,0.52,0.48,0.56,0.52,0.52
137,0.0,0.0,1.0,0.0,0.0,0.0,1.0,1.0,0.0,0.0,0.0,1.0,1.0,0.0,0.0,0.0,0.0,0.0,0.0,0.0,0.0,0.0,0.0,0.0,1.0,0.0,0.0,1.0,0.0,1.0,0.0,0.0,0.0,0.0,1.0,0.0,0.0,0.0,1.0,0.0,1.0,1.0,0.0,1.0,0.0,0.0,0.0,0.0,0.0,0.0,0.0,0.0,1.0,1.0,0.0,0.0,0.0,0.0,0.0,0.0,1.0,0.0,0.0,0.0,0.0,1.0,1.0,0.0,0.0,1.0,1.0,0.0,0.0,0.0,0.0,0.0,0.0,0.0,1.0,0.0,0.0,0.0,1.0,0.0,0.0,0.0,0.0,0.0,1.0,0.0,0.0,0.0,0.0,0.0,1.0,0.0,1.0,0.0,0.0,1.0,0.0,0.0,0.0,0.0,1.0,0.96,0.76,0.88,0.76,0.76,0.88,0.6799999999999999,0.8,0.72,0.72,0.8,0.64,0.76,0.6799999999999999,0.6799999999999999,0.76,0.6,0.72,0.64,0.64,0.72,0.6,0.6799999999999999,0.6,0.6,0.6799999999999999,0.56,0.64,0.56,0.56,0.64,0.52,0.6,0.52,0.52,1.0,0.96,0.76,0.88,0.76,0.76,0.88,0.6799999999999999,0.8,0.72,0.72,0.8,0.64,0.76,0.6799999999999999,0.6799999999999999,0.76,0.6,0.72,0.64,0.64,0.72,0.6,0.6799999999999999,0.6,0.6,0.6799999999999999,0.56,0.64,0.56,0.56,0.64,0.52,0.6,0.52,0.52
138,1.0,1.0,0.0,0.0,1.0,0.0,0.0,0.0,0.0,1.0,1.0,0.0,0.0,0.0,1.0,0.0,0.0,0.0,0.0,0.0,0.0,1.0,0.0,0.0,1.0,0.0,0.0,0.0,0.0,0.0,0.0,0.0,0.0,1.0,0.0,0.0,0.0,0.0,1.0,0.0,0.0,0.0,1.0,0.0,0.0,0.0,1.0,1.0,0.0,0.0,0.0,0.0,0.0,0.0,1.0,0.0,0.0,0.0,0.0,1.0,0.0,0.0,0.0,0.0,0.0,0.0,0.0,0.0,1.0,1.0,0.0,1.0,1.0,0.0,1.0,0.0,0.0,0.0,0.0,0.0,0.0,0.0,0.0,1.0,0.0,0.0,1.0,0.0,0.0,1.0,0.0,0.0,0.0,0.0,0.0,0.0,0.0,0.0,0.0,0.0,1.0,0.0,1.0,1.0,0.84,0.92,1.0,0.76,0.84,0.92,0.8,1.0,0.72,0.76,0.84,0.76,0.84,0.6799999999999999,0.72,0.76,0.72,0.76,0.64,0.6799999999999999,0.72,0.6799999999999999,0.72,0.6,0.64,0.6799999999999999,0.64,0.6799999999999999,0.56,0.6,0.64,0.6,0.64,0.56,0.56,0.6,0.84,0.92,1.0,0.76,0.84,0.92,0.8,1.0,0.72,0.76,0.84,0.76,0.84,0.6799999999999999,0.72,0.76,0.72,0.76,0.64,0.6799999999999999,0.72,0.6799999999999999,0.72,0.6,0.64,0.6799999999999999,0.64,0.6799999999999999,0.56,0.6,0.64,0.6,0.64,0.56,0.56,0.6
139,0.0,1.0,0.0,1.0,0.0,0.0,0.0,0.0,0.0,0.0,0.0,0.0,0.0,0.0,0.0,1.0,0.0,0.0,0.0,1.0,0.0,1.0,0.0,0.0,0.0,1.0,0.0,0.0,0.0,0.0,0.0,1.0,0.0,0.0,1.0,0.0,1.0,1.0,0.0,0.0,0.0,1.0,1.0,0.0,0.0,0.0,0.0,0.0,0.0,1.0,0.0,0.0,1.0,0.0,0.0,0.0,0.0,0.0,1.0,0.0,1.0,0.0,0.0,0.0,0.0,1.0,0.0,0.0,1.0,1.0,1.0,0.0,0.0,0.0,1.0,0.0,0.0,0.0,0.0,1.0,0.0,1.0,0.0,0.0,0.0,0.0,0.0,1.0,0.0,0.0,0.0,0.0,0.0,0.0,0.0,0.0,0.0,0.0,0.0,1.0,1.0,0.0,0.0,0.0,0.92,0.6799999999999999,1.0,0.84,0.6799999999999999,0.76,0.64,0.84,0.8,0.64,0.6799999999999999,0.6,0.8,0.76,0.6,0.64,0.6,0.76,0.6799999999999999,0.6,0.6,0.56,0.72,0.64,0.56,0.6,0.52,0.6799999999999999,0.6,0.52,0.56,0.52,0.64,0.6,0.52,0.52,0.92,0.6799999999999999,1.0,0.84,0.6799999999999999,0.76,0.64,0.84,0.8,0.64,0.6799999999999999,0.6,0.8,0.76,0.6,0.64,0.6,0.76,0.6799999999999999,0.6,0.6,0.56,0.72,0.64,0.56,0.6,0.52,0.6799999999999999,0.6,0.52,0.56,0.52,0.64,0.6,0.52,0.52
140,0.0,1.0,0.0,0.0,0.0,0.0,1.0,0.0,0.0,1.0,0.0,0.0,1.0,0.0,0.0,0.0,0.0,0.0,0.0,0.0,0.0,1.0,0.0,1.0,0.0,1.0,0.0,0.0,0.0,0.0,1.0,1.0,1.0,0.0,1.0,0.0,0.0,0.0,1.0,0.0,0.0,0.0,0.0,0.0,1.0,0.0,0.0,0.0,0.0,0.0,0.0,0.0,0.0,0.0,0.0,0.0,1.0,1.0,0.0,0.0,0.0,0.0,1.0,0.0,0.0,1.0,1.0,0.0,0.0,0.0,1.0,0.0,1.0,0.0,0.0,0.0,0.0,0.0,1.0,0.0,1.0,0.0,0.0,0.0,0.0,0.0,0.0,0.0,1.0,1.0,0.0,1.0,0.0,0.0,0.0,1.0,0.0,0.0,0.0,0.0,0.0,0.0,0.0,0.0,0.64,0.72,0.72,0.8,0.56,0.72,0.72,0.72,0.8,0.52,0.72,0.72,0.72,0.8,0.52,0.6,0.6799999999999999,0.64,1.0,0.48,0.56,0.64,0.64,0.84,0.48,0.52,0.56,0.56,0.56,0.48,0.52,0.52,0.52,0.56,0.43999999999999995,0.48,0.64,0.72,0.72,0.8,0.56,0.72,0.72,0.72,0.8,0.52,0.72,0.72,0.72,0.8,0.52,0.6,0.6799999999999999,0.64,1.0,0.48,0.56,0.64,0.64,0.84,0.48,0.52,0.56,0.56,0.56,0.48,0.52,0.52,0.52,0.56,0.43999999999999995,0.48
141,0.0,0.0,0.0,0.0,0.0,0.0,0.0,1.0,1.0,0.0,0.0,0.0,1.0,1.0,0.0,0.0,0.0,0.0,1.0,0.0,0.0,0.0,1.0,0.0,1.0,0.0,1.0,0.0,0.0,1.0,0.0,0.0,0.0,0.0,0.0,0.0,1.0,0.0,0.0,0.0,1.0,0.0,0.0,1.0,0.0,0.0,0.0,0.0,0.0,0.0,0.0,1.0,0.0,0.0,0.0,0.0,0.0,0.0,0.0,0.0,0.0,0.0,1.0,1.0,0.0,0.0,0.0,0.0,0.0,0.0,0.0,0.0,1.0,1.0,0.0,0.0,0.0,0.0,0.0,1.0,0.0,0.0,0.0,1.0,0.0,0.0,0.0,1.0,0.0,1.0,0.0,1.0,0.0,0.0,0.0,0.0,1.0,1.0,0.0,1.0,0.0,1.0,0.0,0.0,0.64,0.6799999999999999,0.72,0.76,0.76,0.8,0.64,0.72,0.76,0.76,0.8,0.6,0.64,0.76,0.76,1.0,0.56,0.6,0.6,0.6,0.6799999999999999,0.52,0.56,0.56,0.56,0.6,0.52,0.52,0.56,0.56,0.56,0.48,0.52,0.52,0.52,0.52,0.64,0.6799999999999999,0.72,0.76,0.76,0.8,0.64,0.72,0.76,0.76,0.8,0.6,0.64,0.76,0.76,1.0,0.56,0.6,0.6,0.6,0.6799999999999999,0.52,0.56,0.56,0.56,0.6,0.52,0.52,0.56,0.56,0.56,0.48,0.52,0.52,0.52,0.52
142,0.0,0.0,0.0,0.0,0.0,0.0,1.0,1.0,1.0,0.0,0.0,0.0,0.0,1.0,1.0,0.0,0.0,0.0,0.0,0.0,0.0,1.0,0.0,1.0,1.0,0.0,0.0,0.0,0.0,0.0,0.0,0.0,0.0,0.0,0.0,0.0,1.0,1.0,0.0,0.0,0.0,0.0,1.0,0.0,0.0,0.0,0.0,1.0,0.0,0.0,1.0,0.0,0.0,0.0,1.0,0.0,0.0,1.0,0.0,0.0,0.0,0.0,1.0,1.0,1.0,0.0,0.0,0.0,0.0,0.0,0.0,0.0,0.0,0.0,0.0,0.0,0.0,0.0,1.0,0.0,0.0,0.0,0.0,1.0,1.0,1.0,1.0,0.0,0.0,0.0,0.0,0.0,0.0,0.0,0.0,0.0,1.0,1.0,0.0,0.0,0.0,1.0,0.0,0.0,0.76,0.88,0.8,0.88,0.84,0.88,0.88,0.72,0.88,0.84,0.88,0.88,0.6799999999999999,0.88,0.6799999999999999,1.0,0.88,0.64,0.88,0.64,0.6799999999999999,0.88,0.6,0.6799999999999999,0.6,0.64,0.6799999999999999,0.56,0.64,0.6,0.6,0.64,0.52,0.6,0.56,0.56,0.76,0.88,0.8,0.88,0.84,0.88,0.88,0.72,0.88,0.84,0.88,0.88,0.6799999999999999,0.88,0.6799999999999999,1.0,0.88,0.64,0.88,0.64,0.6799999999999999,0.88,0.6,0.6799999999999999,0.6,0.64,0.6799999999999999,0.56,0.64,0.6,0.6,0.64,0.52,0.6,0.56,0.56
143,0.0,0.0,0.0,0.0,0.0,1.0,0.0,0.0,0.0,1.0,0.0,0.0,1.0,1.0,1.0,1.0,1.0,1.0,0.0,1.0,0.0,1.0,0.0,0.0,0.0,0.0,0.0,0.0,0.0,0.0,0.0,0.0,0.0,1.0,0.0,0.0,0.0,1.0,1.0,0.0,0.0,0.0,0.0,0.0,0.0,0.0,0.0,0.0,0.0,0.0,0.0,0.0,1.0,0.0,0.0,0.0,0.0,0.0,1.0,1.0,0.0,0.0,1.0,0.0,0.0,0.0,0.0,0.0,0.0,0.0,0.0,0.0,0.0,0.0,1.0,0.0,0.0,1.0,0.0,0.0,0.0,1.0,1.0,0.0,0.0,0.0,0.0,0.0,0.0,0.0,0.0,0.0,1.0,0.0,0.0,1.0,1.0,1.0,0.0,0.0,0.0,0.0,1.0,0.0,0.8,0.92,1.0,0.72,0.76,0.88,0.92,1.0,0.6799999999999999,0.72,0.84,0.8,1.0,0.64,0.6799999999999999,0.72,0.72,1.0,0.6,0.64,0.6799999999999999,0.6799999999999999,0.96,0.56,0.6,0.64,0.64,0.76,0.56,0.56,0.6,0.6,0.6799999999999999,0.52,0.56,0.56,0.8,0.92,1.0,0.72,0.76,0.88,0.92,1.0,0.6799999999999999,0.72,0.84,0.8,1.0,0.64,0.6799999999999999,0.72,0.72,1.0,0.6,0.64,0.6799999999999999,0.6799999999999999,0.96,0.56,0.6,0.64,0.64,0.76,0.56,0.56,0.6,0.6,0.6799999999999999,0.52,0.56,0.56
144,0.0,0.0,0.0,0.0,0.0,0.0,0.0,0.0,0.0,0.0,0.0,1.0,1.0,0.0,1.0,0.0,1.0,0.0,1.0,0.0,0.0,0.0,0.0,0.0,0.0,0.0,0.0,0.0,0.0,0.0,0.0,0.0,1.0,0.0,0.0,0.0,1.0,1.0,0.0,1.0,0.0,0.0,0.0,0.0,1.0,1.0,0.0,0.0,0.0,1.0,0.0,1.0,0.0,1.0,0.0,0.0,0.0,1.0,0.0,1.0,0.0,0.0,0.0,0.0,0.0,0.0,0.0,0.0,0.0,0.0,0.0,1.0,0.0,0.0,0.0,0.0,0.0,1.0,0.0,1.0,0.0,0.0,0.0,0.0,0.0,1.0,1.0,1.0,0.0,0.0,0.0,0.0,1.0,1.0,1.0,1.0,0.0,0.0,0.0,0.0,0.0,0.0,0.0,0.0,0.72,0.6799999999999999,0.64,0.84,0.88,0.84,0.64,0.6,0.8,0.88,0.76,0.6,0.56,0.76,0.88,0.76,0.56,0.56,0.64,1.0,0.64,0.52,0.52,0.6,0.6799999999999999,0.6,0.52,0.52,0.6,0.64,0.56,0.48,0.48,0.56,0.6,0.52,0.72,0.6799999999999999,0.64,0.84,0.88,0.84,0.64,0.6,0.8,0.88,0.76,0.6,0.56,0.76,0.88,0.76,0.56,0.56,0.64,1.0,0.64,0.52,0.52,0.6,0.6799999999999999,0.6,0.52,0.52,0.6,0.64,0.56,0.48,0.48,0.56,0.6,0.52
145,0.0,1.0,0.0,1.0,0.0,0.0,1.0,1.0,0.0,0.0,0.0,1.0,1.0,0.0,0.0,1.0,0.0,0.0,0.0,0.0,0.0,0.0,1.0,0.0,0.0,0.0,1.0,0.0,0.0,0.0,0.0,0.0,0.0,0.0,0.0,0.0,0.0,0.0,0.0,1.0,0.0,0.0,0.0,1.0,0.0,1.0,0.0,0.0,1.0,0.0,0.0,0.0,1.0,0.0,1.0,0.0,0.0,0.0,0.0,0.0,0.0,0.0,0.0,0.0,0.0,1.0,1.0,0.0,0.0,0.0,1.0,0.0,1.0,0.0,0.0,0.0,1.0,0.0,0.0,0.0,0.0,0.0,1.0,0.0,1.0,1.0,0.0,0.0,0.0,0.0,0.0,0.0,0.0,0.0,0.0,0.0,1.0,0.0,1.0,1.0,0.0,0.0,0.0,0.0,1.0,0.92,0.8,0.72,0.76,0.76,0.84,0.76,0.6799999999999999,0.72,0.72,0.8,0.72,0.64,0.6799999999999999,0.6799999999999999,0.76,0.6799999999999999,0.6,0.64,0.64,0.72,0.64,0.56,0.6,0.6,0.6799999999999999,0.6,0.52,0.56,0.56,0.64,0.56,0.52,0.56,0.52,1.0,0.92,0.8,0.72,0.76,0.76,0.84,0.76,0.6799999999999999,0.72,0.72,0.8,0.72,0.64,0.6799999999999999,0.6799999999999999,0.76,0.6799999999999999,0.6,0.64,0.64,0.72,0.64,0.56,0.6,0.6,0.6799999999999999,0.6,0.52,0.56,0.56,0.64,0.56,0.52,0.56,0.52
146,0.0,0.0,0.0,0.0,0.0,0.0,1.0,0.0,1.0,1.0,0.0,0.0,0.0,0.0,0.0,0.0,1.0,0.0,0.0,1.0,0.0,0.0,0.0,0.0,0.0,0.0,0.0,1.0,0.0,1.0,0.0,1.0,0.0,0.0,1.0,0.0,1.0,0.0,0.0,0.0,0.0,0.0,1.0,0.0,0.0,0.0,0.0,0.0,0.0,0.0,1.0,1.0,0.0,1.0,0.0,0.0,1.0,1.0,0.0,0.0,0.0,0.0,1.0,0.0,0.0,0.0,1.0,0.0,0.0,0.0,0.0,0.0,0.0,0.0,0.0,1.0,1.0,0.0,0.0,0.0,0.0,0.0,0.0,0.0,1.0,0.0,0.0,0.0,0.0,1.0,1.0,0.0,1.0,0.0,0.0,0.0,0.0,1.0,0.0,1.0,0.0,0.0,0.0,0.0,0.8,0.88,0.72,1.0,0.88,0.96,0.84,0.6799999999999999,1.0,0.76,0.96,0.76,0.64,0.92,0.72,0.84,0.72,0.6,0.76,0.6799999999999999,0.72,0.6799999999999999,0.56,0.72,0.64,0.6799999999999999,0.64,0.56,0.6799999999999999,0.6,0.64,0.6,0.52,0.64,0.56,0.6,0.8,0.88,0.72,1.0,0.88,0.96,0.84,0.6799999999999999,1.0,0.76,0.96,0.76,0.64,0.92,0.72,0.84,0.72,0.6,0.76,0.6799999999999999,0.72,0.6799999999999999,0.56,0.72,0.64,0.6799999999999999,0.64,0.56,0.6799999999999999,0.6,0.64,0.6,0.52,0.64,0.56,0.6
147,0.0,0.0,0.0,0.0,0.0,0.0,1.0,0.0,0.0,0.0,0.0,0.0,0.0,1.0,0.0,1.0,1.0,1.0,0.0,0.0,1.0,0.0,0.0,0.0,0.0,0.0,0.0,0.0,1.0,1.0,0.0,0.0,0.0,0.0,0.0,1.0,0.0,0.0,0.0,0.0,1.0,0.0,0.0,0.0,0.0,0.0,1.0,1.0,0.0,1.0,0.0,0.0,0.0,1.0,1.0,0.0,0.0,0.0,0.0,0.0,1.0,1.0,0.0,0.0,1.0,0.0,0.0,0.0,0.0,0.0,0.0,0.0,0.0,0.0,1.0,0.0,0.0,0.0,0.0,1.0,0.0,0.0,0.0,1.0,0.0,0.0,1.0,0.0,1.0,0.0,0.0,1.0,0.0,0.0,1.0,0.0,1.0,0.0,0.0,0.0,0.0,0.0,0.0,0.0,1.0,0.76,0.76,0.8,0.76,0.76,0.72,0.72,0.76,0.72,0.72,0.6799999999999999,0.6799999999999999,0.6799999999999999,0.6799999999999999,0.6799999999999999,0.64,0.64,0.64,0.64,0.64,0.6,0.6,0.6,0.6,0.6,0.56,0.56,0.6,0.56,0.56,0.56,0.52,0.56,0.52,0.52,1.0,0.76,0.76,0.8,0.76,0.76,0.72,0.72,0.76,0.72,0.72,0.6799999999999999,0.6799999999999999,0.6799999999999999,0.6799999999999999,0.6799999999999999,0.64,0.64,0.64,0.64,0.64,0.6,0.6,0.6,0.6,0.6,0.56,0.56,0.6,0.56,0.56,0.56,0.52,0.56,0.52,0.52
148,0.0,1.0,0.0,0.0,0.0,0.0,0.0,0.0,0.0,0.0,0.0,1.0,0.0,1.0,0.0,0.0,0.0,0.0,1.0,0.0,0.0,0.0,0.0,0.0,0.0,0.0,1.0,0.0,1.0,0.0,0.0,0.0,1.0,0.0,1.0,0.0,0.0,0.0,0.0,0.0,0.0,1.0,1.0,0.0,1.0,0.0,0.0,1.0,0.0,1.0,0.0,0.0,1.0,0.0,0.0,0.0,1.0,0.0,0.0,1.0,0.0,0.0,1.0,0.0,0.0,0.0,0.0,0.0,0.0,1.0,0.0,0.0,0.0,0.0,0.0,1.0,0.0,1.0,0.0,1.0,0.0,0.0,0.0,0.0,0.0,0.0,0.0,1.0,0.0,1.0,0.0,0.0,1.0,0.0,0.0,0.0,0.0,0.0,1.0,0.0,0.0,0.0,0.0,1.0,0.8,0.8,0.72,0.92,1.0,0.84,0.76,0.6799999999999999,0.84,1.0,0.76,0.6799999999999999,0.64,0.8,0.92,0.72,0.64,0.6,0.72,0.84,0.6799999999999999,0.6,0.56,0.6799999999999999,0.72,0.64,0.6,0.52,0.64,0.6799999999999999,0.6,0.56,0.52,0.6,0.64,0.56,0.8,0.8,0.72,0.92,1.0,0.84,0.76,0.6799999999999999,0.84,1.0,0.76,0.6799999999999999,0.64,0.8,0.92,0.72,0.64,0.6,0.72,0.84,0.6799999999999999,0.6,0.56,0.6799999999999999,0.72,0.64,0.6,0.52,0.64,0.6799999999999999,0.6,0.56,0.52,0.6,0.64,0.56
149,0.0,1.0,0.0,0.0,0.0,1.0,0.0,0.0,0.0,0.0,1.0,0.0,1.0,0.0,0.0,0.0,0.0,0.0,1.0,0.0,0.0,0.0,0.0,0.0,0.0,0.0,0.0,0.0,1.0,0.0,1.0,1.0,0.0,0.0,0.0,1.0,0.0,0.0,0.0,0.0,0.0,0.0,1.0,1.0,0.0,1.0,0.0,0.0,0.0,0.0,1.0,0.0,0.0,0.0,1.0,1.0,1.0,0.0,0.0,1.0,0.0,0.0,0.0,1.0,0.0,1.0,0.0,1.0,0.0,0.0,0.0,0.0,0.0,0.0,0.0,0.0,1.0,0.0,1.0,0.0,0.0,0.0,0.0,0.0,0.0,1.0,0.0,0.0,0.0,0.0,0.0,0.0,1.0,0.0,0.0,0.0,0.0,0.0,1.0,0.0,1.0,0.0,0.0,0.0,0.88,1.0,0.6799999999999999,0.72,0.84,0.76,0.88,0.64,0.6799999999999999,0.76,0.72,0.8,0.6,0.64,0.72,0.6799999999999999,0.76,0.56,0.6,0.6799999999999999,0.64,0.72,0.52,0.56,0.64,0.6,0.6799999999999999,0.52,0.52,0.6,0.56,0.64,0.48,0.52,0.56,0.52,0.88,1.0,0.6799999999999999,0.72,0.84,0.76,0.88,0.64,0.6799999999999999,0.76,0.72,0.8,0.6,0.64,0.72,0.6799999999999999,0.76,0.56,0.6,0.6799999999999999,0.64,0.72,0.52,0.56,0.64,0.6,0.6799999999999999,0.52,0.52,0.6,0.56,0.64,0.48,0.52,0.56,0.52
150,0.0,0.0,0.0,0.0,0.0,0.0,1.0,1.0,1.0,0.0,1.0,0.0,1.0,0.0,0.0,0.0,0.0,0.0,0.0,0.0,0.0,1.0,1.0,0.0,0.0,1.0,1.0,0.0,0.0,0.0,0.0,0.0,0.0,0.0,0.0,0.0,0.0,0.0,1.0,0.0,0.0,0.0,0.0,1.0,1.0,0.0,0.0,1.0,0.0,0.0,0.0,0.0,0.0,1.0,0.0,1.0,0.0,0.0,0.0,0.0,0.0,0.0,0.0,1.0,0.0,1.0,1.0,0.0,0.0,1.0,1.0,0.0,1.0,0.0,0.0,0.0,0.0,0.0,0.0,0.0,1.0,0.0,0.0,0.0,1.0,1.0,0.0,0.0,1.0,0.0,0.0,0.0,0.0,0.0,0.0,0.0,0.0,0.0,0.0,0.0,0.0,0.0,0.0,1.0,0.76,0.88,0.88,0.84,0.6799999999999999,0.88,0.88,0.88,0.8,0.64,0.88,0.88,0.88,0.6799999999999999,0.6,0.72,0.88,0.84,0.64,0.56,0.6799999999999999,0.8,1.0,0.6,0.52,0.64,0.6799999999999999,0.6799999999999999,0.56,0.52,0.6,0.64,0.64,0.56,0.48,0.56,0.76,0.88,0.88,0.84,0.6799999999999999,0.88,0.88,0.88,0.8,0.64,0.88,0.88,0.88,0.6799999999999999,0.6,0.72,0.88,0.84,0.64,0.56,0.6799999999999999,0.8,1.0,0.6,0.52,0.64,0.6799999999999999,0.6799999999999999,0.56,0.52,0.6,0.64,0.64,0.56,0.48,0.56
151,0.0,0.0,0.0,0.0,1.0,0.0,0.0,0.0,0.0,0.0,1.0,0.0,1.0,0.0,0.0,0.0,1.0,1.0,0.0,0.0,0.0,0.0,0.0,1.0,1.0,1.0,0.0,0.0,0.0,0.0,0.0,0.0,0.0,0.0,1.0,0.0,1.0,0.0,0.0,0.0,0.0,0.0,1.0,1.0,0.0,0.0,0.0,0.0,0.0,1.0,0.0,0.0,1.0,1.0,0.0,0.0,0.0,1.0,1.0,0.0,0.0,0.0,0.0,1.0,0.0,0.0,0.0,0.0,0.0,0.0,0.0,1.0,0.0,1.0,0.0,0.0,0.0,0.0,0.0,0.0,0.0,0.0,0.0,1.0,1.0,0.0,0.0,0.0,0.0,1.0,0.0,1.0,0.0,0.0,0.0,0.0,0.0,0.0,1.0,0.0,0.0,0.0,1.0,0.0,0.56,0.64,0.64,0.6,0.64,0.72,0.64,0.64,0.6,0.64,0.72,0.64,0.64,0.52,0.6,1.0,0.64,0.64,0.52,0.52,1.0,0.72,0.72,0.48,0.52,0.84,0.52,0.52,0.48,0.48,0.52,0.52,0.52,0.48,0.48,0.52,0.56,0.64,0.64,0.6,0.64,0.72,0.64,0.64,0.6,0.64,0.72,0.64,0.64,0.52,0.6,1.0,0.64,0.64,0.52,0.52,1.0,0.72,0.72,0.48,0.52,0.84,0.52,0.52,0.48,0.48,0.52,0.52,0.52,0.48,0.48,0.52
152,0.0,0.0,0.0,0.0,0.0,0.0,0.0,1.0,1.0,0.0,1.0,1.0,0.0,0.0,0.0,1.0,0.0,0.0,0.0,0.0,0.0,0.0,0.0,1.0,0.0,0.0,1.0,0.0,0.0,0.0,0.0,0.0,1.0,0.0,0.0,0.0,0.0,0.0,1.0,0.0,0.0,1.0,0.0,0.0,1.0,0.0,1.0,0.0,0.0,0.0,0.0,1.0,0.0,1.0,1.0,0.0,0.0,1.0,0.0,0.0,0.0,1.0,0.0,0.0,0.0,0.0,0.0,0.0,0.0,0.0,1.0,0.0,0.0,0.0,0.0,0.0,1.0,0.0,0.0,1.0,1.0,1.0,0.0,0.0,0.0,1.0,0.0,0.0,1.0,0.0,0.0,0.0,0.0,0.0,0.0,0.0,0.0,0.0,0.0,0.0,1.0,0.0,1.0,0.0,0.8,0.92,0.72,1.0,0.84,0.88,0.92,0.6799999999999999,1.0,0.76,0.8,0.92,0.64,1.0,0.72,0.72,0.84,0.6,0.96,0.6799999999999999,0.6799999999999999,0.72,0.56,0.72,0.64,0.64,0.6799999999999999,0.52,0.6799999999999999,0.6,0.6,0.64,0.52,0.64,0.56,0.56,0.8,0.92,0.72,1.0,0.84,0.88,0.92,0.6799999999999999,1.0,0.76,0.8,0.92,0.64,1.0,0.72,0.72,0.84,0.6,0.96,0.6799999999999999,0.6799999999999999,0.72,0.56,0.72,0.64,0.64,0.6799999999999999,0.52,0.6799999999999999,0.6,0.6,0.64,0.52,0.64,0.56,0.56
153,0.0,0.0,0.0,0.0,1.0,1.0,0.0,0.0,0.0,0.0,0.0,0.0,0.0,0.0,1.0,0.0,0.0,1.0,0.0,1.0,0.0,0.0,0.0,0.0,1.0,0.0,1.0,0.0,1.0,1.0,0.0,0.0,0.0,0.0,0.0,0.0,0.0,1.0,0.0,0.0,0.0,0.0,0.0,0.0,1.0,0.0,0.0,0.0,1.0,0.0,1.0,0.0,0.0,1.0,0.0,0.0,0.0,0.0,0.0,0.0,0.0,0.0,0.0,0.0,0.0,0.0,0.0,0.0,1.0,0.0,1.0,0.0,1.0,0.0,1.0,0.0,0.0,0.0,0.0,0.0,0.0,0.0,0.0,1.0,1.0,0.0,1.0,0.0,0.0,0.0,0.0,0.0,1.0,0.0,1.0,0.0,0.0,0.0,1.0,0.0,0.0,1.0,0.0,1.0,0.88,0.64,1.0,0.76,0.88,0.72,0.6,0.84,0.72,0.8,0.6799999999999999,0.56,0.8,0.6799999999999999,0.76,0.64,0.52,0.76,0.64,0.6799999999999999,0.6,0.52,0.6799999999999999,0.6,0.64,0.56,0.48,0.64,0.56,0.6,0.52,0.48,0.6,0.56,0.6,0.52,0.88,0.64,1.0,0.76,0.88,0.72,0.6,0.84,0.72,0.8,0.6799999999999999,0.56,0.8,0.6799999999999999,0.76,0.64,0.52,0.76,0.64,0.6799999999999999,0.6,0.52,0.6799999999999999,0.6,0.64,0.56,0.48,0.64,0.56,0.6,0.52,0.48,0.6,0.56,0.6,0.52
154,0.0,1.0,0.0,0.0,0.0,0.0,0.0,0.0,1.0,0.0,1.0,1.0,0.0,0.0,1.0,0.0,0.0,0.0,0.0,0.0,0.0,1.0,0.0,0.0,1.0,1.0,0.0,0.0,1.0,0.0,0.0,0.0,0.0,0.0,0.0,0.0,0.0,0.0,0.0,0.0,1.0,0.0,0.0,1.0,0.0,0.0,0.0,0.0,0.0,0.0,1.0,1.0,0.0,0.0,0.0,0.0,1.0,0.0,0.0,1.0,0.0,0.0,0.0,0.0,0.0,0.0,0.0,1.0,0.0,1.0,0.0,1.0,0.0,0.0,1.0,0.0,0.0,0.0,1.0,0.0,0.0,0.0,0.0,0.0,0.0,0.0,1.0,1.0,0.0,1.0,0.0,0.0,0.0,1.0,0.0,0.0,1.0,0.0,0.0,0.0,0.0,1.0,0.0,0.0,0.72,0.8,0.84,0.8,0.88,0.88,0.8,0.84,0.76,0.88,0.88,0.76,0.84,0.6799999999999999,0.88,1.0,0.6799999999999999,0.84,0.64,1.0,0.96,0.64,0.76,0.6,0.76,0.64,0.6,0.64,0.56,0.64,0.6,0.56,0.6,0.52,0.6,0.56,0.72,0.8,0.84,0.8,0.88,0.88,0.8,0.84,0.76,0.88,0.88,0.76,0.84,0.6799999999999999,0.88,1.0,0.6799999999999999,0.84,0.64,1.0,0.96,0.64,0.76,0.6,0.76,0.64,0.6,0.64,0.56,0.64,0.6,0.56,0.6,0.52,0.6,0.56
155,0.0,0.0,0.0,1.0,0.0,0.0,0.0,0.0,0.0,0.0,0.0,0.0,0.0,0.0,0.0,0.0,0.0,1.0,0.0,0.0,1.0,0.0,0.0,0.0,1.0,0.0,0.0,0.0,1.0,0.0,0.0,0.0,0.0,1.0,1.0,0.0,1.0,0.0,1.0,0.0,0.0,0.0,0.0,0.0,0.0,1.0,1.0,0.0,1.0,1.0,0.0,0.0,0.0,0.0,0.0,0.0,1.0,0.0,0.0,0.0,0.0,1.0,1.0,1.0,1.0,0.0,0.0,0.0,0.0,0.0,1.0,0.0,0.0,1.0,0.0,1.0,0.0,0.0,0.0,1.0,0.0,1.0,1.0,0.0,0.0,0.0,0.0,0.0,0.0,0.0,0.0,0.0,0.0,1.0,0.0,0.0,1.0,0.0,0.0,0.0,0.0,0.0,0.0,0.0,0.6,0.6799999999999999,0.64,0.6799999999999999,0.64,0.72,0.6799999999999999,0.64,0.6799999999999999,0.6,0.72,0.64,0.56,0.64,0.56,1.0,0.6,0.52,0.6,0.52,0.76,0.52,0.52,0.52,0.52,0.56,0.52,0.48,0.52,0.48,0.52,0.48,0.48,0.48,0.48,0.52,0.6,0.6799999999999999,0.64,0.6799999999999999,0.64,0.72,0.6799999999999999,0.64,0.6799999999999999,0.6,0.72,0.64,0.56,0.64,0.56,1.0,0.6,0.52,0.6,0.52,0.76,0.52,0.52,0.52,0.52,0.56,0.52,0.48,0.52,0.48,0.52,0.48,0.48,0.48,0.48,0.52
156,0.0,1.0,0.0,0.0,1.0,0.0,0.0,0.0,1.0,1.0,0.0,0.0,0.0,0.0,1.0,0.0,1.0,0.0,1.0,0.0,0.0,0.0,0.0,0.0,0.0,0.0,0.0,0.0,0.0,0.0,1.0,0.0,0.0,0.0,1.0,0.0,1.0,1.0,0.0,0.0,0.0,0.0,1.0,0.0,0.0,0.0,1.0,0.0,0.0,0.0,0.0,0.0,0.0,0.0,0.0,0.0,0.0,1.0,0.0,0.0,0.0,0.0,1.0,0.0,0.0,0.0,0.0,1.0,0.0,0.0,0.0,0.0,1.0,1.0,0.0,0.0,0.0,0.0,0.0,0.0,0.0,1.0,0.0,1.0,1.0,1.0,0.0,0.0,0.0,0.0,0.0,1.0,0.0,1.0,0.0,0.0,0.0,1.0,0.0,0.0,1.0,0.0,0.0,0.0,1.0,0.72,0.6799999999999999,0.8,0.6799999999999999,0.6799999999999999,0.6799999999999999,0.64,0.76,0.64,0.64,0.64,0.6,0.72,0.6,0.6,0.6,0.56,0.6799999999999999,0.56,0.56,0.56,0.52,0.64,0.56,0.56,0.52,0.52,0.6,0.52,0.52,0.52,0.48,0.56,0.52,0.52,1.0,0.72,0.6799999999999999,0.8,0.6799999999999999,0.6799999999999999,0.6799999999999999,0.64,0.76,0.64,0.64,0.64,0.6,0.72,0.6,0.6,0.6,0.56,0.6799999999999999,0.56,0.56,0.56,0.52,0.64,0.56,0.56,0.52,0.52,0.6,0.52,0.52,0.52,0.48,0.56,0.52,0.52
157,0.0,1.0,0.0,0.0,0.0,0.0,1.0,0.0,0.0,1.0,0.0,0.0,0.0,0.0,0.0,0.0,0.0,0.0,0.0,0.0,0.0,0.0,0.0,1.0,0.0,1.0,1.0,0.0,0.0,1.0,0.0,0.0,1.0,0.0,1.0,0.0,0.0,0.0,0.0,0.0,1.0,0.0,0.0,0.0,0.0,0.0,0.0,0.0,1.0,1.0,0.0,1.0,1.0,0.0,1.0,1.0,0.0,1.0,0.0,0.0,0.0,0.0,0.0,0.0,0.0,0.0,0.0,0.0,0.0,0.0,0.0,1.0,0.0,0.0,1.0,0.0,1.0,0.0,0.0,0.0,0.0,0.0,0.0,0.0,0.0,0.0,0.0,1.0,0.0,1.0,1.0,1.0,0.0,1.0,0.0,1.0,0.0,0.0,0.0,0.0,0.0,0.0,0.0,0.0,0.64,0.72,0.6799999999999999,0.76,0.76,0.8,0.6799999999999999,0.6,0.72,0.76,0.8,0.6,0.56,0.6799999999999999,0.72,1.0,0.56,0.52,0.6,0.6,0.76,0.52,0.52,0.56,0.56,0.6,0.52,0.48,0.52,0.52,0.56,0.48,0.48,0.52,0.52,0.52,0.64,0.72,0.6799999999999999,0.76,0.76,0.8,0.6799999999999999,0.6,0.72,0.76,0.8,0.6,0.56,0.6799999999999999,0.72,1.0,0.56,0.52,0.6,0.6,0.76,0.52,0.52,0.56,0.56,0.6,0.52,0.48,0.52,0.52,0.56,0.48,0.48,0.52,0.52,0.52
158,1.0,1.0,1.0,0.0,0.0,1.0,0.0,0.0,0.0,1.0,0.0,0.0,0.0,1.0,0.0,0.0,0.0,0.0,1.0,0.0,0.0,0.0,0.0,0.0,0.0,0.0,1.0,1.0,0.0,0.0,0.0,0.0,0.0,0.0,0.0,1.0,0.0,0.0,1.0,0.0,0.0,0.0,0.0,0.0,0.0,0.0,0.0,1.0,0.0,1.0,0.0,0.0,0.0,0.0,0.0,0.0,0.0,0.0,1.0,0.0,0.0,0.0,1.0,0.0,0.0,0.0,1.0,1.0,0.0,0.0,0.0,0.0,0.0,0.0,1.0,0.0,0.0,1.0,0.0,0.0,0.0,0.0,0.0,1.0,0.0,0.0,0.0,0.0,0.0,1.0,0.0,1.0,1.0,0.0,1.0,0.0,0.0,0.0,0.0,0.0,1.0,0.0,1.0,0.0,0.84,0.96,0.84,0.84,1.0,0.96,0.88,0.76,0.76,0.88,0.8,0.8,0.72,0.72,0.76,0.76,0.76,0.6799999999999999,0.6799999999999999,0.72,0.72,0.6799999999999999,0.64,0.64,0.6799999999999999,0.6799999999999999,0.64,0.6,0.6,0.64,0.64,0.6,0.56,0.56,0.6,0.6,0.84,0.96,0.84,0.84,1.0,0.96,0.88,0.76,0.76,0.88,0.8,0.8,0.72,0.72,0.76,0.76,0.76,0.6799999999999999,0.6799999999999999,0.72,0.72,0.6799999999999999,0.64,0.64,0.6799999999999999,0.6799999999999999,0.64,0.6,0.6,0.64,0.64,0.6,0.56,0.56,0.6,0.6
159,0.0,0.0,0.0,0.0,0.0,0.0,0.0,1.0,1.0,1.0,0.0,0.0,1.0,0.0,0.0,1.0,0.0,1.0,0.0,0.0,0.0,0.0,0.0,0.0,1.0,0.0,0.0,0.0,1.0,0.0,1.0,0.0,0.0,0.0,0.0,1.0,0.0,0.0,0.0,0.0,1.0,0.0,0.0,0.0,0.0,0.0,0.0,0.0,0.0,1.0,0.0,1.0,1.0,1.0,0.0,0.0,0.0,0.0,0.0,0.0,0.0,0.0,1.0,0.0,0.0,0.0,0.0,0.0,0.0,0.0,0.0,0.0,1.0,1.0,1.0,0.0,0.0,0.0,0.0,1.0,0.0,0.0,0.0,1.0,0.0,0.0,1.0,0.0,1.0,0.0,0.0,0.0,0.0,0.0,1.0,0.0,0.0,0.0,1.0,1.0,0.0,0.0,0.0,0.0,0.92,0.96,0.84,0.92,0.8,1.0,0.84,0.8,0.84,0.76,0.88,0.8,0.76,0.8,0.72,0.8,0.76,0.6799999999999999,0.76,0.6799999999999999,0.76,0.72,0.64,0.6799999999999999,0.64,0.72,0.6799999999999999,0.6,0.64,0.6,0.6799999999999999,0.64,0.6,0.6,0.56,0.64,0.92,0.96,0.84,0.92,0.8,1.0,0.84,0.8,0.84,0.76,0.88,0.8,0.76,0.8,0.72,0.8,0.76,0.6799999999999999,0.76,0.6799999999999999,0.76,0.72,0.64,0.6799999999999999,0.64,0.72,0.6799999999999999,0.6,0.64,0.6,0.6799999999999999,0.64,0.6,0.6,0.56,0.64
160,0.0,1.0,0.0,0.0,1.0,1.0,0.0,0.0,0.0,0.0,0.0,0.0,0.0,0.0,0.0,1.0,0.0,1.0,1.0,0.0,1.0,0.0,0.0,0.0,0.0,0.0,0.0,0.0,1.0,0.0,0.0,0.0,0.0,1.0,0.0,0.0,0.0,0.0,1.0,1.0,1.0,0.0,0.0,0.0,0.0,0.0,1.0,0.0,0.0,0.0,0.0,0.0,0.0,0.0,1.0,0.0,0.0,0.0,0.0,0.0,0.0,1.0,1.0,1.0,1.0,1.0,0.0,0.0,0.0,0.0,0.0,1.0,0.0,1.0,1.0,0.0,0.0,0.0,0.0,1.0,0.0,0.0,0.0,0.0,0.0,0.0,0.0,0.0,1.0,0.0,0.0,0.0,0.0,0.0,1.0,0.0,0.0,0.0,0.0,0.0,0.0,0.0,0.0,1.0,0.88,0.96,0.96,0.72,0.72,1.0,0.88,0.92,0.6799999999999999,0.6799999999999999,0.8,0.8,0.8,0.64,0.64,0.76,0.76,0.76,0.6,0.6,0.72,0.72,0.72,0.56,0.56,0.6799999999999999,0.6799999999999999,0.6799999999999999,0.52,0.52,0.64,0.64,0.64,0.52,0.52,0.6,0.88,0.96,0.96,0.72,0.72,1.0,0.88,0.92,0.6799999999999999,0.6799999999999999,0.8,0.8,0.8,0.64,0.64,0.76,0.76,0.76,0.6,0.6,0.72,0.72,0.72,0.56,0.56,0.6799999999999999,0.6799999999999999,0.6799999999999999,0.52,0.52,0.64,0.64,0.64,0.52,0.52,0.6
161,0.0,0.0,1.0,0.0,0.0,0.0,0.0,0.0,0.0,0.0,1.0,0.0,0.0,0.0,0.0,0.0,0.0,0.0,0.0,1.0,0.0,0.0,0.0,0.0,0.0,1.0,0.0,0.0,0.0,0.0,0.0,0.0,0.0,0.0,1.0,0.0,1.0,1.0,0.0,0.0,1.0,1.0,0.0,0.0,1.0,0.0,0.0,1.0,0.0,1.0,1.0,0.0,0.0,1.0,0.0,1.0,1.0,0.0,0.0,0.0,0.0,0.0,0.0,0.0,1.0,0.0,1.0,1.0,0.0,0.0,1.0,0.0,0.0,1.0,0.0,0.0,0.0,0.0,1.0,0.0,0.0,0.0,1.0,0.0,0.0,0.0,0.0,0.0,0.0,0.0,0.0,0.0,0.0,0.0,1.0,0.0,0.0,0.0,0.0,0.0,1.0,0.0,0.0,1.0,0.6,0.56,0.56,0.56,0.72,0.72,0.52,0.52,0.52,0.72,0.72,0.52,0.52,0.52,0.72,0.84,0.48,0.48,0.48,1.0,0.76,0.48,0.48,0.48,0.56,0.52,0.48,0.48,0.48,0.52,0.52,0.43999999999999995,0.43999999999999995,0.43999999999999995,0.52,0.48,0.6,0.56,0.56,0.56,0.72,0.72,0.52,0.52,0.52,0.72,0.72,0.52,0.52,0.52,0.72,0.84,0.48,0.48,0.48,1.0,0.76,0.48,0.48,0.48,0.56,0.52,0.48,0.48,0.48,0.52,0.52,0.43999999999999995,0.43999999999999995,0.43999999999999995,0.52,0.48
162,0.0,0.0,0.0,0.0,0.0,0.0,0.0,0.0,0.0,0.0,1.0,0.0,1.0,0.0,0.0,1.0,0.0,0.0,1.0,0.0,1.0,0.0,0.0,0.0,0.0,1.0,0.0,0.0,0.0,0.0,1.0,0.0,0.0,1.0,1.0,0.0,0.0,0.0,0.0,0.0,0.0,0.0,0.0,0.0,1.0,0.0,1.0,0.0,0.0,1.0,0.0,1.0,0.0,0.0,1.0,1.0,0.0,1.0,0.0,1.0,0.0,0.0,0.0,0.0,0.0,1.0,0.0,0.0,0.0,0.0,0.0,0.0,0.0,0.0,0.0,0.0,0.0,0.0,0.0,1.0,1.0,1.0,0.0,0.0,0.0,0.0,0.0,0.0,1.0,0.0,0.0,0.0,1.0,0.0,1.0,1.0,0.0,0.0,0.0,1.0,0.0,0.0,0.0,0.0,0.84,0.76,0.72,0.88,1.0,0.72,0.72,0.6799999999999999,0.76,0.92,0.6799999999999999,0.6799999999999999,0.64,0.72,0.84,0.64,0.64,0.6,0.6799999999999999,0.76,0.6,0.6,0.56,0.64,0.72,0.56,0.56,0.52,0.6,0.6799999999999999,0.56,0.52,0.52,0.56,0.64,0.52,0.84,0.76,0.72,0.88,1.0,0.72,0.72,0.6799999999999999,0.76,0.92,0.6799999999999999,0.6799999999999999,0.64,0.72,0.84,0.64,0.64,0.6,0.6799999999999999,0.76,0.6,0.6,0.56,0.64,0.72,0.56,0.56,0.52,0.6,0.6799999999999999,0.56,0.52,0.52,0.56,0.64,0.52
163,0.0,0.0,0.0,0.0,0.0,0.0,0.0,0.0,0.0,0.0,0.0,0.0,0.0,1.0,0.0,0.0,1.0,1.0,0.0,1.0,0.0,0.0,1.0,0.0,0.0,0.0,0.0,0.0,1.0,1.0,0.0,0.0,0.0,1.0,1.0,0.0,0.0,0.0,0.0,0.0,0.0,0.0,0.0,0.0,0.0,0.0,1.0,1.0,0.0,1.0,1.0,0.0,0.0,0.0,0.0,0.0,0.0,0.0,1.0,0.0,1.0,0.0,0.0,1.0,1.0,0.0,0.0,0.0,0.0,0.0,0.0,0.0,1.0,0.0,0.0,0.0,0.0,0.0,0.0,1.0,0.0,0.0,0.0,1.0,1.0,0.0,0.0,0.0,0.0,0.0,1.0,0.0,1.0,1.0,0.0,0.0,1.0,0.0,0.0,0.0,1.0,0.0,0.0,0.0,0.84,0.72,0.76,1.0,1.0,0.8,0.6799999999999999,0.72,0.88,0.92,0.76,0.64,0.6799999999999999,0.8,0.8,0.72,0.6,0.64,0.76,0.76,0.6799999999999999,0.56,0.6,0.6799999999999999,0.6799999999999999,0.64,0.56,0.56,0.64,0.64,0.6,0.52,0.56,0.6,0.6,0.56,0.84,0.72,0.76,1.0,1.0,0.8,0.6799999999999999,0.72,0.88,0.92,0.76,0.64,0.6799999999999999,0.8,0.8,0.72,0.6,0.64,0.76,0.76,0.6799999999999999,0.56,0.6,0.6799999999999999,0.6799999999999999,0.64,0.56,0.56,0.64,0.64,0.6,0.52,0.56,0.6,0.6,0.56
164,1.0,0.0,0.0,0.0,0.0,0.0,0.0,1.0,0.0,1.0,1.0,0.0,1.0,0.0,0.0,0.0,1.0,0.0,0.0,0.0,1.0,0.0,0.0,0.0,0.0,0.0,1.0,0.0,0.0,0.0,1.0,0.0,1.0,0.0,0.0,0.0,0.0,0.0,0.0,0.0,0.0,0.0,1.0,0.0,0.0,0.0,1.0,0.0,1.0,0.0,0.0,0.0,0.0,0.0,1.0,1.0,1.0,1.0,1.0,0.0,0.0,0.0,0.0,0.0,0.0,0.0,0.0,1.0,0.0,1.0,0.0,0.0,0.0,1.0,0.0,0.0,0.0,0.0,0.0,0.0,0.0,0.0,0.0,1.0,0.0,0.0,0.0,1.0,0.0,1.0,0.0,0.0,0.0,0.0,0.0,1.0,1.0,0.0,0.0,0.0,0.0,0.0,0.0,0.0,1.0,0.92,0.6799999999999999,0.72,0.6799999999999999,0.6799999999999999,0.84,0.64,0.6799999999999999,0.64,0.64,0.8,0.6,0.64,0.6,0.6,0.76,0.56,0.6,0.56,0.56,0.72,0.52,0.56,0.52,0.52,0.6799999999999999,0.52,0.52,0.52,0.52,0.64,0.48,0.52,0.48,0.48,1.0,0.92,0.6799999999999999,0.72,0.6799999999999999,0.6799999999999999,0.84,0.64,0.6799999999999999,0.64,0.64,0.8,0.6,0.64,0.6,0.6,0.76,0.56,0.6,0.56,0.56,0.72,0.52,0.56,0.52,0.52,0.6799999999999999,0.52,0.52,0.52,0.52,0.64,0.48,0.52,0.48,0.48
165,1.0,0.0,1.0,0.0,0.0,1.0,0.0,0.0,0.0,1.0,0.0,0.0,0.0,1.0,0.0,0.0,0.0,0.0,0.0,0.0,1.0,0.0,0.0,0.0,0.0,0.0,1.0,0.0,1.0,0.0,0.0,0.0,1.0,0.0,0.0,0.0,1.0,0.0,0.0,0.0,1.0,0.0,0.0,1.0,0.0,0.0,0.0,0.0,0.0,0.0,0.0,1.0,0.0,0.0,0.0,0.0,0.0,0.0,0.0,1.0,0.0,0.0,1.0,0.0,0.0,0.0,0.0,1.0,0.0,0.0,0.0,0.0,0.0,1.0,0.0,1.0,0.0,0.0,0.0,1.0,0.0,1.0,0.0,1.0,0.0,0.0,1.0,0.0,0.0,0.0,1.0,0.0,0.0,0.0,1.0,0.0,0.0,0.0,0.0,1.0,0.0,1.0,0.0,0.0,0.88,0.76,0.72,1.0,0.72,0.8,0.72,0.6799999999999999,0.84,0.6799999999999999,0.76,0.6799999999999999,0.64,0.8,0.64,0.6799999999999999,0.64,0.6,0.76,0.6,0.64,0.6,0.56,0.6799999999999999,0.56,0.6,0.56,0.52,0.64,0.56,0.6,0.52,0.52,0.6,0.52,0.56,0.88,0.76,0.72,1.0,0.72,0.8,0.72,0.6799999999999999,0.84,0.6799999999999999,0.76,0.6799999999999999,0.64,0.8,0.64,0.6799999999999999,0.64,0.6,0.76,0.6,0.64,0.6,0.56,0.6799999999999999,0.56,0.6,0.56,0.52,0.64,0.56,0.6,0.52,0.52,0.6,0.52,0.56
166,0.0,0.0,1.0,0.0,0.0,1.0,0.0,1.0,0.0,0.0,1.0,0.0,0.0,0.0,1.0,1.0,1.0,0.0,0.0,0.0,0.0,0.0,0.0,0.0,0.0,0.0,0.0,1.0,0.0,0.0,0.0,1.0,0.0,1.0,1.0,0.0,0.0,0.0,0.0,0.0,0.0,0.0,0.0,1.0,0.0,0.0,0.0,0.0,0.0,0.0,1.0,0.0,1.0,1.0,0.0,0.0,0.0,0.0,1.0,0.0,0.0,0.0,0.0,1.0,1.0,1.0,0.0,0.0,0.0,0.0,0.0,1.0,0.0,0.0,0.0,1.0,0.0,1.0,0.0,0.0,0.0,0.0,0.0,0.0,0.0,0.0,0.0,1.0,0.0,0.0,0.0,0.0,0.0,1.0,0.0,0.0,1.0,0.0,0.0,0.0,0.0,1.0,0.0,0.0,0.84,1.0,0.88,0.72,0.72,0.88,1.0,0.84,0.6799999999999999,0.6799999999999999,0.84,0.92,0.76,0.64,0.64,0.76,0.84,0.72,0.6,0.6,0.6799999999999999,0.76,0.6799999999999999,0.56,0.56,0.64,0.72,0.64,0.56,0.52,0.6,0.6799999999999999,0.6,0.52,0.52,0.6,0.84,1.0,0.88,0.72,0.72,0.88,1.0,0.84,0.6799999999999999,0.6799999999999999,0.84,0.92,0.76,0.64,0.64,0.76,0.84,0.72,0.6,0.6,0.6799999999999999,0.76,0.6799999999999999,0.56,0.56,0.64,0.72,0.64,0.56,0.52,0.6,0.6799999999999999,0.6,0.52,0.52,0.6
167,1.0,0.0,0.0,0.0,0.0,0.0,0.0,0.0,0.0,0.0,0.0,0.0,0.0,0.0,0.0,0.0,1.0,0.0,0.0,1.0,0.0,1.0,1.0,0.0,1.0,1.0,0.0,0.0,0.0,0.0,1.0,1.0,0.0,0.0,0.0,0.0,1.0,0.0,0.0,0.0,0.0,0.0,1.0,0.0,0.0,0.0,0.0,1.0,0.0,1.0,0.0,0.0,0.0,0.0,0.0,1.0,0.0,0.0,0.0,0.0,0.0,1.0,1.0,1.0,0.0,0.0,0.0,0.0,0.0,0.0,1.0,0.0,1.0,0.0,0.0,0.0,0.0,0.0,0.0,0.0,1.0,0.0,0.0,0.0,1.0,1.0,0.0,0.0,0.0,0.0,1.0,0.0,0.0,0.0,0.0,0.0,1.0,0.0,0.0,0.0,1.0,0.0,1.0,0.0,0.6,0.64,0.6799999999999999,0.72,0.6799999999999999,0.72,0.64,0.6799999999999999,0.72,0.6799999999999999,0.72,0.6,0.6799999999999999,0.72,0.6799999999999999,1.0,0.52,0.6,0.76,0.56,0.6799999999999999,0.52,0.52,0.56,0.52,0.52,0.48,0.52,0.52,0.52,0.52,0.48,0.48,0.52,0.48,0.48,0.6,0.64,0.6799999999999999,0.72,0.6799999999999999,0.72,0.64,0.6799999999999999,0.72,0.6799999999999999,0.72,0.6,0.6799999999999999,0.72,0.6799999999999999,1.0,0.52,0.6,0.76,0.56,0.6799999999999999,0.52,0.52,0.56,0.52,0.52,0.48,0.52,0.52,0.52,0.52,0.48,0.48,0.52,0.48,0.48
168,0.0,0.0,0.0,0.0,0.0,0.0,0.0,0.0,0.0,0.0,0.0,0.0,0.0,1.0,0.0,0.0,0.0,1.0,0.0,0.0,1.0,0.0,0.0,0.0,0.0,0.0,1.0,0.0,1.0,1.0,0.0,0.0,0.0,0.0,1.0,0.0,0.0,0.0,1.0,0.0,0.0,0.0,0.0,1.0,0.0,1.0,0.0,0.0,1.0,1.0,0.0,1.0,0.0,1.0,0.0,0.0,0.0,1.0,1.0,0.0,0.0,0.0,0.0,0.0,0.0,0.0,0.0,1.0,0.0,0.0,0.0,0.0,0.0,0.0,1.0,1.0,0.0,1.0,0.0,0.0,0.0,0.0,0.0,0.0,1.0,0.0,0.0,1.0,0.0,1.0,0.0,1.0,0.0,1.0,0.0,0.0,0.0,0.0,1.0,0.0,0.0,0.0,0.0,0.0,0.43999999999999995,0.43999999999999995,0.48,0.52,0.52,0.48,0.4,0.48,0.52,0.52,0.43999999999999995,0.4,0.48,0.52,0.52,0.43999999999999995,0.4,0.48,0.6799999999999999,0.6799999999999999,0.4,0.4,0.52,0.6,0.6,0.4,0.36,0.48,0.76,1.0,0.4,0.36,0.43999999999999995,0.43999999999999995,0.43999999999999995,0.4,0.43999999999999995,0.43999999999999995,0.48,0.52,0.52,0.48,0.4,0.48,0.52,0.52,0.43999999999999995,0.4,0.48,0.52,0.52,0.43999999999999995,0.4,0.48,0.6799999999999999,0.6799999999999999,0.4,0.4,0.52,0.6,0.6,0.4,0.36,0.48,0.76,1.0,0.4,0.36,0.43999999999999995,0.43999999999999995,0.43999999999999995,0.4
169,0.0,1.0,0.0,0.0,0.0,1.0,0.0,0.0,0.0,1.0,0.0,0.0,0.0,0.0,0.0,1.0,1.0,0.0,0.0,0.0,0.0,0.0,1.0,0.0,1.0,0.0,0.0,0.0,0.0,0.0,0.0,0.0,1.0,0.0,1.0,0.0,0.0,0.0,0.0,1.0,0.0,0.0,0.0,0.0,0.0,1.0,0.0,0.0,0.0,0.0,1.0,1.0,1.0,0.0,1.0,0.0,0.0,0.0,1.0,0.0,1.0,0.0,0.0,0.0,0.0,0.0,0.0,0.0,0.0,0.0,0.0,1.0,0.0,0.0,0.0,0.0,0.0,1.0,0.0,0.0,0.0,0.0,0.0,1.0,0.0,1.0,0.0,0.0,1.0,0.0,1.0,0.0,1.0,0.0,1.0,0.0,0.0,0.0,0.0,0.0,1.0,0.0,0.0,0.0,0.84,0.92,0.88,0.92,1.0,0.96,0.88,0.8,0.84,1.0,0.84,0.84,0.76,0.76,0.84,0.84,0.76,0.6799999999999999,0.72,0.76,0.72,0.6799999999999999,0.64,0.6799999999999999,0.72,0.6799999999999999,0.64,0.6,0.64,0.6799999999999999,0.64,0.6,0.6,0.6,0.64,0.6,0.84,0.92,0.88,0.92,1.0,0.96,0.88,0.8,0.84,1.0,0.84,0.84,0.76,0.76,0.84,0.84,0.76,0.6799999999999999,0.72,0.76,0.72,0.6799999999999999,0.64,0.6799999999999999,0.72,0.6799999999999999,0.64,0.6,0.64,0.6799999999999999,0.64,0.6,0.6,0.6,0.64,0.6
170,0.0,0.0,1.0,1.0,0.0,0.0,0.0,0.0,0.0,0.0,1.0,0.0,0.0,0.0,0.0,0.0,1.0,1.0,1.0,0.0,0.0,0.0,0.0,0.0,1.0,0.0,0.0,1.0,0.0,1.0,0.0,0.0,0.0,0.0,1.0,0.0,0.0,0.0,0.0,1.0,0.0,0.0,0.0,1.0,0.0,0.0,0.0,0.0,0.0,1.0,0.0,0.0,0.0,1.0,0.0,0.0,0.0,0.0,1.0,0.0,0.0,0.0,0.0,0.0,0.0,0.0,0.0,0.0,0.0,0.0,0.0,1.0,0.0,0.0,1.0,0.0,0.0,1.0,1.0,0.0,1.0,0.0,0.0,0.0,1.0,0.0,0.0,1.0,0.0,0.0,0.0,0.0,0.0,0.0,1.0,0.0,0.0,1.0,0.0,1.0,1.0,0.0,0.0,0.0,1.0,0.72,0.8,0.8,0.8,0.8,0.6799999999999999,0.76,0.76,0.76,0.76,0.64,0.72,0.72,0.72,0.72,0.6,0.6799999999999999,0.6799999999999999,0.6799999999999999,0.6799999999999999,0.56,0.64,0.64,0.64,0.64,0.56,0.6,0.6,0.6,0.6,0.52,0.56,0.56,0.56,0.56,1.0,0.72,0.8,0.8,0.8,0.8,0.6799999999999999,0.76,0.76,0.76,0.76,0.64,0.72,0.72,0.72,0.72,0.6,0.6799999999999999,0.6799999999999999,0.6799999999999999,0.6799999999999999,0.56,0.64,0.64,0.64,0.64,0.56,0.6,0.6,0.6,0.6,0.52,0.56,0.56,0.56,0.56
171,1.0,0.0,0.0,1.0,1.0,0.0,0.0,0.0,0.0,0.0,0.0,1.0,0.0,1.0,0.0,0.0,0.0,0.0,0.0,0.0,0.0,1.0,1.0,1.0,1.0,0.0,0.0,0.0,0.0,1.0,0.0,1.0,0.0,0.0,0.0,0.0,0.0,1.0,0.0,0.0,0.0,0.0,0.0,0.0,1.0,0.0,0.0,0.0,0.0,0.0,0.0,0.0,0.0,1.0,0.0,0.0,0.0,0.0,1.0,0.0,0.0,1.0,0.0,0.0,1.0,0.0,0.0,0.0,0.0,0.0,0.0,1.0,0.0,0.0,0.0,0.0,0.0,1.0,0.0,0.0,0.0,0.0,0.0,0.0,0.0,0.0,1.0,0.0,1.0,0.0,1.0,1.0,0.0,0.0,0.0,0.0,0.0,1.0,0.0,1.0,0.0,0.0,0.0,1.0,0.4,0.43999999999999995,0.43999999999999995,0.48,0.43999999999999995,0.48,0.43999999999999995,0.43999999999999995,0.48,0.43999999999999995,0.48,0.43999999999999995,0.43999999999999995,0.48,0.43999999999999995,0.56,0.43999999999999995,0.43999999999999995,0.56,0.43999999999999995,0.56,0.52,0.52,0.56,0.4,0.56,1.0,1.0,0.8,0.4,0.64,0.88,0.88,0.4,0.36,0.88,0.4,0.43999999999999995,0.43999999999999995,0.48,0.43999999999999995,0.48,0.43999999999999995,0.43999999999999995,0.48,0.43999999999999995,0.48,0.43999999999999995,0.43999999999999995,0.48,0.43999999999999995,0.56,0.43999999999999995,0.43999999999999995,0.56,0.43999999999999995,0.56,0.52,0.52,0.56,0.4,0.56,1.0,1.0,0.8,0.4,0.64,0.88,0.88,0.4,0.36,0.88
172,0.0,0.0,0.0,0.0,0.0,0.0,0.0,1.0,1.0,0.0,0.0,0.0,0.0,0.0,1.0,0.0,1.0,1.0,0.0,1.0,0.0,0.0,0.0,0.0,0.0,0.0,0.0,1.0,0.0,0.0,0.0,1.0,0.0,0.0,1.0,0.0,0.0,0.0,0.0,0.0,0.0,0.0,0.0,1.0,0.0,0.0,0.0,1.0,0.0,1.0,0.0,1.0,0.0,1.0,1.0,1.0,1.0,0.0,0.0,0.0,0.0,0.0,0.0,0.0,0.0,1.0,0.0,0.0,0.0,0.0,0.0,0.0,0.0,0.0,1.0,1.0,0.0,0.0,0.0,0.0,1.0,0.0,0.0,0.0,1.0,0.0,0.0,0.0,0.0,1.0,1.0,0.0,1.0,0.0,0.0,0.0,0.0,0.0,0.0,0.0,1.0,0.0,0.0,0.0,1.0,0.8,0.88,0.88,0.84,0.84,0.76,0.8,0.84,0.8,0.8,0.72,0.76,0.76,0.76,0.76,0.6799999999999999,0.72,0.72,0.72,0.6799999999999999,0.64,0.6799999999999999,0.6799999999999999,0.6799999999999999,0.64,0.6,0.64,0.64,0.64,0.6,0.56,0.6,0.6,0.6,0.6,1.0,0.8,0.88,0.88,0.84,0.84,0.76,0.8,0.84,0.8,0.8,0.72,0.76,0.76,0.76,0.76,0.6799999999999999,0.72,0.72,0.72,0.6799999999999999,0.64,0.6799999999999999,0.6799999999999999,0.6799999999999999,0.64,0.6,0.64,0.64,0.64,0.6,0.56,0.6,0.6,0.6,0.6
173,0.0,0.0,0.0,0.0,0.0,0.0,0.0,0.0,0.0,0.0,0.0,0.0,1.0,0.0,0.0,0.0,0.0,1.0,1.0,0.0,0.0,0.0,0.0,0.0,0.0,0.0,0.0,1.0,1.0,0.0,0.0,0.0,0.0,0.0,1.0,0.0,0.0,1.0,1.0,1.0,1.0,0.0,0.0,1.0,0.0,0.0,0.0,0.0,0.0,0.0,1.0,1.0,0.0,1.0,1.0,0.0,1.0,0.0,0.0,0.0,1.0,1.0,0.0,0.0,0.0,0.0,1.0,1.0,0.0,0.0,0.0,0.0,0.0,1.0,0.0,0.0,1.0,1.0,0.0,0.0,0.0,0.0,0.0,0.0,0.0,0.0,0.0,0.0,1.0,0.0,0.0,0.0,0.0,0.0,0.0,0.0,1.0,0.0,1.0,0.0,0.0,0.0,0.0,0.0,0.56,0.64,0.6799999999999999,0.6799999999999999,0.72,0.6799999999999999,0.64,0.6799999999999999,0.6799999999999999,0.72,0.6799999999999999,0.64,0.6799999999999999,0.6799999999999999,0.72,0.92,0.56,0.64,0.84,1.0,0.6799999999999999,0.52,0.64,0.6,0.76,0.52,0.52,0.64,0.64,0.6799999999999999,0.52,0.48,0.52,0.52,0.52,0.48,0.56,0.64,0.6799999999999999,0.6799999999999999,0.72,0.6799999999999999,0.64,0.6799999999999999,0.6799999999999999,0.72,0.6799999999999999,0.64,0.6799999999999999,0.6799999999999999,0.72,0.92,0.56,0.64,0.84,1.0,0.6799999999999999,0.52,0.64,0.6,0.76,0.52,0.52,0.64,0.64,0.6799999999999999,0.52,0.48,0.52,0.52,0.52,0.48
174,0.0,0.0,0.0,0.0,0.0,0.0,1.0,0.0,0.0,0.0,0.0,0.0,0.0,0.0,1.0,0.0,1.0,0.0,0.0,0.0,0.0,0.0,0.0,0.0,0.0,1.0,0.0,0.0,0.0,1.0,1.0,1.0,1.0,1.0,0.0,0.0,0.0,0.0,0.0,1.0,0.0,0.0,0.0,0.0,0.0,1.0,0.0,0.0,0.0,1.0,0.0,1.0,0.0,1.0,0.0,0.0,0.0,0.0,0.0,0.0,0.0,0.0,0.0,1.0,0.0,1.0,0.0,1.0,0.0,0.0,0.0,0.0,0.0,0.0,1.0,1.0,0.0,0.0,0.0,1.0,1.0,0.0,0.0,0.0,0.0,0.0,0.0,0.0,1.0,0.0,1.0,0.0,0.0,0.0,0.0,1.0,1.0,0.0,1.0,0.0,0.0,0.0,0.0,0.0,0.64,0.6,0.72,0.8,0.76,0.76,0.56,0.72,0.8,0.76,0.6799999999999999,0.52,0.72,0.8,0.72,0.76,0.52,0.64,1.0,0.76,0.72,0.48,0.64,0.76,0.56,0.56,0.48,0.56,0.56,0.56,0.52,0.48,0.52,0.56,0.52,0.52,0.64,0.6,0.72,0.8,0.76,0.76,0.56,0.72,0.8,0.76,0.6799999999999999,0.52,0.72,0.8,0.72,0.76,0.52,0.64,1.0,0.76,0.72,0.48,0.64,0.76,0.56,0.56,0.48,0.56,0.56,0.56,0.52,0.48,0.52,0.56,0.52,0.52
175,1.0,1.0,0.0,0.0,0.0,0.0,0.0,1.0,0.0,1.0,1.0,1.0,0.0,0.0,1.0,0.0,0.0,0.0,0.0,1.0,0.0,0.0,0.0,0.0,0.0,0.0,0.0,0.0,1.0,0.0,1.0,0.0,0.0,0.0,0.0,0.0,0.0,0.0,1.0,1.0,0.0,0.0,0.0,0.0,1.0,0.0,0.0,0.0,0.0,0.0,0.0,0.0,0.0,0.0,0.0,1.0,0.0,0.0,0.0,0.0,1.0,0.0,0.0,0.0,0.0,0.0,0.0,1.0,0.0,0.0,1.0,0.0,0.0,0.0,1.0,1.0,0.0,1.0,1.0,0.0,0.0,0.0,0.0,0.0,0.0,0.0,0.0,0.0,1.0,0.0,0.0,0.0,1.0,1.0,1.0,0.0,0.0,0.0,0.0,0.0,0.0,0.0,1.0,0.0,0.84,1.0,0.92,0.72,0.8,0.88,1.0,0.88,0.6799999999999999,0.72,0.8,0.92,0.76,0.64,0.6799999999999999,0.72,0.88,0.72,0.6,0.64,0.6799999999999999,0.76,0.6799999999999999,0.56,0.6,0.64,0.72,0.64,0.56,0.56,0.6,0.6799999999999999,0.6,0.52,0.56,0.56,0.84,1.0,0.92,0.72,0.8,0.88,1.0,0.88,0.6799999999999999,0.72,0.8,0.92,0.76,0.64,0.6799999999999999,0.72,0.88,0.72,0.6,0.64,0.6799999999999999,0.76,0.6799999999999999,0.56,0.6,0.64,0.72,0.64,0.56,0.56,0.6,0.6799999999999999,0.6,0.52,0.56,0.56
176,0.0,0.0,0.0,0.0,0.0,1.0,0.0,0.0,0.0,0.0,0.0,0.0,0.0,0.0,0.0,0.0,0.0,1.0,1.0,0.0,1.0,1.0,1.0,0.0,1.0,0.0,1.0,1.0,0.0,0.0,0.0,1.0,0.0,0.0,0.0,0.0,0.0,0.0,0.0,0.0,0.0,1.0,1.0,0.0,0.0,0.0,0.0,0.0,0.0,0.0,1.0,0.0,0.0,1.0,0.0,0.0,1.0,0.0,1.0,0.0,0.0,1.0,1.0,0.0,1.0,0.0,0.0,0.0,0.0,0.0,0.0,1.0,0.0,0.0,0.0,0.0,0.0,1.0,0.0,0.0,1.0,0.0,0.0,0.0,0.0,0.0,0.0,0.0,0.0,1.0,0.0,1.0,0.0,0.0,0.0,1.0,0.0,0.0,0.0,1.0,0.0,0.0,0.0,0.0,0.84,0.92,1.0,0.72,0.8,0.84,0.88,1.0,0.6799999999999999,0.76,0.76,0.8,0.88,0.64,0.6799999999999999,0.8,0.72,0.8,0.6,0.64,0.76,0.6799999999999999,0.76,0.56,0.6,0.64,0.64,0.6799999999999999,0.52,0.6,0.6,0.6,0.64,0.52,0.56,0.56,0.84,0.92,1.0,0.72,0.8,0.84,0.88,1.0,0.6799999999999999,0.76,0.76,0.8,0.88,0.64,0.6799999999999999,0.8,0.72,0.8,0.6,0.64,0.76,0.6799999999999999,0.76,0.56,0.6,0.64,0.64,0.6799999999999999,0.52,0.6,0.6,0.6,0.64,0.52,0.56,0.56
177,1.0,0.0,0.0,0.0,0.0,0.0,0.0,0.0,0.0,1.0,0.0,0.0,0.0,0.0,1.0,0.0,0.0,0.0,0.0,0.0,0.0,0.0,0.0,1.0,1.0,1.0,1.0,0.0,1.0,0.0,0.0,0.0,1.0,0.0,0.0,0.0,1.0,0.0,0.0,0.0,1.0,0.0,0.0,1.0,1.0,0.0,0.0,0.0,0.0,0.0,0.0,0.0,0.0,0.0,1.0,1.0,0.0,0.0,0.0,0.0,0.0,0.0,1.0,1.0,0.0,1.0,0.0,0.0,0.0,1.0,1.0,0.0,0.0,0.0,1.0,0.0,0.0,0.0,0.0,0.0,0.0,1.0,0.0,1.0,0.0,0.0,1.0,0.0,0.0,0.0,0.0,0.0,0.0,0.0,0.0,0.0,0.0,0.0,0.0,0.0,0.0,1.0,0.0,1.0,0.84,0.84,1.0,1.0,0.76,0.92,0.76,1.0,0.88,0.72,0.84,0.72,0.88,0.8,0.6799999999999999,0.84,0.6799999999999999,0.76,0.76,0.64,0.72,0.64,0.72,0.6799999999999999,0.6,0.6799999999999999,0.6,0.6799999999999999,0.64,0.56,0.64,0.56,0.64,0.6,0.52,0.6,0.84,0.84,1.0,1.0,0.76,0.92,0.76,1.0,0.88,0.72,0.84,0.72,0.88,0.8,0.6799999999999999,0.84,0.6799999999999999,0.76,0.76,0.64,0.72,0.64,0.72,0.6799999999999999,0.6,0.6799999999999999,0.6,0.6799999999999999,0.64,0.56,0.64,0.56,0.64,0.6,0.52,0.6
178,0.0,0.0,0.0,0.0,1.0,0.0,0.0,0.0,0.0,1.0,0.0,0.0,0.0,1.0,0.0,0.0,0.0,1.0,0.0,0.0,1.0,0.0,0.0,0.0,1.0,1.0,0.0,0.0,0.0,1.0,0.0,0.0,0.0,0.0,0.0,0.0,1.0,1.0,0.0,1.0,0.0,0.0,0.0,0.0,0.0,1.0,0.0,0.0,0.0,1.0,0.0,0.0,0.0,0.0,0.0,0.0,0.0,0.0,0.0,1.0,1.0,0.0,0.0,0.0,1.0,0.0,1.0,0.0,1.0,0.0,0.0,0.0,0.0,0.0,0.0,0.0,0.0,0.0,0.0,0.0,0.0,0.0,0.0,0.0,1.0,1.0,1.0,1.0,0.0,0.0,1.0,0.0,0.0,0.0,1.0,0.0,1.0,0.0,0.0,0.0,0.0,0.0,1.0,0.0,0.56,0.6,0.64,0.72,0.64,0.6799999999999999,0.52,0.64,0.72,0.64,0.6799999999999999,0.52,0.64,0.72,0.56,0.96,0.48,0.56,1.0,0.52,0.96,0.48,0.52,1.0,0.52,0.6,0.48,0.52,0.52,0.48,0.52,0.43999999999999995,0.48,0.52,0.48,0.52,0.56,0.6,0.64,0.72,0.64,0.6799999999999999,0.52,0.64,0.72,0.64,0.6799999999999999,0.52,0.64,0.72,0.56,0.96,0.48,0.56,1.0,0.52,0.96,0.48,0.52,1.0,0.52,0.6,0.48,0.52,0.52,0.48,0.52,0.43999999999999995,0.48,0.52,0.48,0.52
179,0.0,0.0,0.0,1.0,0.0,0.0,0.0,0.0,1.0,1.0,0.0,0.0,0.0,0.0,1.0,0.0,0.0,0.0,1.0,0.0,1.0,0.0,0.0,0.0,0.0,0.0,1.0,0.0,1.0,0.0,0.0,0.0,1.0,1.0,0.0,0.0,1.0,1.0,1.0,0.0,0.0,0.0,0.0,0.0,0.0,0.0,0.0,0.0,0.0,0.0,0.0,0.0,0.0,0.0,0.0,0.0,0.0,1.0,0.0,1.0,0.0,0.0,1.0,0.0,0.0,1.0,0.0,0.0,1.0,0.0,0.0,1.0,0.0,0.0,0.0,1.0,0.0,0.0,0.0,1.0,0.0,0.0,0.0,0.0,0.0,0.0,1.0,1.0,0.0,0.0,0.0,0.0,0.0,0.0,0.0,0.0,0.0,0.0,0.0,0.0,1.0,1.0,0.0,1.0,0.84,0.76,0.88,0.92,0.64,1.0,0.72,0.76,0.84,0.6,1.0,0.6799999999999999,0.72,0.76,0.6,0.88,0.64,0.6799999999999999,0.72,0.56,0.76,0.6,0.64,0.6799999999999999,0.52,0.6799999999999999,0.56,0.6,0.64,0.52,0.64,0.52,0.56,0.6,0.48,0.6,0.84,0.76,0.88,0.92,0.64,1.0,0.72,0.76,0.84,0.6,1.0,0.6799999999999999,0.72,0.76,0.6,0.88,0.64,0.6799999999999999,0.72,0.56,0.76,0.6,0.64,0.6799999999999999,0.52,0.6799999999999999,0.56,0.6,0.64,0.52,0.64,0.52,0.56,0.6,0.48,0.6
180,0.0,0.0,1.0,0.0,0.0,0.0,0.0,1.0,1.0,0.0,0.0,0.0,0.0,1.0,0.0,0.0,0.0,0.0,1.0,0.0,0.0,0.0,0.0,0.0,0.0,0.0,0.0,0.0,0.0,0.0,0.0,0.0,0.0,1.0,0.0,0.0,0.0,0.0,0.0,1.0,0.0,1.0,1.0,1.0,0.0,0.0,1.0,1.0,0.0,0.0,0.0,1.0,0.0,0.0,0.0,0.0,0.0,0.0,0.0,0.0,0.0,0.0,0.0,0.0,1.0,0.0,0.0,1.0,0.0,0.0,0.0,1.0,1.0,0.0,1.0,0.0,1.0,0.0,0.0,0.0,0.0,1.0,0.0,0.0,1.0,0.0,1.0,1.0,1.0,0.0,1.0,0.0,0.0,0.0,0.0,0.0,1.0,0.0,0.0,0.0,0.0,0.0,0.0,0.0,0.84,0.72,0.92,1.0,0.96,0.72,0.6799999999999999,0.92,1.0,0.96,0.6799999999999999,0.64,0.8,0.84,0.8,0.64,0.6,0.76,0.76,0.76,0.6,0.56,0.6799999999999999,0.72,0.6799999999999999,0.56,0.52,0.64,0.6799999999999999,0.64,0.52,0.52,0.6,0.64,0.6,0.52,0.84,0.72,0.92,1.0,0.96,0.72,0.6799999999999999,0.92,1.0,0.96,0.6799999999999999,0.64,0.8,0.84,0.8,0.64,0.6,0.76,0.76,0.76,0.6,0.56,0.6799999999999999,0.72,0.6799999999999999,0.56,0.52,0.64,0.6799999999999999,0.64,0.52,0.52,0.6,0.64,0.6,0.52
181,0.0,0.0,0.0,0.0,1.0,1.0,0.0,1.0,1.0,0.0,0.0,0.0,0.0,1.0,0.0,0.0,1.0,0.0,0.0,1.0,0.0,1.0,0.0,0.0,0.0,0.0,1.0,0.0,1.0,0.0,0.0,0.0,1.0,0.0,0.0,1.0,0.0,0.0,0.0,0.0,0.0,0.0,0.0,0.0,0.0,0.0,0.0,0.0,0.0,1.0,0.0,0.0,1.0,0.0,1.0,1.0,0.0,0.0,1.0,0.0,0.0,0.0,0.0,0.0,0.0,0.0,1.0,0.0,0.0,0.0,0.0,0.0,0.0,0.0,0.0,1.0,0.0,1.0,0.0,0.0,0.0,0.0,0.0,1.0,0.0,0.0,0.0,0.0,0.0,0.0,1.0,1.0,0.0,0.0,1.0,0.0,0.0,0.0,0.0,0.0,1.0,0.0,1.0,0.0,0.96,1.0,0.92,0.84,0.84,0.84,0.84,0.84,0.76,0.76,0.8,0.8,0.8,0.72,0.72,0.76,0.76,0.76,0.6799999999999999,0.6799999999999999,0.72,0.72,0.6799999999999999,0.64,0.64,0.6799999999999999,0.6799999999999999,0.64,0.6,0.6,0.64,0.64,0.6,0.56,0.56,0.6,0.96,1.0,0.92,0.84,0.84,0.84,0.84,0.84,0.76,0.76,0.8,0.8,0.8,0.72,0.72,0.76,0.76,0.76,0.6799999999999999,0.6799999999999999,0.72,0.72,0.6799999999999999,0.64,0.64,0.6799999999999999,0.6799999999999999,0.64,0.6,0.6,0.64,0.64,0.6,0.56,0.56,0.6
182,1.0,1.0,0.0,0.0,0.0,1.0,0.0,0.0,1.0,0.0,0.0,0.0,1.0,0.0,0.0,0.0,1.0,0.0,1.0,0.0,0.0,0.0,0.0,0.0,1.0,0.0,1.0,0.0,0.0,0.0,0.0,0.0,0.0,0.0,0.0,0.0,0.0,0.0,0.0,1.0,0.0,0.0,0.0,1.0,0.0,0.0,1.0,0.0,0.0,1.0,0.0,0.0,0.0,0.0,0.0,0.0,0.0,0.0,0.0,1.0,0.0,1.0,0.0,0.0,0.0,1.0,0.0,0.0,0.0,0.0,0.0,1.0,0.0,0.0,0.0,0.0,0.0,0.0,0.0,1.0,1.0,0.0,1.0,0.0,1.0,0.0,1.0,1.0,0.0,0.0,0.0,0.0,1.0,0.0,0.0,0.0,0.0,1.0,0.0,0.0,0.0,0.0,0.0,1.0,1.0,0.88,0.76,0.88,0.88,0.8,0.84,0.72,0.84,0.84,0.76,0.8,0.6799999999999999,0.8,0.76,0.72,0.76,0.64,0.76,0.72,0.6799999999999999,0.6799999999999999,0.6,0.72,0.6799999999999999,0.64,0.64,0.56,0.6799999999999999,0.64,0.6,0.6,0.56,0.64,0.6,0.56,1.0,0.88,0.76,0.88,0.88,0.8,0.84,0.72,0.84,0.84,0.76,0.8,0.6799999999999999,0.8,0.76,0.72,0.76,0.64,0.76,0.72,0.6799999999999999,0.6799999999999999,0.6,0.72,0.6799999999999999,0.64,0.64,0.56,0.6799999999999999,0.64,0.6,0.6,0.56,0.64,0.6,0.56
183,0.0,0.0,0.0,1.0,0.0,1.0,0.0,1.0,0.0,0.0,0.0,0.0,1.0,0.0,0.0,0.0,1.0,0.0,1.0,0.0,0.0,0.0,0.0,0.0,0.0,0.0,0.0,1.0,0.0,0.0,0.0,0.0,0.0,0.0,0.0,1.0,0.0,0.0,0.0,0.0,1.0,0.0,0.0,1.0,0.0,1.0,0.0,0.0,1.0,1.0,0.0,0.0,1.0,0.0,0.0,0.0,0.0,0.0,1.0,0.0,0.0,0.0,0.0,0.0,0.0,0.0,0.0,0.0,0.0,1.0,0.0,0.0,0.0,1.0,0.0,1.0,1.0,0.0,1.0,0.0,0.0,0.0,0.0,0.0,1.0,0.0,0.0,0.0,1.0,1.0,1.0,0.0,0.0,0.0,0.0,0.0,1.0,0.0,0.0,0.0,0.0,0.0,0.0,1.0,0.6,0.64,0.64,0.72,0.6799999999999999,0.6799999999999999,0.64,0.64,0.72,0.6799999999999999,0.6799999999999999,0.56,0.6,0.72,0.6799999999999999,0.96,0.52,0.56,1.0,0.6799999999999999,0.56,0.52,0.52,0.56,0.52,0.52,0.48,0.52,0.52,0.52,0.52,0.48,0.48,0.52,0.48,0.48,0.6,0.64,0.64,0.72,0.6799999999999999,0.6799999999999999,0.64,0.64,0.72,0.6799999999999999,0.6799999999999999,0.56,0.6,0.72,0.6799999999999999,0.96,0.52,0.56,1.0,0.6799999999999999,0.56,0.52,0.52,0.56,0.52,0.52,0.48,0.52,0.52,0.52,0.52,0.48,0.48,0.52,0.48,0.48
184,0.0,0.0,0.0,0.0,1.0,0.0,0.0,0.0,1.0,0.0,0.0,1.0,0.0,0.0,1.0,1.0,0.0,0.0,0.0,1.0,0.0,1.0,1.0,0.0,0.0,0.0,0.0,0.0,0.0,0.0,0.0,0.0,0.0,1.0,0.0,1.0,0.0,0.0,0.0,0.0,0.0,0.0,0.0,0.0,1.0,0.0,1.0,0.0,0.0,0.0,0.0,1.0,0.0,0.0,0.0,0.0,0.0,0.0,0.0,0.0,0.0,1.0,1.0,0.0,0.0,0.0,0.0,0.0,0.0,0.0,0.0,0.0,0.0,0.0,0.0,1.0,1.0,0.0,0.0,0.0,1.0,0.0,0.0,0.0,1.0,0.0,0.0,0.0,0.0,1.0,1.0,0.0,0.0,1.0,1.0,0.0,0.0,1.0,0.0,0.0,1.0,1.0,0.0,0.0,0.56,0.64,0.6799999999999999,0.6799999999999999,0.72,0.72,0.64,0.6799999999999999,0.6799999999999999,0.72,0.72,0.56,0.6799999999999999,0.6799999999999999,0.72,0.96,0.52,0.6799999999999999,0.76,1.0,0.84,0.52,0.76,0.52,0.76,0.6799999999999999,0.48,0.52,0.52,0.52,0.52,0.48,0.52,0.48,0.52,0.52,0.56,0.64,0.6799999999999999,0.6799999999999999,0.72,0.72,0.64,0.6799999999999999,0.6799999999999999,0.72,0.72,0.56,0.6799999999999999,0.6799999999999999,0.72,0.96,0.52,0.6799999999999999,0.76,1.0,0.84,0.52,0.76,0.52,0.76,0.6799999999999999,0.48,0.52,0.52,0.52,0.52,0.48,0.52,0.48,0.52,0.52
185,0.0,0.0,0.0,0.0,0.0,0.0,1.0,1.0,0.0,1.0,1.0,0.0,0.0,0.0,0.0,0.0,1.0,0.0,1.0,0.0,1.0,0.0,0.0,0.0,0.0,0.0,0.0,0.0,1.0,0.0,1.0,0.0,0.0,0.0,1.0,0.0,0.0,0.0,0.0,0.0,0.0,0.0,0.0,1.0,0.0,0.0,0.0,0.0,0.0,1.0,0.0,1.0,1.0,1.0,0.0,0.0,0.0,0.0,0.0,0.0,0.0,0.0,0.0,0.0,1.0,1.0,0.0,1.0,0.0,1.0,0.0,1.0,0.0,1.0,0.0,0.0,0.0,0.0,0.0,0.0,0.0,0.0,0.0,0.0,0.0,0.0,0.0,0.0,0.0,1.0,0.0,0.0,0.0,0.0,0.0,0.0,0.0,1.0,1.0,1.0,1.0,0.0,0.0,0.0,1.0,0.92,0.96,0.72,0.92,0.8,0.88,0.88,0.6799999999999999,0.84,0.76,0.8,0.84,0.64,0.8,0.6799999999999999,0.76,0.76,0.6,0.76,0.64,0.72,0.72,0.56,0.72,0.6,0.6799999999999999,0.6799999999999999,0.56,0.6799999999999999,0.6,0.64,0.64,0.52,0.64,0.56,1.0,0.92,0.96,0.72,0.92,0.8,0.88,0.88,0.6799999999999999,0.84,0.76,0.8,0.84,0.64,0.8,0.6799999999999999,0.76,0.76,0.6,0.76,0.64,0.72,0.72,0.56,0.72,0.6,0.6799999999999999,0.6799999999999999,0.56,0.6799999999999999,0.6,0.64,0.64,0.52,0.64,0.56
186,0.0,0.0,0.0,0.0,1.0,0.0,0.0,1.0,1.0,0.0,1.0,0.0,1.0,0.0,0.0,0.0,0.0,0.0,0.0,0.0,0.0,0.0,0.0,0.0,0.0,0.0,0.0,0.0,1.0,0.0,0.0,0.0,1.0,0.0,1.0,0.0,0.0,1.0,1.0,1.0,0.0,0.0,0.0,0.0,0.0,1.0,0.0,1.0,0.0,0.0,0.0,0.0,1.0,1.0,0.0,0.0,0.0,0.0,1.0,0.0,0.0,1.0,0.0,1.0,0.0,0.0,0.0,0.0,0.0,1.0,0.0,1.0,0.0,0.0,0.0,0.0,0.0,1.0,0.0,1.0,0.0,0.0,0.0,0.0,0.0,0.0,0.0,0.0,0.0,0.0,0.0,0.0,0.0,0.0,0.0,0.0,0.0,0.0,1.0,0.0,1.0,0.0,1.0,1.0,0.31999999999999995,0.36,0.31999999999999995,0.36,0.36,0.36,0.36,0.28,0.36,0.36,0.36,0.36,0.28,0.36,0.36,0.4,0.36,0.28,0.4,0.4,0.4,0.4,0.28,0.4,0.4,0.4,0.52,0.28,0.31999999999999995,0.56,0.4,1.0,0.24,0.28,0.36,0.28,0.31999999999999995,0.36,0.31999999999999995,0.36,0.36,0.36,0.36,0.28,0.36,0.36,0.36,0.36,0.28,0.36,0.36,0.4,0.36,0.28,0.4,0.4,0.4,0.4,0.28,0.4,0.4,0.4,0.52,0.28,0.31999999999999995,0.56,0.4,1.0,0.24,0.28,0.36,0.28
187,0.0,0.0,0.0,1.0,0.0,0.0,0.0,0.0,0.0,0.0,1.0,1.0,0.0,0.0,0.0,1.0,0.0,0.0,0.0,1.0,0.0,0.0,0.0,0.0,0.0,0.0,1.0,0.0,1.0,0.0,1.0,1.0,0.0,1.0,1.0,0.0,0.0,0.0,0.0,0.0,0.0,0.0,0.0,0.0,0.0,0.0,0.0,1.0,0.0,1.0,0.0,0.0,1.0,0.0,1.0,0.0,0.0,0.0,0.0,1.0,0.0,0.0,0.0,0.0,0.0,1.0,0.0,0.0,0.0,0.0,1.0,0.0,0.0,0.0,0.0,0.0,0.0,1.0,0.0,1.0,0.0,0.0,0.0,0.0,0.0,0.0,0.0,0.0,0.0,1.0,0.0,0.0,1.0,0.0,1.0,0.0,0.0,1.0,1.0,0.0,0.0,0.0,0.0,1.0,0.88,0.76,0.76,1.0,0.88,0.76,0.72,0.6799999999999999,0.88,0.84,0.72,0.6799999999999999,0.64,0.8,0.76,0.6799999999999999,0.64,0.6,0.76,0.72,0.64,0.6,0.6,0.72,0.6799999999999999,0.6,0.56,0.56,0.6799999999999999,0.64,0.56,0.56,0.52,0.64,0.6,0.56,0.88,0.76,0.76,1.0,0.88,0.76,0.72,0.6799999999999999,0.88,0.84,0.72,0.6799999999999999,0.64,0.8,0.76,0.6799999999999999,0.64,0.6,0.76,0.72,0.64,0.6,0.6,0.72,0.6799999999999999,0.6,0.56,0.56,0.6799999999999999,0.64,0.56,0.56,0.52,0.64,0.6,0.56
188,0.0,0.0,1.0,0.0,0.0,0.0,0.0,0.0,0.0,1.0,0.0,0.0,0.0,1.0,0.0,0.0,0.0,0.0,1.0,0.0,0.0,0.0,0.0,0.0,1.0,1.0,1.0,0.0,0.0,0.0,1.0,0.0,0.0,0.0,1.0,0.0,1.0,0.0,0.0,0.0,1.0,0.0,0.0,1.0,0.0,1.0,0.0,0.0,0.0,0.0,0.0,0.0,0.0,0.0,0.0,0.0,0.0,0.0,1.0,0.0,0.0,0.0,0.0,0.0,0.0,0.0,1.0,1.0,0.0,0.0,0.0,1.0,0.0,1.0,0.0,0.0,0.0,0.0,0.0,0.0,1.0,1.0,0.0,1.0,0.0,0.0,0.0,0.0,0.0,1.0,1.0,0.0,0.0,1.0,0.0,0.0,1.0,0.0,0.0,0.0,0.0,0.0,0.0,1.0,0.8,0.64,0.92,1.0,0.72,0.88,0.6,0.92,1.0,0.6799999999999999,0.84,0.6,0.88,0.92,0.64,0.72,0.56,0.76,0.76,0.6,0.6799999999999999,0.52,0.72,0.72,0.56,0.64,0.52,0.6799999999999999,0.6799999999999999,0.52,0.6,0.48,0.64,0.64,0.52,0.56,0.8,0.64,0.92,1.0,0.72,0.88,0.6,0.92,1.0,0.6799999999999999,0.84,0.6,0.88,0.92,0.64,0.72,0.56,0.76,0.76,0.6,0.6799999999999999,0.52,0.72,0.72,0.56,0.64,0.52,0.6799999999999999,0.6799999999999999,0.52,0.6,0.48,0.64,0.64,0.52,0.56
189,0.0,0.0,0.0,1.0,1.0,1.0,0.0,1.0,1.0,0.0,0.0,1.0,0.0,0.0,0.0,1.0,0.0,0.0,1.0,0.0,1.0,0.0,1.0,0.0,0.0,0.0,0.0,0.0,0.0,1.0,0.0,0.0,0.0,0.0,0.0,0.0,1.0,0.0,0.0,0.0,0.0,0.0,0.0,0.0,0.0,0.0,0.0,0.0,0.0,1.0,0.0,0.0,0.0,0.0,0.0,0.0,0.0,0.0,0.0,0.0,0.0,0.0,0.0,0.0,0.0,0.0,1.0,0.0,0.0,0.0,0.0,0.0,0.0,0.0,0.0,1.0,0.0,1.0,1.0,0.0,1.0,0.0,1.0,0.0,0.0,0.0,1.0,0.0,0.0,0.0,0.0,0.0,0.0,0.0,1.0,1.0,0.0,0.0,0.0,1.0,1.0,0.0,1.0,1.0,0.8,0.88,0.92,0.88,1.0,0.92,0.88,0.92,0.8,1.0,0.84,0.76,0.88,0.72,0.88,0.76,0.72,0.76,0.6799999999999999,0.84,0.6799999999999999,0.6799999999999999,0.72,0.64,0.72,0.64,0.64,0.6799999999999999,0.6,0.6799999999999999,0.6,0.6,0.64,0.56,0.64,0.6,0.8,0.88,0.92,0.88,1.0,0.92,0.88,0.92,0.8,1.0,0.84,0.76,0.88,0.72,0.88,0.76,0.72,0.76,0.6799999999999999,0.84,0.6799999999999999,0.6799999999999999,0.72,0.64,0.72,0.64,0.64,0.6799999999999999,0.6,0.6799999999999999,0.6,0.6,0.64,0.56,0.64,0.6
190,1.0,0.0,0.0,1.0,0.0,0.0,1.0,0.0,0.0,0.0,1.0,0.0,0.0,0.0,0.0,1.0,1.0,0.0,0.0,1.0,0.0,0.0,0.0,0.0,0.0,0.0,0.0,1.0,0.0,1.0,0.0,0.0,0.0,0.0,0.0,0.0,0.0,0.0,0.0,0.0,0.0,1.0,0.0,0.0,0.0,1.0,1.0,1.0,0.0,0.0,0.0,0.0,0.0,0.0,0.0,0.0,1.0,0.0,0.0,0.0,1.0,0.0,0.0,0.0,0.0,1.0,1.0,0.0,0.0,0.0,0.0,0.0,0.0,0.0,0.0,0.0,0.0,1.0,0.0,0.0,0.0,0.0,1.0,1.0,0.0,1.0,0.0,0.0,1.0,1.0,0.0,1.0,1.0,0.0,1.0,0.0,0.0,0.0,0.0,0.0,0.0,0.0,0.0,0.0,1.0,0.72,0.6799999999999999,0.76,0.6799999999999999,0.6799999999999999,0.6799999999999999,0.64,0.72,0.64,0.64,0.64,0.6,0.6799999999999999,0.6,0.6,0.6,0.56,0.64,0.6,0.56,0.56,0.56,0.6,0.56,0.56,0.52,0.52,0.56,0.52,0.52,0.52,0.52,0.56,0.52,0.52,1.0,0.72,0.6799999999999999,0.76,0.6799999999999999,0.6799999999999999,0.6799999999999999,0.64,0.72,0.64,0.64,0.64,0.6,0.6799999999999999,0.6,0.6,0.6,0.56,0.64,0.6,0.56,0.56,0.56,0.6,0.56,0.56,0.52,0.52,0.56,0.52,0.52,0.52,0.52,0.56,0.52,0.52
191,0.0,0.0,0.0,0.0,0.0,0.0,0.0,1.0,0.0,0.0,1.0,0.0,0.0,1.0,0.0,0.0,0.0,1.0,0.0,0.0,0.0,1.0,0.0,1.0,0.0,0.0,0.0,1.0,0.0,1.0,0.0,0.0,0.0,0.0,1.0,0.0,0.0,0.0,0.0,1.0,0.0,0.0,0.0,1.0,0.0,0.0,1.0,1.0,0.0,0.0,0.0,0.0,1.0,0.0,1.0,0.0,0.0,1.0,0.0,0.0,0.0,0.0,0.0,1.0,1.0,0.0,0.0,0.0,0.0,0.0,0.0,1.0,1.0,0.0,0.0,0.0,1.0,0.0,1.0,0.0,0.0,0.0,0.0,0.0,0.0,0.0,0.0,0.0,1.0,0.0,0.0,0.0,0.0,0.0,0.0,0.0,0.0,1.0,0.0,0.0,0.0,0.0,1.0,1.0,0.84,0.96,0.96,0.8,1.0,0.96,0.96,0.96,0.76,1.0,0.8,0.88,0.88,0.6799999999999999,0.84,0.76,0.76,0.8,0.64,0.76,0.72,0.72,0.72,0.6,0.72,0.6799999999999999,0.6799999999999999,0.6799999999999999,0.6,0.6799999999999999,0.64,0.64,0.64,0.56,0.64,0.6,0.84,0.96,0.96,0.8,1.0,0.96,0.96,0.96,0.76,1.0,0.8,0.88,0.88,0.6799999999999999,0.84,0.76,0.76,0.8,0.64,0.76,0.72,0.72,0.72,0.6,0.72,0.6799999999999999,0.6799999999999999,0.6799999999999999,0.6,0.6799999999999999,0.64,0.64,0.64,0.56,0.64,0.6
192,0.0,1.0,1.0,0.0,0.0,0.0,0.0,0.0,0.0,1.0,0.0,0.0,1.0,0.0,1.0,0.0,0.0,0.0,0.0,0.0,0.0,0.0,0.0,0.0,1.0,0.0,0.0,0.0,0.0,0.0,0.0,0.0,0.0,0.0,1.0,0.0,1.0,0.0,0.0,0.0,0.0,0.0,0.0,1.0,0.0,1.0,0.0,1.0,1.0,1.0,0.0,0.0,0.0,0.0,0.0,1.0,0.0,1.0,1.0,0.0,0.0,0.0,0.0,0.0,0.0,1.0,0.0,0.0,0.0,1.0,0.0,0.0,0.0,0.0,0.0,0.0,0.0,1.0,1.0,1.0,0.0,1.0,0.0,0.0,0.0,0.0,0.0,1.0,0.0,0.0,0.0,0.0,0.0,1.0,0.0,0.0,1.0,0.0,0.0,0.0,0.0,0.0,0.0,1.0,0.84,0.92,0.76,0.88,1.0,0.96,0.88,0.72,0.76,1.0,0.88,0.8,0.6799999999999999,0.72,0.88,0.84,0.72,0.64,0.6799999999999999,0.76,0.72,0.6799999999999999,0.6,0.64,0.72,0.6799999999999999,0.64,0.56,0.6,0.6799999999999999,0.64,0.6,0.52,0.56,0.64,0.6,0.84,0.92,0.76,0.88,1.0,0.96,0.88,0.72,0.76,1.0,0.88,0.8,0.6799999999999999,0.72,0.88,0.84,0.72,0.64,0.6799999999999999,0.76,0.72,0.6799999999999999,0.6,0.64,0.72,0.6799999999999999,0.64,0.56,0.6,0.6799999999999999,0.64,0.6,0.52,0.56,0.64,0.6
193,0.0,0.0,0.0,0.0,0.0,0.0,0.0,1.0,0.0,0.0,0.0,0.0,0.0,0.0,1.0,0.0,0.0,1.0,0.0,1.0,0.0,1.0,0.0,1.0,0.0,0.0,0.0,0.0,0.0,0.0,1.0,1.0,0.0,0.0,1.0,0.0,1.0,0.0,1.0,0.0,0.0,0.0,1.0,0.0,1.0,0.0,0.0,0.0,0.0,0.0,0.0,0.0,0.0,1.0,0.0,0.0,1.0,1.0,0.0,0.0,0.0,1.0,1.0,1.0,1.0,0.0,0.0,0.0,1.0,0.0,1.0,0.0,0.0,0.0,0.0,0.0,0.0,1.0,0.0,0.0,0.0,0.0,0.0,0.0,0.0,0.0,0.0,1.0,0.0,0.0,0.0,0.0,0.0,0.0,0.0,1.0,0.0,0.0,0.0,0.0,0.0,1.0,0.0,0.0,0.84,1.0,0.96,0.92,0.72,0.92,1.0,0.96,0.88,0.6799999999999999,0.88,1.0,0.96,0.76,0.64,0.76,1.0,0.92,0.72,0.6,0.72,0.76,0.76,0.6799999999999999,0.56,0.6799999999999999,0.72,0.72,0.64,0.56,0.64,0.6799999999999999,0.6799999999999999,0.6,0.52,0.6,0.84,1.0,0.96,0.92,0.72,0.92,1.0,0.96,0.88,0.6799999999999999,0.88,1.0,0.96,0.76,0.64,0.76,1.0,0.92,0.72,0.6,0.72,0.76,0.76,0.6799999999999999,0.56,0.6799999999999999,0.72,0.72,0.64,0.56,0.64,0.6799999999999999,0.6799999999999999,0.6,0.52,0.6
194,0.0,0.0,1.0,0.0,0.0,0.0,0.0,0.0,1.0,0.0,0.0,0.0,0.0,1.0,0.0,0.0,1.0,0.0,1.0,0.0,0.0,0.0,0.0,0.0,0.0,1.0,1.0,1.0,0.0,1.0,0.0,0.0,0.0,0.0,0.0,0.0,0.0,0.0,0.0,1.0,1.0,1.0,0.0,0.0,0.0,0.0,0.0,1.0,0.0,0.0,0.0,0.0,0.0,0.0,0.0,1.0,0.0,1.0,0.0,0.0,0.0,0.0,0.0,0.0,1.0,0.0,0.0,0.0,0.0,1.0,0.0,1.0,0.0,0.0,0.0,0.0,0.0,0.0,0.0,0.0,0.0,0.0,0.0,0.0,1.0,1.0,0.0,0.0,1.0,0.0,0.0,0.0,0.0,0.0,0.0,1.0,1.0,1.0,1.0,0.0,0.0,1.0,0.0,0.0,1.0,0.72,0.72,0.72,0.88,0.72,0.6799999999999999,0.6799999999999999,0.6799999999999999,0.84,0.6799999999999999,0.64,0.64,0.64,0.8,0.64,0.6,0.6,0.6,0.76,0.6,0.56,0.56,0.56,0.72,0.56,0.52,0.56,0.56,0.6799999999999999,0.56,0.52,0.52,0.52,0.64,0.52,1.0,0.72,0.72,0.72,0.88,0.72,0.6799999999999999,0.6799999999999999,0.6799999999999999,0.84,0.6799999999999999,0.64,0.64,0.64,0.8,0.64,0.6,0.6,0.6,0.76,0.6,0.56,0.56,0.56,0.72,0.56,0.52,0.56,0.56,0.6799999999999999,0.56,0.52,0.52,0.52,0.64,0.52
195,1.0,0.0,0.0,0.0,0.0,1.0,0.0,1.0,0.0,0.0,0.0,1.0,0.0,0.0,0.0,0.0,0.0,1.0,0.0,1.0,1.0,0.0,0.0,0.0,1.0,1.0,0.0,0.0,0.0,0.0,0.0,0.0,1.0,0.0,1.0,0.0,1.0,0.0,0.0,0.0,0.0,0.0,1.0,0.0,0.0,0.0,0.0,0.0,0.0,0.0,0.0,0.0,0.0,0.0,0.0,0.0,0.0,0.0,0.0,0.0,0.0,0.0,1.0,0.0,1.0,1.0,1.0,0.0,1.0,0.0,1.0,0.0,0.0,0.0,1.0,1.0,0.0,0.0,0.0,1.0,0.0,0.0,0.0,1.0,0.0,0.0,0.0,0.0,0.0,1.0,0.0,0.0,0.0,0.0,0.0,1.0,0.0,1.0,0.0,0.0,0.0,0.0,0.0,0.0,0.6,0.6,0.72,0.6,0.52,0.56,0.56,0.72,0.52,0.48,0.52,0.52,0.72,0.52,0.48,0.52,0.52,0.72,0.48,0.48,0.48,0.48,1.0,0.48,0.43999999999999995,0.48,0.48,0.56,0.48,0.43999999999999995,0.48,0.48,0.52,0.43999999999999995,0.43999999999999995,0.43999999999999995,0.6,0.6,0.72,0.6,0.52,0.56,0.56,0.72,0.52,0.48,0.52,0.52,0.72,0.52,0.48,0.52,0.52,0.72,0.48,0.48,0.48,0.48,1.0,0.48,0.43999999999999995,0.48,0.48,0.56,0.48,0.43999999999999995,0.48,0.48,0.52,0.43999999999999995,0.43999999999999995,0.43999999999999995
196,0.0,0.0,0.0,0.0,0.0,0.0,0.0,0.0,0.0,1.0,1.0,0.0,0.0,0.0,1.0,0.0,1.0,0.0,0.0,0.0,0.0,0.0,0.0,0.0,0.0,0.0,0.0,1.0,0.0,0.0,0.0,0.0,1.0,1.0,0.0,0.0,0.0,0.0,0.0,1.0,0.0,1.0,1.0,0.0,0.0,0.0,0.0,1.0,0.0,0.0,1.0,1.0,1.0,1.0,0.0,0.0,0.0,0.0,0.0,0.0,0.0,0.0,0.0,1.0,0.0,0.0,0.0,0.0,0.0,0.0,0.0,0.0,0.0,0.0,0.0,0.0,1.0,0.0,1.0,0.0,0.0,1.0,1.0,1.0,0.0,0.0,1.0,1.0,1.0,0.0,0.0,0.0,0.0,0.0,0.0,0.0,0.0,0.0,0.0,0.0,1.0,1.0,0.0,0.0,0.8,0.64,0.6,1.0,0.92,0.6799999999999999,0.6,0.6,1.0,0.88,0.64,0.56,0.56,1.0,0.76,0.6,0.56,0.52,0.76,0.72,0.6,0.52,0.52,0.72,0.6799999999999999,0.56,0.52,0.48,0.6799999999999999,0.64,0.52,0.48,0.48,0.64,0.6,0.52,0.8,0.64,0.6,1.0,0.92,0.6799999999999999,0.6,0.6,1.0,0.88,0.64,0.56,0.56,1.0,0.76,0.6,0.56,0.52,0.76,0.72,0.6,0.52,0.52,0.72,0.6799999999999999,0.56,0.52,0.48,0.6799999999999999,0.64,0.52,0.48,0.48,0.64,0.6,0.52
197,0.0,0.0,0.0,0.0,0.0,0.0,0.0,1.0,0.0,0.0,0.0,1.0,0.0,0.0,1.0,1.0,0.0,0.0,0.0,0.0,0.0,1.0,0.0,0.0,1.0,0.0,0.0,0.0,0.0,0.0,0.0,1.0,0.0,0.0,1.0,0.0,1.0,1.0,0.0,0.0,0.0,0.0,1.0,0.0,1.0,0.0,0.0,0.0,0.0,0.0,0.0,1.0,1.0,1.0,0.0,1.0,1.0,1.0,0.0,0.0,1.0,0.0,1.0,0.0,0.0,0.0,0.0,0.0,0.0,0.0,0.0,1.0,0.0,0.0,0.0,0.0,0.0,1.0,0.0,0.0,0.0,1.0,0.0,0.0,0.0,0.0,0.0,0.0,0.0,0.0,0.0,0.0,1.0,0.0,0.0,0.0,0.0,1.0,0.0,1.0,0.0,0.0,0.0,0.0,0.84,1.0,0.8,0.76,0.76,0.96,1.0,0.72,0.6799999999999999,0.72,0.88,1.0,0.6799999999999999,0.64,0.6799999999999999,0.84,0.84,0.64,0.6,0.64,0.72,0.76,0.6,0.6,0.6,0.6799999999999999,0.72,0.56,0.56,0.56,0.64,0.6799999999999999,0.56,0.52,0.56,0.6,0.84,1.0,0.8,0.76,0.76,0.96,1.0,0.72,0.6799999999999999,0.72,0.88,1.0,0.6799999999999999,0.64,0.6799999999999999,0.84,0.84,0.64,0.6,0.64,0.72,0.76,0.6,0.6,0.6,0.6799999999999999,0.72,0.56,0.56,0.56,0.64,0.6799999999999999,0.56,0.52,0.56,0.6
198,0.0,0.0,0.0,1.0,1.0,0.0,0.0,0.0,0.0,1.0,0.0,0.0,0.0,0.0,0.0,0.0,0.0,1.0,0.0,1.0,0.0,0.0,0.0,1.0,0.0,0.0,0.0,0.0,0.0,0.0,0.0,0.0,0.0,1.0,1.0,1.0,0.0,1.0,0.0,0.0,0.0,1.0,1.0,0.0,0.0,0.0,1.0,0.0,0.0,0.0,0.0,0.0,1.0,1.0,0.0,0.0,0.0,0.0,0.0,0.0,1.0,0.0,0.0,0.0,1.0,0.0,0.0,0.0,1.0,0.0,1.0,0.0,0.0,0.0,1.0,0.0,0.0,1.0,1.0,0.0,0.0,1.0,0.0,0.0,0.0,0.0,0.0,0.0,0.0,0.0,0.0,0.0,0.0,0.0,0.0,0.0,0.0,0.0,0.0,1.0,0.0,1.0,1.0,0.0,0.84,0.88,0.88,0.88,0.84,1.0,0.84,0.84,0.8,0.76,0.88,0.76,0.76,0.72,0.72,0.96,0.72,0.72,0.6799999999999999,0.6799999999999999,0.76,0.6799999999999999,0.6799999999999999,0.64,0.64,0.6799999999999999,0.64,0.64,0.6,0.6,0.64,0.6,0.6,0.56,0.56,0.6,0.84,0.88,0.88,0.88,0.84,1.0,0.84,0.84,0.8,0.76,0.88,0.76,0.76,0.72,0.72,0.96,0.72,0.72,0.6799999999999999,0.6799999999999999,0.76,0.6799999999999999,0.6799999999999999,0.64,0.64,0.6799999999999999,0.64,0.64,0.6,0.6,0.64,0.6,0.6,0.56,0.56,0.6
199,0.0,0.0,0.0,0.0,1.0,0.0,0.0,0.0,1.0,0.0,0.0,1.0,0.0,0.0,1.0,1.0,0.0,0.0,0.0,0.0,0.0,1.0,1.0,0.0,0.0,0.0,0.0,1.0,0.0,1.0,0.0,1.0,0.0,0.0,0.0,1.0,1.0,0.0,0.0,0.0,0.0,0.0,1.0,0.0,0.0,0.0,0.0,0.0,0.0,0.0,0.0,0.0,0.0,1.0,0.0,0.0,0.0,1.0,1.0,1.0,0.0,0.0,1.0,0.0,0.0,0.0,0.0,0.0,0.0,0.0,0.0,0.0,0.0,0.0,0.0,1.0,0.0,1.0,0.0,0.0,0.0,0.0,0.0,0.0,0.0,0.0,0.0,0.0,0.0,0.0,0.0,0.0,1.0,1.0,0.0,1.0,1.0,0.0,0.0,0.0,0.0,1.0,0.0,1.0,0.84,0.96,0.84,0.76,1.0,0.92,0.96,0.76,0.72,0.92,0.84,0.92,0.72,0.6799999999999999,0.88,0.76,0.84,0.6799999999999999,0.64,0.84,0.72,0.84,0.64,0.6,0.72,0.6799999999999999,0.72,0.6,0.56,0.6799999999999999,0.64,0.6799999999999999,0.56,0.52,0.64,0.6,0.84,0.96,0.84,0.76,1.0,0.92,0.96,0.76,0.72,0.92,0.84,0.92,0.72,0.6799999999999999,0.88,0.76,0.84,0.6799999999999999,0.64,0.84,0.72,0.84,0.64,0.6,0.72,0.6799999999999999,0.72,0.6,0.56,0.6799999999999999,0.64,0.6799999999999999,0.56,0.52,0.64,0.6
200,1.0,1.0,0.0,0.0,0.0,1.0,1.0,0.0,1.0,0.0,0.0,0.0,0.0,0.0,0.0,0.0,0.0,0.0,0.0,0.0,0.0,1.0,0.0,0.0,0.0,0.0,0.0,1.0,0.0,0.0,0.0,1.0,1.0,0.0,0.0,0.0,0.0,0.0,0.0,1.0,0.0,1.0,0.0,0.0,1.0,0.0,0.0,1.0,0.0,0.0,0.0,0.0,0.0,0.0,1.0,1.0,0.0,0.0,0.0,0.0,0.0,1.0,1.0,0.0,0.0,0.0,0.0,0.0,1.0,0.0,1.0,0.0,0.0,0.0,0.0,0.0,1.0,0.0,0.0,0.0,0.0,0.0,1.0,0.0,0.0,1.0,0.0,0.0,0.0,0.0,0.0,0.0,1.0,0.0,1.0,0.0,0.0,1.0,0.0,0.0,0.0,0.0,0.0,1.0,1.0,0.88,0.6799999999999999,0.6799999999999999,0.84,0.6799999999999999,0.84,0.64,0.64,0.76,0.64,0.76,0.6,0.6,0.72,0.6,0.72,0.56,0.56,0.6799999999999999,0.56,0.6799999999999999,0.56,0.56,0.64,0.56,0.64,0.52,0.52,0.6,0.52,0.6,0.52,0.52,0.56,0.52,1.0,0.88,0.6799999999999999,0.6799999999999999,0.84,0.6799999999999999,0.84,0.64,0.64,0.76,0.64,0.76,0.6,0.6,0.72,0.6,0.72,0.56,0.56,0.6799999999999999,0.56,0.6799999999999999,0.56,0.56,0.64,0.56,0.64,0.52,0.52,0.6,0.52,0.6,0.52,0.52,0.56,0.52
201,0.0,1.0,1.0,0.0,0.0,1.0,0.0,0.0,0.0,0.0,0.0,0.0,1.0,0.0,0.0,1.0,0.0,0.0,0.0,0.0,0.0,0.0,0.0,1.0,0.0,1.0,1.0,0.0,0.0,0.0,0.0,0.0,0.0,0.0,0.0,0.0,0.0,0.0,0.0,1.0,0.0,1.0,1.0,0.0,1.0,0.0,1.0,0.0,0.0,0.0,0.0,0.0,0.0,0.0,0.0,0.0,0.0,0.0,1.0,0.0,1.0,0.0,1.0,1.0,0.0,1.0,0.0,0.0,0.0,0.0,0.0,0.0,1.0,1.0,0.0,0.0,0.0,0.0,0.0,0.0,0.0,1.0,0.0,1.0,1.0,0.0,0.0,0.0,0.0,0.0,1.0,0.0,1.0,0.0,0.0,0.0,0.0,0.0,0.0,1.0,0.0,0.0,0.0,0.0,0.84,1.0,0.8,0.72,0.88,0.84,1.0,0.76,0.6799999999999999,0.8,0.76,0.88,0.72,0.64,0.76,0.72,0.76,0.6799999999999999,0.6,0.72,0.6799999999999999,0.72,0.64,0.56,0.6799999999999999,0.64,0.6799999999999999,0.6,0.56,0.64,0.6,0.64,0.56,0.52,0.6,0.56,0.84,1.0,0.8,0.72,0.88,0.84,1.0,0.76,0.6799999999999999,0.8,0.76,0.88,0.72,0.64,0.76,0.72,0.76,0.6799999999999999,0.6,0.72,0.6799999999999999,0.72,0.64,0.56,0.6799999999999999,0.64,0.6799999999999999,0.6,0.56,0.64,0.6,0.64,0.56,0.52,0.6,0.56
202,0.0,0.0,0.0,0.0,0.0,1.0,0.0,0.0,0.0,0.0,0.0,0.0,0.0,0.0,0.0,0.0,0.0,1.0,0.0,0.0,0.0,1.0,0.0,0.0,1.0,0.0,0.0,1.0,1.0,1.0,0.0,1.0,0.0,0.0,0.0,1.0,1.0,0.0,0.0,1.0,0.0,0.0,0.0,0.0,0.0,0.0,0.0,0.0,1.0,1.0,0.0,0.0,1.0,0.0,1.0,1.0,0.0,0.0,0.0,1.0,1.0,0.0,0.0,0.0,0.0,1.0,0.0,1.0,1.0,0.0,0.0,0.0,0.0,0.0,0.0,0.0,0.0,1.0,0.0,0.0,0.0,0.0,0.0,0.0,0.0,0.0,1.0,0.0,0.0,0.0,0.0,0.0,0.0,1.0,0.0,0.0,0.0,0.0,0.0,1.0,0.0,0.0,0.0,1.0,0.84,0.76,0.8,1.0,0.8,0.8,0.72,0.76,0.92,0.76,0.76,0.6799999999999999,0.72,0.8,0.72,0.6799999999999999,0.64,0.6799999999999999,0.76,0.6799999999999999,0.64,0.6,0.64,0.72,0.64,0.6,0.56,0.6,0.6799999999999999,0.6,0.6,0.52,0.56,0.64,0.56,0.56,0.84,0.76,0.8,1.0,0.8,0.8,0.72,0.76,0.92,0.76,0.76,0.6799999999999999,0.72,0.8,0.72,0.6799999999999999,0.64,0.6799999999999999,0.76,0.6799999999999999,0.64,0.6,0.64,0.72,0.64,0.6,0.56,0.6,0.6799999999999999,0.6,0.6,0.52,0.56,0.64,0.56,0.56
203,0.0,1.0,0.0,0.0,0.0,0.0,0.0,0.0,1.0,0.0,1.0,1.0,0.0,0.0,0.0,0.0,0.0,0.0,0.0,1.0,0.0,0.0,0.0,1.0,0.0,0.0,0.0,0.0,0.0,0.0,0.0,0.0,0.0,1.0,0.0,1.0,0.0,0.0,0.0,0.0,0.0,1.0,0.0,0.0,0.0,1.0,1.0,1.0,0.0,0.0,1.0,0.0,0.0,0.0,0.0,0.0,0.0,0.0,0.0,1.0,0.0,0.0,0.0,0.0,1.0,0.0,0.0,1.0,0.0,0.0,1.0,0.0,0.0,1.0,1.0,0.0,0.0,0.0,1.0,0.0,1.0,0.0,0.0,0.0,1.0,0.0,0.0,0.0,0.0,0.0,0.0,0.0,1.0,0.0,0.0,1.0,0.0,0.0,0.0,0.0,1.0,0.0,0.0,1.0,0.8,0.84,0.76,0.72,1.0,0.72,0.76,0.72,0.6799999999999999,1.0,0.6799999999999999,0.72,0.6799999999999999,0.64,1.0,0.64,0.6799999999999999,0.64,0.6,0.76,0.6,0.64,0.6,0.56,0.72,0.56,0.6,0.56,0.52,0.6799999999999999,0.56,0.56,0.56,0.52,0.64,0.52,0.8,0.84,0.76,0.72,1.0,0.72,0.76,0.72,0.6799999999999999,1.0,0.6799999999999999,0.72,0.6799999999999999,0.64,1.0,0.64,0.6799999999999999,0.64,0.6,0.76,0.6,0.64,0.6,0.56,0.72,0.56,0.6,0.56,0.52,0.6799999999999999,0.56,0.56,0.56,0.52,0.64,0.52
204,0.0,0.0,0.0,0.0,0.0,0.0,0.0,0.0,1.0,0.0,0.0,0.0,0.0,1.0,1.0,0.0,0.0,0.0,0.0,0.0,0.0,1.0,1.0,0.0,0.0,1.0,0.0,0.0,1.0,1.0,0.0,0.0,1.0,0.0,0.0,0.0,0.0,1.0,0.0,0.0,0.0,1.0,0.0,1.0,1.0,0.0,0.0,0.0,0.0,0.0,0.0,0.0,0.0,1.0,0.0,0.0,1.0,0.0,0.0,1.0,0.0,0.0,1.0,1.0,1.0,0.0,0.0,0.0,0.0,1.0,0.0,1.0,0.0,0.0,0.0,1.0,0.0,0.0,0.0,0.0,0.0,0.0,1.0,0.0,0.0,0.0,0.0,0.0,0.0,0.0,1.0,0.0,0.0,0.0,0.0,0.0,0.0,0.0,1.0,0.0,1.0,0.0,0.0,0.0,0.76,0.88,0.88,0.84,0.72,0.84,0.88,0.88,0.8,0.6799999999999999,0.76,0.84,0.88,0.72,0.64,0.84,0.84,0.84,0.64,0.6,0.64,0.84,1.0,0.6,0.56,0.6,0.6799999999999999,0.6799999999999999,0.6,0.52,0.56,0.64,0.64,0.56,0.52,0.56,0.76,0.88,0.88,0.84,0.72,0.84,0.88,0.88,0.8,0.6799999999999999,0.76,0.84,0.88,0.72,0.64,0.84,0.84,0.84,0.64,0.6,0.64,0.84,1.0,0.6,0.56,0.6,0.6799999999999999,0.6799999999999999,0.6,0.52,0.56,0.64,0.64,0.56,0.52,0.56
205,0.0,0.0,0.0,1.0,1.0,0.0,0.0,0.0,0.0,0.0,1.0,0.0,1.0,0.0,0.0,0.0,0.0,0.0,0.0,0.0,0.0,1.0,1.0,0.0,0.0,0.0,0.0,0.0,1.0,0.0,0.0,0.0,1.0,0.0,1.0,0.0,0.0,0.0,1.0,1.0,0.0,0.0,0.0,0.0,0.0,0.0,0.0,0.0,1.0,1.0,0.0,0.0,0.0,0.0,0.0,0.0,0.0,1.0,0.0,0.0,0.0,1.0,0.0,0.0,0.0,0.0,1.0,0.0,1.0,0.0,0.0,1.0,0.0,0.0,0.0,1.0,0.0,1.0,1.0,1.0,0.0,0.0,0.0,1.0,0.0,0.0,0.0,1.0,0.0,0.0,0.0,0.0,0.0,0.0,0.0,1.0,0.0,1.0,0.0,0.0,0.0,0.0,0.0,0.0,0.8,0.88,0.92,1.0,0.76,0.88,0.84,0.92,1.0,0.72,0.8,0.72,0.84,1.0,0.6799999999999999,0.72,0.6799999999999999,0.76,0.84,0.64,0.6799999999999999,0.64,0.6799999999999999,0.72,0.6,0.64,0.6,0.64,0.6799999999999999,0.56,0.6,0.56,0.6,0.64,0.52,0.56,0.8,0.88,0.92,1.0,0.76,0.88,0.84,0.92,1.0,0.72,0.8,0.72,0.84,1.0,0.6799999999999999,0.72,0.6799999999999999,0.76,0.84,0.64,0.6799999999999999,0.64,0.6799999999999999,0.72,0.6,0.64,0.6,0.64,0.6799999999999999,0.56,0.6,0.56,0.6,0.64,0.52,0.56
206,0.0,0.0,1.0,1.0,0.0,0.0,1.0,0.0,0.0,0.0,1.0,0.0,0.0,1.0,0.0,0.0,0.0,0.0,0.0,1.0,0.0,0.0,0.0,0.0,0.0,0.0,0.0,0.0,0.0,0.0,0.0,0.0,0.0,0.0,0.0,0.0,0.0,0.0,1.0,0.0,0.0,0.0,1.0,0.0,1.0,1.0,0.0,1.0,0.0,1.0,0.0,1.0,0.0,0.0,0.0,0.0,1.0,0.0,0.0,0.0,1.0,0.0,0.0,0.0,0.0,0.0,0.0,0.0,0.0,1.0,0.0,0.0,1.0,0.0,1.0,1.0,0.0,0.0,0.0,0.0,0.0,0.0,0.0,1.0,1.0,0.0,1.0,1.0,0.0,1.0,0.0,1.0,0.0,0.0,0.0,0.0,0.0,0.0,1.0,0.0,0.0,0.0,0.0,0.0,0.88,0.84,0.8,0.88,1.0,0.92,0.76,0.76,0.84,0.84,0.8,0.72,0.72,0.76,0.76,0.76,0.6799999999999999,0.6799999999999999,0.72,0.72,0.72,0.64,0.64,0.6799999999999999,0.6799999999999999,0.6799999999999999,0.6,0.6,0.64,0.64,0.64,0.56,0.56,0.6,0.6,0.6,0.88,0.84,0.8,0.88,1.0,0.92,0.76,0.76,0.84,0.84,0.8,0.72,0.72,0.76,0.76,0.76,0.6799999999999999,0.6799999999999999,0.72,0.72,0.72,0.64,0.64,0.6799999999999999,0.6799999999999999,0.6799999999999999,0.6,0.6,0.64,0.64,0.64,0.56,0.56,0.6,0.6,0.6
207,1.0,1.0,0.0,1.0,0.0,0.0,1.0,0.0,0.0,0.0,0.0,1.0,0.0,0.0,1.0,0.0,0.0,0.0,0.0,0.0,0.0,1.0,0.0,0.0,0.0,0.0,0.0,0.0,0.0,0.0,1.0,0.0,0.0,1.0,1.0,1.0,1.0,0.0,0.0,0.0,0.0,0.0,0.0,0.0,1.0,0.0,0.0,0.0,0.0,0.0,0.0,0.0,0.0,0.0,0.0,0.0,0.0,1.0,0.0,0.0,1.0,0.0,1.0,0.0,0.0,0.0,0.0,1.0,0.0,0.0,1.0,0.0,0.0,0.0,0.0,0.0,0.0,0.0,0.0,1.0,0.0,1.0,0.0,0.0,1.0,0.0,0.0,0.0,0.0,1.0,0.0,0.0,0.0,0.0,0.0,0.0,0.0,0.0,0.0,0.0,1.0,1.0,1.0,1.0,0.8,0.88,0.6799999999999999,1.0,0.76,0.72,0.84,0.64,1.0,0.6799999999999999,0.6799999999999999,0.76,0.6,0.92,0.64,0.64,0.72,0.56,0.76,0.6,0.6,0.6799999999999999,0.56,0.72,0.6,0.56,0.64,0.52,0.6799999999999999,0.56,0.56,0.6,0.52,0.64,0.52,0.52,0.8,0.88,0.6799999999999999,1.0,0.76,0.72,0.84,0.64,1.0,0.6799999999999999,0.6799999999999999,0.76,0.6,0.92,0.64,0.64,0.72,0.56,0.76,0.6,0.6,0.6799999999999999,0.56,0.72,0.6,0.56,0.64,0.52,0.6799999999999999,0.56,0.56,0.6,0.52,0.64,0.52,0.52
208,0.0,0.0,0.0,1.0,0.0,0.0,0.0,1.0,0.0,1.0,0.0,0.0,0.0,0.0,0.0,0.0,0.0,1.0,1.0,0.0,0.0,1.0,0.0,1.0,0.0,0.0,0.0,0.0,0.0,0.0,0.0,1.0,0.0,0.0,0.0,1.0,0.0,0.0,1.0,0.0,1.0,0.0,0.0,1.0,0.0,1.0,0.0,0.0,0.0,0.0,0.0,0.0,0.0,0.0,1.0,0.0,0.0,0.0,1.0,0.0,0.0,0.0,0.0,1.0,0.0,0.0,0.0,0.0,1.0,0.0,0.0,1.0,1.0,0.0,0.0,0.0,0.0,0.0,1.0,1.0,0.0,1.0,0.0,0.0,0.0,0.0,0.0,0.0,0.0,0.0,0.0,0.0,0.0,1.0,0.0,0.0,1.0,0.0,1.0,0.0,0.0,0.0,1.0,0.0,1.0,0.76,0.8,0.76,0.8,0.76,0.72,0.76,0.72,0.76,0.72,0.6799999999999999,0.72,0.6799999999999999,0.6799999999999999,0.6799999999999999,0.64,0.6799999999999999,0.64,0.64,0.64,0.6,0.64,0.6,0.6,0.6,0.56,0.6,0.56,0.6,0.56,0.56,0.56,0.52,0.56,0.56,1.0,0.76,0.8,0.76,0.8,0.76,0.72,0.76,0.72,0.76,0.72,0.6799999999999999,0.72,0.6799999999999999,0.6799999999999999,0.6799999999999999,0.64,0.6799999999999999,0.64,0.64,0.64,0.6,0.64,0.6,0.6,0.6,0.56,0.6,0.56,0.6,0.56,0.56,0.56,0.52,0.56,0.56
209,1.0,0.0,0.0,0.0,1.0,0.0,0.0,0.0,0.0,1.0,0.0,0.0,0.0,1.0,0.0,0.0,0.0,1.0,0.0,1.0,1.0,0.0,0.0,0.0,0.0,0.0,0.0,0.0,0.0,0.0,0.0,0.0,0.0,0.0,0.0,0.0,1.0,0.0,1.0,1.0,0.0,0.0,0.0,0.0,0.0,0.0,0.0,0.0,1.0,1.0,1.0,0.0,0.0,0.0,0.0,0.0,0.0,0.0,1.0,0.0,0.0,0.0,0.0,1.0,1.0,0.0,1.0,0.0,0.0,0.0,0.0,0.0,0.0,1.0,1.0,0.0,1.0,0.0,0.0,0.0,0.0,0.0,1.0,0.0,0.0,0.0,0.0,1.0,0.0,0.0,0.0,0.0,0.0,0.0,1.0,0.0,0.0,1.0,1.0,1.0,0.0,0.0,0.0,0.0,0.84,0.8,0.96,0.72,1.0,0.88,0.76,0.92,0.6799999999999999,0.88,0.84,0.6799999999999999,0.84,0.64,0.84,0.84,0.64,0.8,0.6,0.84,0.8,0.6,0.72,0.56,0.72,0.76,0.6,0.6799999999999999,0.52,0.6799999999999999,0.64,0.56,0.64,0.52,0.64,0.6,0.84,0.8,0.96,0.72,1.0,0.88,0.76,0.92,0.6799999999999999,0.88,0.84,0.6799999999999999,0.84,0.64,0.84,0.84,0.64,0.8,0.6,0.84,0.8,0.6,0.72,0.56,0.72,0.76,0.6,0.6799999999999999,0.52,0.6799999999999999,0.64,0.56,0.64,0.52,0.64,0.6
210,1.0,0.0,0.0,1.0,0.0,0.0,1.0,0.0,0.0,0.0,1.0,0.0,0.0,0.0,1.0,0.0,1.0,0.0,1.0,0.0,1.0,0.0,0.0,0.0,0.0,0.0,1.0,0.0,0.0,0.0,0.0,0.0,0.0,1.0,1.0,0.0,0.0,0.0,0.0,0.0,1.0,0.0,0.0,0.0,0.0,0.0,0.0,0.0,0.0,0.0,1.0,0.0,0.0,0.0,1.0,0.0,1.0,0.0,0.0,0.0,0.0,0.0,0.0,0.0,0.0,1.0,0.0,0.0,0.0,1.0,0.0,0.0,0.0,0.0,0.0,0.0,1.0,1.0,0.0,0.0,0.0,0.0,0.0,0.0,1.0,0.0,0.0,0.0,0.0,0.0,1.0,1.0,0.0,1.0,1.0,0.0,0.0,0.0,0.0,1.0,1.0,0.0,0.0,0.0,1.0,0.8,0.96,0.76,0.88,0.8,0.76,0.88,0.72,0.84,0.76,0.72,0.8,0.6799999999999999,0.8,0.72,0.6799999999999999,0.76,0.64,0.76,0.6799999999999999,0.64,0.72,0.6,0.6799999999999999,0.64,0.6,0.6799999999999999,0.56,0.64,0.6,0.56,0.64,0.56,0.6,0.56,1.0,0.8,0.96,0.76,0.88,0.8,0.76,0.88,0.72,0.84,0.76,0.72,0.8,0.6799999999999999,0.8,0.72,0.6799999999999999,0.76,0.64,0.76,0.6799999999999999,0.64,0.72,0.6,0.6799999999999999,0.64,0.6,0.6799999999999999,0.56,0.64,0.6,0.56,0.64,0.56,0.6,0.56
211,0.0,0.0,0.0,0.0,0.0,0.0,0.0,0.0,1.0,0.0,0.0,1.0,1.0,1.0,0.0,0.0,0.0,0.0,1.0,0.0,0.0,1.0,0.0,0.0,1.0,0.0,0.0,0.0,1.0,1.0,1.0,0.0,0.0,0.0,0.0,0.0,0.0,0.0,0.0,0.0,0.0,0.0,0.0,1.0,0.0,0.0,1.0,0.0,0.0,0.0,0.0,1.0,0.0,0.0,1.0,0.0,1.0,1.0,1.0,1.0,0.0,0.0,0.0,0.0,0.0,0.0,1.0,0.0,0.0,1.0,0.0,0.0,0.0,0.0,1.0,0.0,0.0,0.0,0.0,0.0,0.0,0.0,0.0,0.0,1.0,0.0,0.0,1.0,0.0,0.0,0.0,0.0,1.0,0.0,1.0,0.0,0.0,0.0,0.0,0.0,1.0,0.0,0.0,0.0,1.0,0.92,0.88,0.76,0.8,0.8,0.84,0.84,0.72,0.76,0.76,0.8,0.76,0.6799999999999999,0.6799999999999999,0.72,0.76,0.72,0.64,0.64,0.6799999999999999,0.72,0.6799999999999999,0.6,0.6,0.64,0.6799999999999999,0.64,0.56,0.6,0.6,0.64,0.6,0.56,0.56,0.56,1.0,0.92,0.88,0.76,0.8,0.8,0.84,0.84,0.72,0.76,0.76,0.8,0.76,0.6799999999999999,0.6799999999999999,0.72,0.76,0.72,0.64,0.64,0.6799999999999999,0.72,0.6799999999999999,0.6,0.6,0.64,0.6799999999999999,0.64,0.56,0.6,0.6,0.64,0.6,0.56,0.56,0.56
212,0.0,0.0,1.0,1.0,0.0,0.0,1.0,1.0,0.0,1.0,1.0,0.0,0.0,0.0,0.0,0.0,1.0,1.0,0.0,0.0,0.0,0.0,0.0,0.0,0.0,0.0,0.0,0.0,0.0,0.0,0.0,0.0,0.0,0.0,1.0,0.0,0.0,0.0,1.0,1.0,0.0,0.0,1.0,0.0,0.0,1.0,0.0,0.0,0.0,0.0,0.0,0.0,0.0,0.0,0.0,0.0,1.0,1.0,0.0,0.0,0.0,0.0,0.0,0.0,1.0,0.0,0.0,0.0,0.0,0.0,1.0,0.0,1.0,0.0,1.0,1.0,0.0,1.0,0.0,1.0,0.0,0.0,0.0,0.0,1.0,0.0,0.0,0.0,0.0,1.0,0.0,0.0,1.0,0.0,0.0,0.0,0.0,0.0,0.0,0.0,0.0,0.0,1.0,0.0,0.84,1.0,0.96,0.76,0.8,0.92,1.0,0.92,0.72,0.72,0.92,1.0,0.92,0.6799999999999999,0.6799999999999999,0.96,0.92,0.84,0.64,0.64,0.72,0.76,0.72,0.6,0.6,0.6799999999999999,0.72,0.6799999999999999,0.56,0.56,0.64,0.6799999999999999,0.64,0.52,0.56,0.6,0.84,1.0,0.96,0.76,0.8,0.92,1.0,0.92,0.72,0.72,0.92,1.0,0.92,0.6799999999999999,0.6799999999999999,0.96,0.92,0.84,0.64,0.64,0.72,0.76,0.72,0.6,0.6,0.6799999999999999,0.72,0.6799999999999999,0.56,0.56,0.64,0.6799999999999999,0.64,0.52,0.56,0.6
213,1.0,1.0,0.0,0.0,1.0,0.0,1.0,0.0,0.0,0.0,0.0,0.0,0.0,0.0,0.0,1.0,0.0,0.0,0.0,1.0,1.0,0.0,1.0,0.0,0.0,0.0,0.0,0.0,1.0,0.0,0.0,0.0,0.0,0.0,1.0,0.0,1.0,0.0,0.0,0.0,0.0,0.0,0.0,1.0,1.0,0.0,0.0,0.0,0.0,0.0,0.0,0.0,0.0,0.0,0.0,0.0,0.0,0.0,0.0,0.0,0.0,0.0,0.0,0.0,1.0,1.0,1.0,0.0,1.0,1.0,0.0,0.0,0.0,0.0,0.0,1.0,1.0,0.0,0.0,0.0,0.0,1.0,0.0,0.0,0.0,1.0,0.0,0.0,0.0,0.0,0.0,0.0,0.0,1.0,0.0,0.0,0.0,0.0,0.0,1.0,0.0,1.0,0.0,1.0,0.84,0.64,1.0,0.64,0.72,0.72,0.6,1.0,0.6,0.6799999999999999,0.6799999999999999,0.6,1.0,0.56,0.64,0.64,0.56,0.92,0.56,0.6,0.6,0.52,0.76,0.52,0.56,0.56,0.52,0.72,0.52,0.56,0.56,0.48,0.6799999999999999,0.48,0.52,0.52,0.84,0.64,1.0,0.64,0.72,0.72,0.6,1.0,0.6,0.6799999999999999,0.6799999999999999,0.6,1.0,0.56,0.64,0.64,0.56,0.92,0.56,0.6,0.6,0.52,0.76,0.52,0.56,0.56,0.52,0.72,0.52,0.56,0.56,0.48,0.6799999999999999,0.48,0.52,0.52
214,1.0,1.0,0.0,0.0,0.0,0.0,0.0,0.0,0.0,1.0,0.0,0.0,0.0,0.0,0.0,0.0,1.0,0.0,0.0,0.0,1.0,0.0,0.0,0.0,0.0,0.0,0.0,0.0,0.0,0.0,0.0,1.0,1.0,0.0,0.0,1.0,0.0,0.0,0.0,1.0,1.0,0.0,0.0,0.0,0.0,1.0,0.0,0.0,0.0,1.0,1.0,0.0,0.0,0.0,0.0,0.0,1.0,0.0,0.0,1.0,0.0,0.0,1.0,1.0,0.0,0.0,1.0,1.0,0.0,0.0,0.0,0.0,0.0,0.0,0.0,0.0,0.0,0.0,0.0,0.0,1.0,0.0,1.0,0.0,0.0,0.0,0.0,0.0,0.0,1.0,1.0,0.0,0.0,1.0,1.0,0.0,0.0,0.0,0.0,0.0,0.0,0.0,0.0,1.0,0.8,0.92,0.72,0.92,1.0,0.84,0.88,0.6799999999999999,0.92,1.0,0.76,0.76,0.64,0.8,0.88,0.6799999999999999,0.72,0.6,0.72,0.84,0.64,0.6799999999999999,0.56,0.6799999999999999,0.72,0.6,0.64,0.52,0.64,0.6799999999999999,0.6,0.6,0.52,0.6,0.64,0.56,0.8,0.92,0.72,0.92,1.0,0.84,0.88,0.6799999999999999,0.92,1.0,0.76,0.76,0.64,0.8,0.88,0.6799999999999999,0.72,0.6,0.72,0.84,0.64,0.6799999999999999,0.56,0.6799999999999999,0.72,0.6,0.64,0.52,0.64,0.6799999999999999,0.6,0.6,0.52,0.6,0.64,0.56
215,0.0,0.0,0.0,0.0,0.0,1.0,0.0,0.0,0.0,0.0,0.0,1.0,1.0,1.0,0.0,0.0,0.0,0.0,0.0,0.0,0.0,1.0,0.0,0.0,0.0,0.0,0.0,0.0,0.0,1.0,1.0,0.0,1.0,1.0,0.0,0.0,0.0,0.0,0.0,0.0,0.0,0.0,0.0,1.0,0.0,1.0,1.0,0.0,1.0,0.0,0.0,0.0,1.0,0.0,1.0,0.0,1.0,0.0,0.0,0.0,0.0,0.0,0.0,0.0,0.0,0.0,0.0,0.0,0.0,0.0,1.0,0.0,1.0,0.0,0.0,0.0,0.0,0.0,0.0,1.0,1.0,0.0,0.0,0.0,0.0,0.0,0.0,0.0,1.0,1.0,0.0,1.0,1.0,1.0,0.0,0.0,0.0,0.0,0.0,0.0,0.0,0.0,1.0,0.0,0.96,0.76,0.76,1.0,0.92,0.76,0.72,0.6799999999999999,0.84,0.84,0.72,0.6799999999999999,0.64,0.8,0.8,0.6799999999999999,0.64,0.6,0.76,0.76,0.64,0.6,0.6,0.72,0.72,0.6,0.56,0.56,0.6799999999999999,0.6799999999999999,0.56,0.52,0.52,0.64,0.64,0.56,0.96,0.76,0.76,1.0,0.92,0.76,0.72,0.6799999999999999,0.84,0.84,0.72,0.6799999999999999,0.64,0.8,0.8,0.6799999999999999,0.64,0.6,0.76,0.76,0.64,0.6,0.6,0.72,0.72,0.6,0.56,0.56,0.6799999999999999,0.6799999999999999,0.56,0.52,0.52,0.64,0.64,0.56
216,0.0,0.0,0.0,0.0,0.0,0.0,0.0,0.0,1.0,0.0,0.0,0.0,0.0,0.0,1.0,1.0,1.0,0.0,0.0,0.0,0.0,1.0,1.0,0.0,1.0,0.0,0.0,0.0,0.0,0.0,0.0,0.0,0.0,0.0,1.0,0.0,0.0,1.0,0.0,0.0,0.0,1.0,0.0,1.0,0.0,0.0,1.0,1.0,0.0,0.0,0.0,0.0,0.0,0.0,0.0,0.0,1.0,1.0,0.0,1.0,0.0,0.0,1.0,1.0,0.0,1.0,0.0,0.0,0.0,1.0,0.0,0.0,0.0,0.0,0.0,0.0,0.0,0.0,0.0,1.0,0.0,0.0,0.0,1.0,0.0,1.0,0.0,0.0,0.0,0.0,0.0,1.0,0.0,0.0,0.0,0.0,1.0,0.0,0.0,0.0,0.0,0.0,0.0,1.0,1.0,0.88,0.96,0.8,0.88,0.8,0.8,0.88,0.76,0.84,0.76,0.76,0.84,0.72,0.76,0.72,0.72,0.76,0.6799999999999999,0.72,0.6799999999999999,0.6799999999999999,0.72,0.64,0.6799999999999999,0.64,0.64,0.6799999999999999,0.6,0.64,0.6,0.6,0.64,0.56,0.6,0.56,1.0,0.88,0.96,0.8,0.88,0.8,0.8,0.88,0.76,0.84,0.76,0.76,0.84,0.72,0.76,0.72,0.72,0.76,0.6799999999999999,0.72,0.6799999999999999,0.6799999999999999,0.72,0.64,0.6799999999999999,0.64,0.64,0.6799999999999999,0.6,0.64,0.6,0.6,0.64,0.56,0.6,0.56
217,0.0,0.0,1.0,1.0,0.0,0.0,0.0,0.0,1.0,0.0,0.0,0.0,0.0,0.0,0.0,0.0,0.0,0.0,0.0,0.0,0.0,1.0,0.0,0.0,0.0,0.0,0.0,0.0,0.0,1.0,1.0,0.0,1.0,0.0,1.0,0.0,1.0,1.0,0.0,1.0,0.0,0.0,0.0,0.0,0.0,0.0,0.0,0.0,1.0,1.0,0.0,0.0,0.0,0.0,0.0,0.0,0.0,1.0,0.0,0.0,0.0,1.0,0.0,0.0,0.0,0.0,0.0,0.0,1.0,0.0,0.0,0.0,0.0,0.0,1.0,0.0,0.0,1.0,1.0,0.0,0.0,0.0,0.0,1.0,0.0,1.0,0.0,1.0,0.0,0.0,1.0,0.0,0.0,1.0,0.0,0.0,0.0,1.0,0.0,0.0,0.0,0.0,0.0,1.0,0.6,0.52,0.52,0.72,0.56,0.6799999999999999,0.48,0.48,0.72,0.52,0.64,0.48,0.48,0.72,0.52,0.6,0.48,0.48,1.0,0.48,0.52,0.43999999999999995,0.43999999999999995,0.56,0.48,0.52,0.43999999999999995,0.43999999999999995,0.52,0.48,0.48,0.43999999999999995,0.43999999999999995,0.52,0.43999999999999995,0.48,0.6,0.52,0.52,0.72,0.56,0.6799999999999999,0.48,0.48,0.72,0.52,0.64,0.48,0.48,0.72,0.52,0.6,0.48,0.48,1.0,0.48,0.52,0.43999999999999995,0.43999999999999995,0.56,0.48,0.52,0.43999999999999995,0.43999999999999995,0.52,0.48,0.48,0.43999999999999995,0.43999999999999995,0.52,0.43999999999999995,0.48
218,0.0,0.0,1.0,0.0,0.0,0.0,0.0,0.0,1.0,1.0,0.0,0.0,1.0,0.0,0.0,1.0,1.0,0.0,0.0,0.0,0.0,1.0,0.0,0.0,0.0,0.0,0.0,0.0,1.0,0.0,0.0,0.0,0.0,0.0,0.0,1.0,0.0,0.0,1.0,0.0,0.0,0.0,1.0,0.0,1.0,1.0,0.0,0.0,0.0,0.0,0.0,0.0,0.0,1.0,0.0,0.0,0.0,0.0,0.0,1.0,0.0,0.0,1.0,0.0,0.0,0.0,0.0,0.0,0.0,0.0,0.0,1.0,1.0,0.0,0.0,0.0,0.0,0.0,0.0,1.0,0.0,0.0,1.0,1.0,0.0,0.0,1.0,0.0,1.0,1.0,0.0,0.0,0.0,0.0,0.0,0.0,0.0,0.0,0.0,1.0,0.0,0.0,0.0,1.0,0.8,0.88,0.6799999999999999,1.0,0.6799999999999999,0.88,0.88,0.64,1.0,0.64,0.88,0.8,0.6,1.0,0.6,0.72,0.76,0.56,0.84,0.56,0.6799999999999999,0.6799999999999999,0.52,0.8,0.52,0.64,0.64,0.52,0.6799999999999999,0.52,0.6,0.6,0.48,0.64,0.48,0.56,0.8,0.88,0.6799999999999999,1.0,0.6799999999999999,0.88,0.88,0.64,1.0,0.64,0.88,0.8,0.6,1.0,0.6,0.72,0.76,0.56,0.84,0.56,0.6799999999999999,0.6799999999999999,0.52,0.8,0.52,0.64,0.64,0.52,0.6799999999999999,0.52,0.6,0.6,0.48,0.64,0.48,0.56
219,1.0,1.0,0.0,0.0,0.0,0.0,0.0,1.0,0.0,1.0,1.0,0.0,1.0,1.0,1.0,0.0,0.0,0.0,0.0,0.0,0.0,0.0,0.0,0.0,0.0,0.0,1.0,0.0,0.0,0.0,1.0,0.0,0.0,1.0,0.0,0.0,0.0,0.0,0.0,0.0,0.0,0.0,0.0,0.0,0.0,0.0,1.0,0.0,0.0,1.0,0.0,0.0,0.0,0.0,1.0,0.0,1.0,0.0,0.0,0.0,0.0,0.0,0.0,1.0,0.0,0.0,0.0,0.0,0.0,1.0,1.0,1.0,1.0,0.0,1.0,1.0,0.0,0.0,0.0,0.0,0.0,0.0,0.0,0.0,0.0,0.0,0.0,0.0,0.0,0.0,0.0,0.0,1.0,1.0,0.0,0.0,0.0,1.0,0.0,0.0,1.0,0.0,0.0,0.0,0.88,1.0,0.96,0.64,0.6799999999999999,0.6799999999999999,0.92,0.88,0.6,0.64,0.64,0.8,0.8,0.56,0.6,0.6,0.76,0.76,0.52,0.56,0.56,0.72,0.72,0.52,0.56,0.56,0.6799999999999999,0.6799999999999999,0.48,0.52,0.52,0.64,0.64,0.48,0.52,0.52,0.88,1.0,0.96,0.64,0.6799999999999999,0.6799999999999999,0.92,0.88,0.6,0.64,0.64,0.8,0.8,0.56,0.6,0.6,0.76,0.76,0.52,0.56,0.56,0.72,0.72,0.52,0.56,0.56,0.6799999999999999,0.6799999999999999,0.48,0.52,0.52,0.64,0.64,0.48,0.52,0.52
220,1.0,0.0,0.0,0.0,1.0,0.0,0.0,1.0,0.0,1.0,0.0,1.0,0.0,0.0,0.0,0.0,0.0,0.0,0.0,0.0,0.0,0.0,1.0,1.0,0.0,0.0,0.0,0.0,0.0,0.0,0.0,0.0,0.0,1.0,0.0,0.0,1.0,0.0,0.0,0.0,0.0,1.0,0.0,0.0,0.0,0.0,0.0,0.0,0.0,1.0,1.0,1.0,0.0,0.0,1.0,1.0,0.0,1.0,0.0,0.0,0.0,0.0,0.0,0.0,1.0,0.0,0.0,0.0,0.0,1.0,1.0,1.0,0.0,0.0,0.0,0.0,0.0,1.0,1.0,0.0,0.0,0.0,0.0,1.0,0.0,0.0,1.0,0.0,0.0,0.0,0.0,0.0,0.0,0.0,0.0,0.0,0.0,0.0,0.0,1.0,1.0,0.0,0.0,0.0,0.8,0.96,0.88,0.84,1.0,0.92,0.96,0.84,0.72,0.92,0.84,0.96,0.76,0.6799999999999999,0.88,0.92,0.88,0.72,0.64,0.92,0.8,0.92,0.6799999999999999,0.6,0.72,0.6799999999999999,0.72,0.64,0.56,0.6799999999999999,0.64,0.6799999999999999,0.6,0.56,0.64,0.6,0.8,0.96,0.88,0.84,1.0,0.92,0.96,0.84,0.72,0.92,0.84,0.96,0.76,0.6799999999999999,0.88,0.92,0.88,0.72,0.64,0.92,0.8,0.92,0.6799999999999999,0.6,0.72,0.6799999999999999,0.72,0.64,0.56,0.6799999999999999,0.64,0.6799999999999999,0.6,0.56,0.64,0.6
221,1.0,0.0,0.0,0.0,1.0,0.0,0.0,1.0,0.0,0.0,0.0,0.0,0.0,0.0,0.0,0.0,0.0,0.0,0.0,0.0,1.0,1.0,1.0,0.0,0.0,0.0,0.0,0.0,0.0,1.0,0.0,0.0,0.0,0.0,0.0,0.0,1.0,1.0,1.0,0.0,1.0,0.0,0.0,0.0,0.0,1.0,0.0,1.0,0.0,0.0,0.0,0.0,0.0,0.0,0.0,0.0,0.0,0.0,1.0,0.0,1.0,0.0,1.0,0.0,0.0,0.0,1.0,0.0,1.0,0.0,0.0,0.0,0.0,0.0,0.0,0.0,0.0,0.0,1.0,1.0,0.0,0.0,0.0,0.0,0.0,0.0,0.0,1.0,0.0,0.0,0.0,0.0,0.0,0.0,1.0,1.0,1.0,0.0,1.0,0.0,1.0,0.0,0.0,0.0,1.0,0.72,0.6799999999999999,0.8,0.84,0.76,0.6799999999999999,0.64,0.76,0.8,0.6799999999999999,0.64,0.6,0.72,0.76,0.64,0.6,0.56,0.6799999999999999,0.72,0.6,0.56,0.56,0.64,0.6799999999999999,0.6,0.52,0.52,0.6,0.64,0.56,0.52,0.52,0.56,0.6,0.52,1.0,0.72,0.6799999999999999,0.8,0.84,0.76,0.6799999999999999,0.64,0.76,0.8,0.6799999999999999,0.64,0.6,0.72,0.76,0.64,0.6,0.56,0.6799999999999999,0.72,0.6,0.56,0.56,0.64,0.6799999999999999,0.6,0.52,0.52,0.6,0.64,0.56,0.52,0.52,0.56,0.6,0.52
222,0.0,0.0,0.0,0.0,1.0,0.0,1.0,0.0,0.0,0.0,0.0,1.0,0.0,1.0,0.0,1.0,0.0,0.0,0.0,0.0,0.0,0.0,0.0,0.0,0.0,0.0,0.0,0.0,0.0,1.0,0.0,0.0,0.0,0.0,0.0,0.0,0.0,0.0,0.0,1.0,0.0,1.0,1.0,1.0,1.0,0.0,1.0,0.0,1.0,0.0,0.0,0.0,0.0,0.0,0.0,1.0,0.0,1.0,0.0,0.0,0.0,0.0,0.0,0.0,0.0,0.0,0.0,0.0,0.0,1.0,1.0,1.0,0.0,1.0,1.0,0.0,0.0,0.0,0.0,0.0,0.0,0.0,0.0,0.0,1.0,1.0,0.0,0.0,0.0,1.0,0.0,0.0,1.0,0.0,0.0,0.0,0.0,0.0,0.0,1.0,0.0,1.0,0.0,0.0,1.0,0.6799999999999999,0.76,0.64,0.92,0.6799999999999999,0.64,0.72,0.6,0.84,0.64,0.6,0.6799999999999999,0.6,0.8,0.6,0.56,0.64,0.56,0.76,0.56,0.52,0.6,0.52,0.72,0.52,0.52,0.56,0.52,0.6799999999999999,0.52,0.48,0.52,0.48,0.64,0.48,1.0,0.6799999999999999,0.76,0.64,0.92,0.6799999999999999,0.64,0.72,0.6,0.84,0.64,0.6,0.6799999999999999,0.6,0.8,0.6,0.56,0.64,0.56,0.76,0.56,0.52,0.6,0.52,0.72,0.52,0.52,0.56,0.52,0.6799999999999999,0.52,0.48,0.52,0.48,0.64,0.48
223,1.0,1.0,0.0,1.0,0.0,1.0,0.0,0.0,1.0,0.0,0.0,1.0,0.0,1.0,0.0,0.0,0.0,0.0,0.0,0.0,0.0,0.0,0.0,0.0,1.0,0.0,0.0,0.0,0.0,0.0,0.0,0.0,0.0,0.0,0.0,0.0,0.0,0.0,1.0,1.0,0.0,1.0,0.0,0.0,0.0,0.0,0.0,1.0,1.0,0.0,0.0,0.0,0.0,0.0,0.0,0.0,1.0,0.0,0.0,0.0,0.0,0.0,0.0,0.0,1.0,0.0,0.0,1.0,1.0,0.0,1.0,1.0,0.0,0.0,1.0,0.0,0.0,1.0,1.0,0.0,0.0,1.0,0.0,1.0,1.0,0.0,0.0,0.0,0.0,0.0,0.0,0.0,1.0,0.0,0.0,0.0,0.0,0.0,0.0,0.0,0.0,0.0,0.0,0.0,0.84,0.96,1.0,0.72,0.76,0.8,0.96,1.0,0.6799999999999999,0.72,0.76,0.88,1.0,0.64,0.6799999999999999,0.76,0.76,0.84,0.6,0.64,0.64,0.72,0.76,0.56,0.6,0.6,0.6799999999999999,0.72,0.56,0.56,0.56,0.64,0.6799999999999999,0.52,0.52,0.56,0.84,0.96,1.0,0.72,0.76,0.8,0.96,1.0,0.6799999999999999,0.72,0.76,0.88,1.0,0.64,0.6799999999999999,0.76,0.76,0.84,0.6,0.64,0.64,0.72,0.76,0.56,0.6,0.6,0.6799999999999999,0.72,0.56,0.56,0.56,0.64,0.6799999999999999,0.52,0.52,0.56
224,1.0,0.0,1.0,1.0,0.0,1.0,0.0,0.0,0.0,0.0,1.0,0.0,0.0,1.0,0.0,0.0,1.0,1.0,0.0,0.0,0.0,0.0,0.0,1.0,1.0,0.0,0.0,0.0,0.0,1.0,0.0,0.0,0.0,0.0,0.0,1.0,0.0,0.0,0.0,0.0,0.0,0.0,0.0,0.0,0.0,0.0,0.0,1.0,0.0,0.0,0.0,0.0,0.0,0.0,0.0,0.0,1.0,0.0,1.0,1.0,0.0,1.0,0.0,0.0,0.0,0.0,1.0,1.0,0.0,0.0,0.0,0.0,0.0,0.0,0.0,0.0,0.0,1.0,1.0,0.0,0.0,0.0,0.0,0.0,0.0,0.0,0.0,0.0,1.0,0.0,0.0,0.0,0.0,0.0,0.0,0.0,0.0,1.0,1.0,0.0,0.0,1.0,1.0,0.0,0.88,1.0,0.92,0.6799999999999999,0.72,0.76,0.92,0.84,0.64,0.6799999999999999,0.6799999999999999,0.8,0.76,0.6,0.64,0.64,0.76,0.72,0.56,0.6,0.6,0.72,0.6799999999999999,0.56,0.56,0.6,0.6799999999999999,0.64,0.52,0.52,0.56,0.64,0.6,0.52,0.52,0.52,0.88,1.0,0.92,0.6799999999999999,0.72,0.76,0.92,0.84,0.64,0.6799999999999999,0.6799999999999999,0.8,0.76,0.6,0.64,0.64,0.76,0.72,0.56,0.6,0.6,0.72,0.6799999999999999,0.56,0.56,0.6,0.6799999999999999,0.64,0.52,0.52,0.56,0.64,0.6,0.52,0.52,0.52
225,0.0,1.0,0.0,1.0,0.0,1.0,0.0,0.0,0.0,0.0,1.0,1.0,1.0,0.0,0.0,0.0,0.0,1.0,0.0,0.0,0.0,0.0,1.0,0.0,0.0,1.0,0.0,1.0,0.0,0.0,0.0,0.0,0.0,0.0,1.0,0.0,0.0,0.0,0.0,1.0,1.0,0.0,0.0,0.0,0.0,0.0,0.0,0.0,0.0,0.0,0.0,0.0,0.0,0.0,0.0,0.0,0.0,0.0,1.0,1.0,1.0,1.0,0.0,0.0,0.0,1.0,0.0,0.0,0.0,0.0,1.0,0.0,0.0,0.0,0.0,0.0,0.0,0.0,0.0,0.0,0.0,1.0,0.0,0.0,1.0,0.0,0.0,0.0,0.0,1.0,0.0,0.0,0.0,0.0,0.0,1.0,0.0,0.0,0.0,1.0,1.0,0.0,1.0,0.0,0.84,1.0,0.6799999999999999,0.72,0.76,0.96,1.0,0.64,0.6799999999999999,0.72,0.84,0.92,0.6,0.64,0.6799999999999999,0.84,0.8,0.6,0.6,0.64,0.72,0.76,0.56,0.56,0.6,0.6799999999999999,0.72,0.52,0.52,0.56,0.64,0.6799999999999999,0.52,0.52,0.56,0.6,0.84,1.0,0.6799999999999999,0.72,0.76,0.96,1.0,0.64,0.6799999999999999,0.72,0.84,0.92,0.6,0.64,0.6799999999999999,0.84,0.8,0.6,0.6,0.64,0.72,0.76,0.56,0.56,0.6,0.6799999999999999,0.72,0.52,0.52,0.56,0.64,0.6799999999999999,0.52,0.52,0.56,0.6
226,1.0,1.0,0.0,0.0,0.0,0.0,0.0,0.0,1.0,1.0,0.0,1.0,0.0,0.0,1.0,0.0,1.0,0.0,1.0,0.0,0.0,0.0,0.0,0.0,0.0,0.0,0.0,1.0,0.0,0.0,0.0,0.0,0.0,0.0,0.0,0.0,1.0,0.0,0.0,0.0,0.0,0.0,1.0,0.0,0.0,0.0,0.0,1.0,1.0,0.0,0.0,0.0,0.0,0.0,0.0,1.0,0.0,0.0,0.0,1.0,0.0,0.0,1.0,0.0,1.0,0.0,0.0,0.0,0.0,0.0,0.0,0.0,0.0,0.0,1.0,0.0,1.0,0.0,0.0,0.0,0.0,0.0,1.0,0.0,0.0,0.0,1.0,0.0,0.0,0.0,1.0,0.0,0.0,1.0,0.0,0.0,1.0,0.0,0.0,0.0,0.0,0.0,1.0,1.0,0.56,0.6799999999999999,0.6,0.6,0.6799999999999999,0.72,0.6799999999999999,0.56,0.6,0.6799999999999999,0.72,0.6799999999999999,0.52,0.52,0.6799999999999999,1.0,0.6799999999999999,0.48,0.52,0.84,0.88,0.92,0.48,0.48,0.6799999999999999,0.76,0.84,0.48,0.48,0.52,0.52,0.52,0.43999999999999995,0.48,0.52,0.52,0.56,0.6799999999999999,0.6,0.6,0.6799999999999999,0.72,0.6799999999999999,0.56,0.6,0.6799999999999999,0.72,0.6799999999999999,0.52,0.52,0.6799999999999999,1.0,0.6799999999999999,0.48,0.52,0.84,0.88,0.92,0.48,0.48,0.6799999999999999,0.76,0.84,0.48,0.48,0.52,0.52,0.52,0.43999999999999995,0.48,0.52,0.52
227,0.0,0.0,0.0,0.0,0.0,0.0,0.0,1.0,0.0,1.0,0.0,0.0,0.0,0.0,0.0,0.0,0.0,0.0,1.0,0.0,0.0,1.0,0.0,0.0,0.0,1.0,1.0,0.0,1.0,0.0,0.0,0.0,0.0,1.0,0.0,0.0,1.0,0.0,1.0,1.0,0.0,0.0,0.0,0.0,0.0,1.0,0.0,0.0,0.0,0.0,0.0,1.0,0.0,1.0,0.0,0.0,1.0,0.0,0.0,0.0,1.0,0.0,1.0,0.0,0.0,1.0,0.0,0.0,0.0,1.0,0.0,0.0,0.0,0.0,1.0,0.0,1.0,0.0,0.0,0.0,0.0,0.0,0.0,1.0,1.0,0.0,1.0,0.0,0.0,0.0,0.0,0.0,0.0,0.0,1.0,0.0,1.0,0.0,0.0,0.0,0.0,0.0,0.0,0.0,0.8,0.88,0.92,1.0,0.72,0.88,0.8,0.88,1.0,0.6799999999999999,0.8,0.72,0.84,0.92,0.64,0.8,0.6799999999999999,0.76,0.76,0.6,0.76,0.64,0.6799999999999999,0.72,0.56,0.64,0.6,0.64,0.6799999999999999,0.56,0.6,0.56,0.6,0.64,0.52,0.56,0.8,0.88,0.92,1.0,0.72,0.88,0.8,0.88,1.0,0.6799999999999999,0.8,0.72,0.84,0.92,0.64,0.8,0.6799999999999999,0.76,0.76,0.6,0.76,0.64,0.6799999999999999,0.72,0.56,0.64,0.6,0.64,0.6799999999999999,0.56,0.6,0.56,0.6,0.64,0.52,0.56
228,0.0,1.0,1.0,1.0,0.0,0.0,1.0,0.0,0.0,1.0,0.0,0.0,0.0,0.0,0.0,0.0,1.0,1.0,1.0,0.0,0.0,0.0,1.0,0.0,0.0,0.0,0.0,1.0,1.0,0.0,0.0,0.0,0.0,1.0,0.0,0.0,0.0,0.0,0.0,0.0,0.0,0.0,1.0,0.0,0.0,0.0,0.0,0.0,0.0,0.0,0.0,0.0,1.0,0.0,0.0,0.0,0.0,0.0,0.0,1.0,1.0,0.0,0.0,1.0,0.0,0.0,0.0,1.0,0.0,0.0,0.0,1.0,0.0,0.0,0.0,0.0,1.0,1.0,0.0,0.0,0.0,0.0,0.0,1.0,0.0,0.0,0.0,0.0,0.0,0.0,0.0,0.0,1.0,0.0,0.0,0.0,1.0,0.0,0.0,1.0,0.0,1.0,0.0,0.0,0.84,1.0,0.96,0.64,0.64,0.64,1.0,0.92,0.6,0.6,0.6,0.88,0.8,0.56,0.6,0.56,0.76,0.76,0.52,0.56,0.56,0.72,0.72,0.52,0.52,0.52,0.6799999999999999,0.6799999999999999,0.48,0.52,0.52,0.64,0.64,0.48,0.48,0.48,0.84,1.0,0.96,0.64,0.64,0.64,1.0,0.92,0.6,0.6,0.6,0.88,0.8,0.56,0.6,0.56,0.76,0.76,0.52,0.56,0.56,0.72,0.72,0.52,0.52,0.52,0.6799999999999999,0.6799999999999999,0.48,0.52,0.52,0.64,0.64,0.48,0.48,0.48
229,1.0,0.0,0.0,0.0,0.0,1.0,1.0,0.0,0.0,0.0,0.0,1.0,0.0,0.0,0.0,0.0,1.0,1.0,0.0,1.0,0.0,0.0,0.0,0.0,0.0,1.0,1.0,0.0,0.0,0.0,0.0,0.0,0.0,0.0,0.0,1.0,1.0,0.0,0.0,0.0,0.0,0.0,0.0,1.0,0.0,0.0,0.0,1.0,0.0,0.0,0.0,0.0,0.0,1.0,0.0,1.0,1.0,0.0,0.0,1.0,0.0,0.0,1.0,0.0,0.0,0.0,0.0,0.0,0.0,0.0,0.0,0.0,0.0,0.0,0.0,0.0,0.0,0.0,0.0,1.0,0.0,0.0,1.0,0.0,0.0,0.0,0.0,0.0,0.0,1.0,0.0,1.0,0.0,1.0,0.0,0.0,0.0,1.0,0.0,0.0,1.0,0.0,1.0,0.0,0.84,1.0,0.72,0.76,0.92,0.76,1.0,0.6799999999999999,0.72,0.84,0.72,0.92,0.64,0.6799999999999999,0.76,0.6799999999999999,0.8,0.6,0.64,0.72,0.64,0.76,0.56,0.6,0.6799999999999999,0.6,0.72,0.52,0.56,0.64,0.56,0.6799999999999999,0.52,0.56,0.6,0.52,0.84,1.0,0.72,0.76,0.92,0.76,1.0,0.6799999999999999,0.72,0.84,0.72,0.92,0.64,0.6799999999999999,0.76,0.6799999999999999,0.8,0.6,0.64,0.72,0.64,0.76,0.56,0.6,0.6799999999999999,0.6,0.72,0.52,0.56,0.64,0.56,0.6799999999999999,0.52,0.56,0.6,0.52
230,0.0,0.0,0.0,0.0,0.0,0.0,0.0,1.0,0.0,0.0,0.0,0.0,0.0,1.0,0.0,1.0,0.0,0.0,0.0,0.0,1.0,0.0,0.0,0.0,0.0,1.0,0.0,0.0,1.0,0.0,0.0,0.0,0.0,1.0,0.0,0.0,0.0,1.0,1.0,1.0,1.0,0.0,0.0,0.0,0.0,0.0,0.0,0.0,0.0,1.0,1.0,0.0,0.0,0.0,0.0,1.0,0.0,0.0,0.0,0.0,0.0,0.0,0.0,1.0,1.0,0.0,0.0,0.0,0.0,1.0,1.0,0.0,0.0,0.0,0.0,0.0,1.0,0.0,0.0,1.0,0.0,1.0,1.0,0.0,1.0,0.0,0.0,0.0,0.0,0.0,0.0,0.0,0.0,0.0,0.0,1.0,1.0,0.0,1.0,0.0,0.0,0.0,0.0,0.0,0.56,0.64,0.64,0.72,0.6799999999999999,0.6799999999999999,0.56,0.64,0.72,0.6799999999999999,0.6799999999999999,0.52,0.64,0.72,0.6799999999999999,0.6799999999999999,0.52,0.6,1.0,0.6799999999999999,0.6,0.48,0.52,0.6799999999999999,0.52,0.52,0.48,0.52,0.52,0.52,0.48,0.48,0.48,0.52,0.48,0.48,0.56,0.64,0.64,0.72,0.6799999999999999,0.6799999999999999,0.56,0.64,0.72,0.6799999999999999,0.6799999999999999,0.52,0.64,0.72,0.6799999999999999,0.6799999999999999,0.52,0.6,1.0,0.6799999999999999,0.6,0.48,0.52,0.6799999999999999,0.52,0.52,0.48,0.52,0.52,0.52,0.48,0.48,0.48,0.52,0.48,0.48
231,0.0,0.0,0.0,0.0,0.0,0.0,0.0,0.0,0.0,0.0,1.0,1.0,0.0,0.0,0.0,0.0,0.0,0.0,0.0,0.0,0.0,1.0,1.0,1.0,0.0,0.0,1.0,0.0,0.0,1.0,1.0,0.0,1.0,1.0,0.0,0.0,0.0,0.0,0.0,0.0,1.0,1.0,0.0,0.0,0.0,0.0,0.0,0.0,0.0,1.0,0.0,0.0,1.0,0.0,1.0,0.0,1.0,1.0,0.0,0.0,0.0,1.0,0.0,0.0,0.0,0.0,0.0,0.0,0.0,1.0,1.0,0.0,0.0,0.0,0.0,0.0,1.0,0.0,0.0,0.0,0.0,0.0,0.0,0.0,0.0,0.0,0.0,1.0,1.0,0.0,0.0,0.0,0.0,0.0,0.0,1.0,1.0,0.0,0.0,0.0,0.0,0.0,0.0,1.0,1.0,0.92,0.84,0.92,0.84,0.88,0.84,0.8,0.84,0.76,0.8,0.8,0.76,0.8,0.72,0.76,0.76,0.72,0.76,0.6799999999999999,0.72,0.72,0.6799999999999999,0.72,0.64,0.6799999999999999,0.6799999999999999,0.64,0.6799999999999999,0.6,0.64,0.64,0.6,0.64,0.56,0.6,1.0,0.92,0.84,0.92,0.84,0.88,0.84,0.8,0.84,0.76,0.8,0.8,0.76,0.8,0.72,0.76,0.76,0.72,0.76,0.6799999999999999,0.72,0.72,0.6799999999999999,0.72,0.64,0.6799999999999999,0.6799999999999999,0.64,0.6799999999999999,0.6,0.64,0.64,0.6,0.64,0.56,0.6
232,0.0,1.0,0.0,0.0,0.0,1.0,0.0,0.0,1.0,0.0,0.0,0.0,0.0,0.0,1.0,0.0,0.0,0.0,1.0,1.0,0.0,0.0,0.0,1.0,0.0,0.0,0.0,0.0,1.0,1.0,0.0,0.0,1.0,0.0,0.0,0.0,1.0,0.0,0.0,0.0,1.0,0.0,0.0,0.0,0.0,1.0,0.0,0.0,0.0,0.0,0.0,0.0,0.0,0.0,0.0,0.0,0.0,0.0,0.0,1.0,0.0,0.0,1.0,1.0,0.0,0.0,0.0,0.0,0.0,0.0,0.0,0.0,0.0,1.0,0.0,0.0,0.0,0.0,1.0,1.0,0.0,0.0,0.0,0.0,0.0,1.0,0.0,0.0,0.0,1.0,0.0,1.0,0.0,1.0,0.0,0.0,0.0,0.0,1.0,0.0,1.0,0.0,0.0,1.0,0.88,0.72,0.72,1.0,0.84,0.76,0.6799999999999999,0.6799999999999999,0.84,0.76,0.72,0.64,0.64,0.76,0.72,0.6799999999999999,0.6,0.6,0.72,0.6799999999999999,0.64,0.56,0.56,0.6799999999999999,0.64,0.6,0.56,0.52,0.64,0.6,0.56,0.52,0.52,0.6,0.56,0.52,0.88,0.72,0.72,1.0,0.84,0.76,0.6799999999999999,0.6799999999999999,0.84,0.76,0.72,0.64,0.64,0.76,0.72,0.6799999999999999,0.6,0.6,0.72,0.6799999999999999,0.64,0.56,0.56,0.6799999999999999,0.64,0.6,0.56,0.52,0.64,0.6,0.56,0.52,0.52,0.6,0.56,0.52
233,0.0,0.0,1.0,1.0,0.0,1.0,0.0,0.0,1.0,0.0,0.0,0.0,0.0,1.0,0.0,0.0,0.0,0.0,1.0,0.0,0.0,0.0,0.0,0.0,0.0,0.0,0.0,1.0,1.0,1.0,1.0,0.0,0.0,1.0,0.0,0.0,0.0,0.0,1.0,0.0,0.0,1.0,0.0,0.0,0.0,0.0,0.0,0.0,0.0,0.0,0.0,0.0,0.0,0.0,0.0,0.0,1.0,0.0,1.0,0.0,0.0,1.0,0.0,1.0,0.0,0.0,0.0,0.0,0.0,1.0,0.0,0.0,1.0,0.0,0.0,0.0,1.0,0.0,1.0,0.0,0.0,0.0,0.0,0.0,0.0,0.0,0.0,1.0,0.0,1.0,0.0,0.0,1.0,0.0,0.0,1.0,0.0,0.0,0.0,0.0,0.0,1.0,0.0,0.0,0.84,0.92,0.6,1.0,0.6,0.6799999999999999,0.88,0.6,0.92,0.6,0.64,0.8,0.56,0.88,0.56,0.6,0.72,0.52,0.76,0.52,0.56,0.6799999999999999,0.52,0.72,0.52,0.52,0.64,0.48,0.6799999999999999,0.48,0.52,0.6,0.48,0.64,0.48,0.48,0.84,0.92,0.6,1.0,0.6,0.6799999999999999,0.88,0.6,0.92,0.6,0.64,0.8,0.56,0.88,0.56,0.6,0.72,0.52,0.76,0.52,0.56,0.6799999999999999,0.52,0.72,0.52,0.52,0.64,0.48,0.6799999999999999,0.48,0.52,0.6,0.48,0.64,0.48,0.48
234,0.0,0.0,1.0,1.0,0.0,0.0,1.0,1.0,0.0,0.0,0.0,0.0,0.0,0.0,0.0,0.0,0.0,0.0,1.0,1.0,0.0,0.0,0.0,0.0,0.0,0.0,1.0,0.0,0.0,1.0,1.0,0.0,0.0,0.0,0.0,0.0,0.0,0.0,0.0,0.0,0.0,0.0,1.0,0.0,0.0,1.0,0.0,0.0,0.0,0.0,1.0,1.0,0.0,1.0,0.0,0.0,1.0,1.0,0.0,0.0,1.0,1.0,1.0,0.0,0.0,0.0,0.0,1.0,1.0,0.0,0.0,0.0,0.0,0.0,0.0,0.0,1.0,0.0,0.0,0.0,1.0,0.0,0.0,1.0,0.0,0.0,0.0,0.0,0.0,1.0,0.0,0.0,0.0,0.0,0.0,0.0,0.0,0.0,0.0,0.0,1.0,0.0,0.0,0.0,0.84,1.0,0.72,0.72,0.72,0.72,0.92,0.6799999999999999,0.6799999999999999,0.6799999999999999,0.6799999999999999,0.88,0.64,0.64,0.64,0.64,0.76,0.6,0.6,0.6,0.6,0.72,0.56,0.56,0.56,0.56,0.6799999999999999,0.52,0.52,0.52,0.52,0.64,0.52,0.52,0.52,0.52,0.84,1.0,0.72,0.72,0.72,0.72,0.92,0.6799999999999999,0.6799999999999999,0.6799999999999999,0.6799999999999999,0.88,0.64,0.64,0.64,0.64,0.76,0.6,0.6,0.6,0.6,0.72,0.56,0.56,0.56,0.56,0.6799999999999999,0.52,0.52,0.52,0.52,0.64,0.52,0.52,0.52,0.52
235,0.0,1.0,1.0,0.0,0.0,0.0,0.0,0.0,0.0,0.0,0.0,0.0,0.0,0.0,0.0,0.0,0.0,1.0,0.0,1.0,0.0,1.0,0.0,0.0,0.0,1.0,0.0,0.0,1.0,0.0,0.0,1.0,0.0,0.0,1.0,0.0,0.0,1.0,0.0,0.0,0.0,1.0,0.0,1.0,0.0,0.0,0.0,0.0,0.0,0.0,1.0,0.0,0.0,0.0,0.0,0.0,1.0,0.0,1.0,0.0,0.0,0.0,0.0,0.0,0.0,0.0,1.0,1.0,0.0,0.0,1.0,0.0,1.0,0.0,0.0,0.0,0.0,0.0,0.0,0.0,0.0,0.0,1.0,0.0,1.0,1.0,0.0,0.0,0.0,0.0,0.0,1.0,0.0,0.0,0.0,0.0,0.0,1.0,1.0,0.0,1.0,0.0,0.0,0.0,1.0,0.6799999999999999,0.8,0.76,0.8,0.72,0.64,0.76,0.72,0.76,0.6799999999999999,0.6,0.72,0.6799999999999999,0.6799999999999999,0.64,0.6,0.6799999999999999,0.64,0.64,0.6,0.56,0.64,0.6,0.6,0.56,0.52,0.6,0.56,0.6,0.56,0.52,0.56,0.56,0.56,0.52,1.0,0.6799999999999999,0.8,0.76,0.8,0.72,0.64,0.76,0.72,0.76,0.6799999999999999,0.6,0.72,0.6799999999999999,0.6799999999999999,0.64,0.6,0.6799999999999999,0.64,0.64,0.6,0.56,0.64,0.6,0.6,0.56,0.52,0.6,0.56,0.6,0.56,0.52,0.56,0.56,0.56,0.52
236,1.0,0.0,0.0,0.0,0.0,1.0,0.0,0.0,0.0,1.0,0.0,0.0,1.0,0.0,0.0,0.0,0.0,0.0,0.0,0.0,1.0,1.0,0.0,1.0,0.0,0.0,0.0,0.0,0.0,0.0,0.0,1.0,0.0,0.0,0.0,0.0,0.0,0.0,1.0,0.0,0.0,1.0,0.0,0.0,0.0,0.0,0.0,0.0,1.0,0.0,1.0,1.0,0.0,0.0,0.0,1.0,1.0,0.0,1.0,0.0,0.0,0.0,0.0,0.0,0.0,1.0,0.0,0.0,0.0,0.0,0.0,0.0,0.0,0.0,1.0,0.0,1.0,1.0,0.0,0.0,1.0,1.0,0.0,0.0,0.0,0.0,0.0,0.0,0.0,1.0,0.0,1.0,0.0,0.0,0.0,1.0,0.0,0.0,0.0,1.0,0.0,0.0,0.0,0.0,0.56,0.64,0.6799999999999999,0.64,0.72,0.72,0.64,0.6799999999999999,0.6,0.72,0.72,0.64,0.6799999999999999,0.6,0.72,1.0,0.64,0.6799999999999999,0.52,0.96,1.0,0.56,0.92,0.48,0.76,0.76,0.52,0.84,0.48,0.64,0.64,0.48,0.52,0.48,0.52,0.52,0.56,0.64,0.6799999999999999,0.64,0.72,0.72,0.64,0.6799999999999999,0.6,0.72,0.72,0.64,0.6799999999999999,0.6,0.72,1.0,0.64,0.6799999999999999,0.52,0.96,1.0,0.56,0.92,0.48,0.76,0.76,0.52,0.84,0.48,0.64,0.64,0.48,0.52,0.48,0.52,0.52
237,0.0,1.0,0.0,1.0,0.0,0.0,0.0,0.0,1.0,0.0,0.0,0.0,0.0,0.0,1.0,0.0,0.0,0.0,0.0,0.0,0.0,0.0,1.0,0.0,1.0,0.0,0.0,0.0,1.0,1.0,1.0,0.0,1.0,0.0,0.0,0.0,0.0,0.0,0.0,0.0,0.0,0.0,0.0,1.0,0.0,0.0,1.0,1.0,0.0,0.0,0.0,0.0,0.0,0.0,0.0,0.0,0.0,0.0,0.0,0.0,0.0,1.0,0.0,1.0,0.0,0.0,0.0,0.0,0.0,0.0,0.0,1.0,1.0,1.0,0.0,0.0,0.0,1.0,0.0,0.0,0.0,0.0,0.0,0.0,0.0,0.0,1.0,0.0,0.0,1.0,0.0,1.0,0.0,0.0,0.0,0.0,0.0,1.0,0.0,0.0,1.0,1.0,0.0,1.0,0.72,0.64,0.8,0.6799999999999999,0.88,0.76,0.6,0.76,0.64,0.88,0.72,0.56,0.72,0.6,0.88,0.8,0.56,0.6799999999999999,0.56,1.0,0.6799999999999999,0.52,0.6799999999999999,0.56,0.76,0.6,0.52,0.6,0.52,0.64,0.56,0.48,0.56,0.52,0.6,0.52,0.72,0.64,0.8,0.6799999999999999,0.88,0.76,0.6,0.76,0.64,0.88,0.72,0.56,0.72,0.6,0.88,0.8,0.56,0.6799999999999999,0.56,1.0,0.6799999999999999,0.52,0.6799999999999999,0.56,0.76,0.6,0.52,0.6,0.52,0.64,0.56,0.48,0.56,0.52,0.6,0.52
238,1.0,1.0,0.0,0.0,1.0,1.0,0.0,0.0,1.0,1.0,0.0,0.0,0.0,0.0,0.0,0.0,1.0,1.0,0.0,0.0,0.0,0.0,0.0,0.0,0.0,0.0,0.0,0.0,0.0,0.0,0.0,0.0,0.0,0.0,1.0,0.0,0.0,0.0,0.0,0.0,0.0,1.0,1.0,0.0,0.0,0.0,0.0,0.0,0.0,0.0,1.0,1.0,0.0,0.0,0.0,1.0,0.0,0.0,0.0,0.0,0.0,0.0,0.0,0.0,0.0,0.0,1.0,0.0,0.0,0.0,0.0,0.0,0.0,0.0,0.0,0.0,1.0,1.0,0.0,0.0,1.0,1.0,0.0,1.0,1.0,0.0,0.0,0.0,1.0,0.0,1.0,0.0,1.0,0.0,0.0,1.0,0.0,0.0,0.0,0.0,1.0,0.0,0.0,0.0,0.84,0.92,0.8,0.96,1.0,0.84,0.92,0.76,0.88,1.0,0.8,0.88,0.6799999999999999,0.84,0.84,0.8,0.76,0.64,0.84,0.84,0.6799999999999999,0.72,0.6,0.6799999999999999,0.72,0.64,0.6799999999999999,0.6,0.64,0.6799999999999999,0.6,0.64,0.56,0.6,0.64,0.56,0.84,0.92,0.8,0.96,1.0,0.84,0.92,0.76,0.88,1.0,0.8,0.88,0.6799999999999999,0.84,0.84,0.8,0.76,0.64,0.84,0.84,0.6799999999999999,0.72,0.6,0.6799999999999999,0.72,0.64,0.6799999999999999,0.6,0.64,0.6799999999999999,0.6,0.64,0.56,0.6,0.64,0.56
239,1.0,0.0,0.0,0.0,0.0,0.0,1.0,0.0,0.0,1.0,1.0,0.0,0.0,0.0,1.0,0.0,0.0,0.0,0.0,0.0,0.0,0.0,1.0,0.0,0.0,0.0,0.0,0.0,1.0,0.0,0.0,0.0,0.0,1.0,0.0,0.0,0.0,0.0,0.0,0.0,0.0,0.0,0.0,1.0,0.0,0.0,0.0,1.0,1.0,0.0,1.0,1.0,0.0,0.0,0.0,0.0,1.0,0.0,0.0,0.0,0.0,0.0,0.0,0.0,0.0,1.0,0.0,0.0,0.0,0.0,1.0,1.0,0.0,0.0,0.0,0.0,1.0,0.0,0.0,0.0,0.0,1.0,0.0,0.0,1.0,0.0,0.0,0.0,1.0,0.0,0.0,0.0,1.0,1.0,1.0,0.0,1.0,1.0,0.0,0.0,0.0,0.0,0.0,0.0,0.84,0.64,0.64,0.6,1.0,0.76,0.6,0.6,0.56,1.0,0.72,0.56,0.56,0.56,0.84,0.6799999999999999,0.56,0.56,0.52,0.76,0.64,0.52,0.52,0.52,0.72,0.6,0.52,0.52,0.48,0.6799999999999999,0.56,0.48,0.48,0.48,0.64,0.52,0.84,0.64,0.64,0.6,1.0,0.76,0.6,0.6,0.56,1.0,0.72,0.56,0.56,0.56,0.84,0.6799999999999999,0.56,0.56,0.52,0.76,0.64,0.52,0.52,0.52,0.72,0.6,0.52,0.52,0.48,0.6799999999999999,0.56,0.48,0.48,0.48,0.64,0.52
240,1.0,0.0,0.0,1.0,0.0,0.0,0.0,0.0,0.0,0.0,0.0,0.0,0.0,0.0,0.0,0.0,1.0,0.0,0.0,0.0,1.0,0.0,0.0,0.0,0.0,0.0,0.0,1.0,0.0,0.0,0.0,0.0,1.0,1.0,1.0,0.0,0.0,0.0,1.0,0.0,0.0,0.0,0.0,0.0,0.0,0.0,1.0,1.0,1.0,1.0,0.0,0.0,0.0,0.0,0.0,0.0,0.0,1.0,0.0,1.0,1.0,0.0,1.0,0.0,0.0,0.0,0.0,0.0,0.0,0.0,0.0,1.0,0.0,0.0,0.0,1.0,0.0,0.0,0.0,0.0,0.0,1.0,0.0,1.0,0.0,0.0,0.0,1.0,0.0,0.0,0.0,1.0,1.0,0.0,0.0,0.0,1.0,1.0,0.0,0.0,0.0,0.0,0.0,0.0,1.0,0.76,0.6799999999999999,0.84,0.84,0.72,0.6799999999999999,0.64,0.8,0.8,0.6799999999999999,0.64,0.6,0.76,0.76,0.64,0.6,0.56,0.6799999999999999,0.72,0.6,0.6,0.56,0.64,0.6799999999999999,0.56,0.56,0.52,0.6,0.64,0.56,0.52,0.52,0.6,0.6,0.52,1.0,0.76,0.6799999999999999,0.84,0.84,0.72,0.6799999999999999,0.64,0.8,0.8,0.6799999999999999,0.64,0.6,0.76,0.76,0.64,0.6,0.56,0.6799999999999999,0.72,0.6,0.6,0.56,0.64,0.6799999999999999,0.56,0.56,0.52,0.6,0.64,0.56,0.52,0.52,0.6,0.6,0.52
241,0.0,0.0,0.0,0.0,0.0,1.0,1.0,0.0,0.0,0.0,0.0,1.0,0.0,0.0,0.0,0.0,0.0,0.0,0.0,0.0,1.0,0.0,0.0,0.0,1.0,0.0,0.0,0.0,1.0,0.0,0.0,1.0,0.0,0.0,1.0,1.0,1.0,0.0,1.0,0.0,0.0,1.0,1.0,0.0,0.0,0.0,0.0,0.0,0.0,0.0,0.0,0.0,1.0,0.0,0.0,1.0,0.0,0.0,0.0,0.0,1.0,0.0,1.0,0.0,1.0,0.0,0.0,1.0,1.0,1.0,0.0,0.0,0.0,1.0,0.0,0.0,0.0,0.0,0.0,0.0,0.0,0.0,0.0,0.0,0.0,0.0,0.0,0.0,0.0,0.0,0.0,0.0,1.0,0.0,0.0,0.0,1.0,0.0,1.0,0.0,0.0,1.0,0.0,0.0,0.84,0.96,0.88,1.0,0.84,0.92,0.96,0.8,1.0,0.76,0.76,0.92,0.72,0.88,0.72,0.72,0.84,0.6799999999999999,0.76,0.6799999999999999,0.6799999999999999,0.76,0.64,0.72,0.64,0.64,0.6799999999999999,0.6,0.6799999999999999,0.6,0.6,0.64,0.56,0.64,0.56,0.56,0.84,0.96,0.88,1.0,0.84,0.92,0.96,0.8,1.0,0.76,0.76,0.92,0.72,0.88,0.72,0.72,0.84,0.6799999999999999,0.76,0.6799999999999999,0.6799999999999999,0.76,0.64,0.72,0.64,0.64,0.6799999999999999,0.6,0.6799999999999999,0.6,0.6,0.64,0.56,0.64,0.56,0.56
242,0.0,1.0,0.0,0.0,0.0,1.0,0.0,0.0,0.0,0.0,0.0,0.0,0.0,1.0,0.0,0.0,0.0,1.0,0.0,0.0,0.0,0.0,0.0,0.0,0.0,0.0,0.0,0.0,0.0,0.0,0.0,0.0,1.0,1.0,0.0,0.0,0.0,0.0,1.0,0.0,0.0,1.0,0.0,1.0,1.0,0.0,0.0,0.0,1.0,1.0,0.0,1.0,1.0,0.0,0.0,0.0,0.0,0.0,0.0,1.0,0.0,0.0,0.0,1.0,1.0,0.0,0.0,0.0,0.0,0.0,0.0,0.0,0.0,0.0,0.0,0.0,1.0,0.0,1.0,1.0,0.0,0.0,1.0,0.0,0.0,0.0,0.0,1.0,0.0,0.0,0.0,1.0,0.0,0.0,1.0,0.0,0.0,1.0,1.0,0.0,0.0,0.0,0.0,0.0,0.64,0.6,0.52,0.72,0.8,0.64,0.56,0.52,0.6799999999999999,0.8,0.6,0.52,0.48,0.6,0.8,0.56,0.52,0.48,0.56,1.0,0.52,0.48,0.48,0.52,0.84,0.52,0.48,0.43999999999999995,0.52,0.56,0.48,0.48,0.43999999999999995,0.48,0.56,0.48,0.64,0.6,0.52,0.72,0.8,0.64,0.56,0.52,0.6799999999999999,0.8,0.6,0.52,0.48,0.6,0.8,0.56,0.52,0.48,0.56,1.0,0.52,0.48,0.48,0.52,0.84,0.52,0.48,0.43999999999999995,0.52,0.56,0.48,0.48,0.43999999999999995,0.48,0.56,0.48
243,0.0,0.0,0.0,0.0,1.0,0.0,0.0,0.0,0.0,0.0,0.0,0.0,0.0,1.0,0.0,0.0,0.0,0.0,1.0,0.0,0.0,0.0,0.0,0.0,0.0,1.0,1.0,0.0,1.0,0.0,1.0,0.0,1.0,1.0,0.0,0.0,1.0,0.0,0.0,0.0,1.0,0.0,0.0,0.0,0.0,0.0,1.0,0.0,0.0,0.0,1.0,0.0,0.0,0.0,0.0,1.0,0.0,0.0,1.0,0.0,0.0,1.0,1.0,0.0,0.0,0.0,1.0,1.0,1.0,0.0,0.0,0.0,0.0,0.0,0.0,0.0,1.0,0.0,0.0,0.0,0.0,1.0,0.0,0.0,0.0,0.0,1.0,0.0,0.0,0.0,0.0,0.0,0.0,0.0,0.0,0.0,1.0,0.0,0.0,0.0,0.0,1.0,0.0,1.0,0.84,0.76,0.84,1.0,0.8,0.8,0.72,0.8,1.0,0.76,0.76,0.6799999999999999,0.72,0.84,0.6799999999999999,0.6799999999999999,0.64,0.6799999999999999,0.76,0.64,0.64,0.6,0.64,0.72,0.6,0.6,0.56,0.6,0.6799999999999999,0.6,0.6,0.52,0.56,0.64,0.56,0.56,0.84,0.76,0.84,1.0,0.8,0.8,0.72,0.8,1.0,0.76,0.76,0.6799999999999999,0.72,0.84,0.6799999999999999,0.6799999999999999,0.64,0.6799999999999999,0.76,0.64,0.64,0.6,0.64,0.72,0.6,0.6,0.56,0.6,0.6799999999999999,0.6,0.6,0.52,0.56,0.64,0.56,0.56
244,1.0,0.0,0.0,0.0,0.0,0.0,0.0,0.0,0.0,0.0,1.0,0.0,0.0,0.0,0.0,1.0,1.0,0.0,0.0,1.0,1.0,0.0,0.0,0.0,0.0,1.0,1.0,1.0,0.0,0.0,0.0,1.0,0.0,0.0,0.0,0.0,0.0,1.0,0.0,0.0,0.0,0.0,0.0,0.0,0.0,0.0,0.0,0.0,1.0,1.0,0.0,0.0,0.0,0.0,0.0,0.0,0.0,0.0,1.0,0.0,0.0,0.0,0.0,1.0,0.0,0.0,1.0,0.0,0.0,1.0,1.0,0.0,0.0,0.0,0.0,0.0,1.0,0.0,0.0,0.0,0.0,1.0,0.0,0.0,1.0,1.0,0.0,0.0,0.0,0.0,0.0,0.0,0.0,0.0,0.0,1.0,0.0,1.0,1.0,1.0,0.0,0.0,0.0,0.0,0.92,0.72,1.0,0.84,0.8,0.8,0.6799999999999999,0.84,0.8,0.76,0.76,0.64,0.8,0.76,0.72,0.6799999999999999,0.6,0.76,0.6799999999999999,0.6799999999999999,0.64,0.56,0.72,0.64,0.64,0.6,0.56,0.6799999999999999,0.6,0.6,0.6,0.52,0.64,0.6,0.56,0.56,0.92,0.72,1.0,0.84,0.8,0.8,0.6799999999999999,0.84,0.8,0.76,0.76,0.64,0.8,0.76,0.72,0.6799999999999999,0.6,0.76,0.6799999999999999,0.6799999999999999,0.64,0.56,0.72,0.64,0.64,0.6,0.56,0.6799999999999999,0.6,0.6,0.6,0.52,0.64,0.6,0.56,0.56
245,1.0,0.0,0.0,0.0,0.0,0.0,0.0,0.0,0.0,0.0,0.0,0.0,1.0,1.0,0.0,0.0,0.0,0.0,0.0,1.0,0.0,0.0,1.0,1.0,1.0,0.0,1.0,1.0,0.0,1.0,0.0,0.0,0.0,0.0,0.0,0.0,0.0,0.0,0.0,0.0,0.0,0.0,0.0,1.0,1.0,0.0,0.0,1.0,0.0,0.0,0.0,0.0,0.0,1.0,1.0,0.0,1.0,0.0,0.0,1.0,1.0,1.0,0.0,0.0,0.0,0.0,0.0,1.0,0.0,1.0,0.0,0.0,0.0,0.0,0.0,0.0,0.0,0.0,0.0,0.0,0.0,0.0,0.0,0.0,1.0,0.0,1.0,0.0,1.0,0.0,0.0,0.0,0.0,0.0,0.0,0.0,0.0,1.0,0.0,0.0,1.0,0.0,0.0,0.0,1.0,0.88,0.84,0.72,0.72,0.72,0.8,0.8,0.6799999999999999,0.6799999999999999,0.6799999999999999,0.76,0.76,0.64,0.64,0.64,0.72,0.6799999999999999,0.6,0.6,0.6,0.6799999999999999,0.64,0.56,0.56,0.56,0.64,0.6,0.52,0.52,0.56,0.6,0.6,0.52,0.52,0.52,1.0,0.88,0.84,0.72,0.72,0.72,0.8,0.8,0.6799999999999999,0.6799999999999999,0.6799999999999999,0.76,0.76,0.64,0.64,0.64,0.72,0.6799999999999999,0.6,0.6,0.6,0.6799999999999999,0.64,0.56,0.56,0.56,0.64,0.6,0.52,0.52,0.56,0.6,0.6,0.52,0.52,0.52
246,1.0,0.0,0.0,0.0,1.0,0.0,0.0,1.0,0.0,0.0,0.0,0.0,0.0,1.0,0.0,1.0,0.0,0.0,0.0,0.0,0.0,0.0,1.0,0.0,0.0,0.0,0.0,1.0,1.0,0.0,0.0,0.0,1.0,0.0,1.0,0.0,1.0,1.0,0.0,0.0,0.0,0.0,0.0,0.0,0.0,0.0,0.0,0.0,0.0,0.0,1.0,0.0,0.0,1.0,1.0,0.0,0.0,0.0,0.0,0.0,1.0,0.0,0.0,0.0,0.0,0.0,0.0,0.0,1.0,0.0,1.0,0.0,0.0,0.0,0.0,1.0,0.0,1.0,0.0,0.0,0.0,0.0,1.0,0.0,0.0,1.0,0.0,0.0,0.0,0.0,0.0,1.0,0.0,0.0,1.0,1.0,0.0,0.0,1.0,0.0,0.0,0.0,0.0,0.0,0.92,0.6799999999999999,0.8,1.0,0.6799999999999999,0.6799999999999999,0.64,0.76,0.84,0.64,0.64,0.6,0.6799999999999999,0.8,0.6,0.6,0.56,0.64,0.76,0.56,0.6,0.56,0.6,0.72,0.56,0.56,0.52,0.6,0.6799999999999999,0.52,0.52,0.52,0.56,0.64,0.52,0.52,0.92,0.6799999999999999,0.8,1.0,0.6799999999999999,0.6799999999999999,0.64,0.76,0.84,0.64,0.64,0.6,0.6799999999999999,0.8,0.6,0.6,0.56,0.64,0.76,0.56,0.6,0.56,0.6,0.72,0.56,0.56,0.52,0.6,0.6799999999999999,0.52,0.52,0.52,0.56,0.64,0.52,0.52
247,0.0,0.0,0.0,0.0,1.0,0.0,0.0,0.0,0.0,0.0,0.0,0.0,1.0,0.0,0.0,1.0,0.0,0.0,0.0,1.0,0.0,0.0,0.0,0.0,1.0,0.0,1.0,1.0,0.0,0.0,0.0,0.0,0.0,0.0,1.0,0.0,0.0,0.0,0.0,0.0,1.0,1.0,0.0,0.0,0.0,0.0,0.0,1.0,1.0,0.0,0.0,1.0,0.0,0.0,1.0,0.0,0.0,1.0,1.0,0.0,1.0,0.0,0.0,1.0,0.0,0.0,0.0,0.0,1.0,0.0,0.0,0.0,1.0,1.0,1.0,0.0,0.0,0.0,0.0,0.0,0.0,0.0,0.0,1.0,0.0,0.0,0.0,0.0,0.0,0.0,0.0,0.0,0.0,0.0,0.0,1.0,0.0,0.0,0.0,0.0,0.0,1.0,1.0,0.0,0.56,0.64,0.64,0.52,0.72,0.6,0.64,0.64,0.52,0.72,0.52,0.64,0.64,0.48,0.72,0.52,0.56,0.6,0.48,1.0,0.48,0.52,0.52,0.48,0.6799999999999999,0.48,0.52,0.52,0.43999999999999995,0.52,0.48,0.48,0.48,0.43999999999999995,0.52,0.43999999999999995,0.56,0.64,0.64,0.52,0.72,0.6,0.64,0.64,0.52,0.72,0.52,0.64,0.64,0.48,0.72,0.52,0.56,0.6,0.48,1.0,0.48,0.52,0.52,0.48,0.6799999999999999,0.48,0.52,0.52,0.43999999999999995,0.52,0.48,0.48,0.48,0.43999999999999995,0.52,0.43999999999999995
248,0.0,1.0,0.0,1.0,0.0,0.0,0.0,0.0,0.0,0.0,0.0,0.0,0.0,1.0,0.0,1.0,0.0,0.0,1.0,0.0,1.0,0.0,1.0,0.0,0.0,0.0,0.0,1.0,1.0,0.0,0.0,0.0,0.0,1.0,1.0,0.0,0.0,0.0,1.0,0.0,1.0,0.0,0.0,0.0,0.0,0.0,0.0,0.0,0.0,0.0,0.0,0.0,0.0,0.0,0.0,0.0,0.0,1.0,0.0,0.0,0.0,1.0,0.0,0.0,0.0,0.0,1.0,0.0,0.0,1.0,0.0,1.0,0.0,1.0,0.0,0.0,0.0,0.0,1.0,0.0,0.0,0.0,0.0,0.0,1.0,0.0,0.0,1.0,1.0,0.0,0.0,1.0,0.0,0.0,0.0,1.0,0.0,1.0,0.0,0.0,0.0,0.0,0.0,0.0,1.0,0.64,0.96,0.96,0.64,0.64,0.6,0.88,0.88,0.6,0.6,0.56,0.8,0.8,0.56,0.56,0.56,0.76,0.76,0.56,0.56,0.52,0.72,0.72,0.52,0.52,0.52,0.6799999999999999,0.6799999999999999,0.52,0.52,0.48,0.64,0.64,0.48,0.48,1.0,0.64,0.96,0.96,0.64,0.64,0.6,0.88,0.88,0.6,0.6,0.56,0.8,0.8,0.56,0.56,0.56,0.76,0.76,0.56,0.56,0.52,0.72,0.72,0.52,0.52,0.52,0.6799999999999999,0.6799999999999999,0.52,0.52,0.48,0.64,0.64,0.48,0.48
249,0.0,1.0,0.0,0.0,0.0,0.0,0.0,0.0,0.0,1.0,1.0,0.0,1.0,0.0,1.0,0.0,1.0,0.0,1.0,1.0,0.0,1.0,0.0,0.0,1.0,0.0,0.0,0.0,1.0,0.0,1.0,0.0,0.0,0.0,0.0,0.0,0.0,0.0,0.0,1.0,0.0,0.0,0.0,0.0,0.0,0.0,0.0,0.0,0.0,0.0,0.0,0.0,0.0,0.0,0.0,0.0,0.0,0.0,1.0,0.0,0.0,0.0,0.0,0.0,0.0,0.0,0.0,1.0,0.0,0.0,0.0,0.0,0.0,0.0,1.0,0.0,0.0,0.0,0.0,1.0,0.0,0.0,0.0,0.0,1.0,1.0,0.0,1.0,1.0,0.0,1.0,0.0,1.0,0.0,0.0,0.0,0.0,1.0,0.0,0.0,1.0,0.0,0.0,1.0,0.64,0.6799999999999999,0.76,0.8,0.6799999999999999,0.76,0.6,0.76,0.8,0.6,0.76,0.56,0.76,0.8,0.56,0.76,0.52,0.76,1.0,0.52,0.6,0.52,0.6799999999999999,0.6799999999999999,0.52,0.56,0.48,0.56,0.56,0.48,0.52,0.48,0.56,0.56,0.48,0.52,0.64,0.6799999999999999,0.76,0.8,0.6799999999999999,0.76,0.6,0.76,0.8,0.6,0.76,0.56,0.76,0.8,0.56,0.76,0.52,0.76,1.0,0.52,0.6,0.52,0.6799999999999999,0.6799999999999999,0.52,0.56,0.48,0.56,0.56,0.48,0.52,0.48,0.56,0.56,0.48,0.52
250,1.0,1.0,0.0,1.0,0.0,0.0,0.0,0.0,0.0,0.0,1.0,0.0,0.0,1.0,0.0,0.0,0.0,1.0,1.0,0.0,0.0,0.0,0.0,0.0,1.0,0.0,0.0,0.0,0.0,0.0,0.0,1.0,0.0,0.0,0.0,1.0,0.0,1.0,0.0,0.0,1.0,0.0,0.0,0.0,0.0,0.0,0.0,1.0,0.0,0.0,0.0,0.0,0.0,0.0,0.0,0.0,0.0,1.0,0.0,1.0,1.0,0.0,0.0,1.0,0.0,0.0,0.0,0.0,0.0,0.0,0.0,1.0,0.0,0.0,1.0,0.0,0.0,1.0,0.0,0.0,1.0,0.0,0.0,0.0,0.0,0.0,0.0,0.0,0.0,0.0,1.0,1.0,0.0,0.0,0.0,1.0,0.0,0.0,1.0,0.0,1.0,0.0,0.0,0.0,0.8,0.92,0.92,0.84,0.84,1.0,0.92,0.88,0.76,0.8,1.0,0.92,0.8,0.6799999999999999,0.72,0.96,0.8,0.72,0.64,0.6799999999999999,0.76,0.72,0.6799999999999999,0.6,0.64,0.6799999999999999,0.6799999999999999,0.64,0.6,0.6,0.64,0.64,0.6,0.56,0.56,0.6,0.8,0.92,0.92,0.84,0.84,1.0,0.92,0.88,0.76,0.8,1.0,0.92,0.8,0.6799999999999999,0.72,0.96,0.8,0.72,0.64,0.6799999999999999,0.76,0.72,0.6799999999999999,0.6,0.64,0.6799999999999999,0.6799999999999999,0.64,0.6,0.6,0.64,0.64,0.6,0.56,0.56,0.6
251,0.0,0.0,1.0,0.0,0.0,0.0,1.0,0.0,0.0,1.0,1.0,0.0,1.0,1.0,0.0,0.0,0.0,0.0,0.0,1.0,0.0,0.0,0.0,0.0,0.0,1.0,1.0,0.0,0.0,0.0,1.0,1.0,0.0,0.0,0.0,0.0,0.0,0.0,0.0,0.0,0.0,0.0,0.0,0.0,0.0,0.0,1.0,0.0,0.0,1.0,0.0,0.0,0.0,1.0,0.0,0.0,0.0,1.0,0.0,0.0,0.0,0.0,0.0,0.0,0.0,0.0,0.0,1.0,0.0,0.0,0.0,0.0,0.0,1.0,1.0,0.0,0.0,0.0,0.0,0.0,1.0,0.0,0.0,0.0,0.0,0.0,0.0,0.0,0.0,1.0,0.0,0.0,1.0,1.0,0.0,0.0,0.0,1.0,0.0,0.0,1.0,0.0,1.0,1.0,0.72,0.8,0.6799999999999999,0.64,0.88,0.84,0.76,0.6799999999999999,0.6,0.88,0.8,0.72,0.6,0.56,0.88,0.76,0.6799999999999999,0.56,0.52,1.0,0.72,0.6,0.52,0.52,0.84,0.6799999999999999,0.56,0.52,0.48,0.64,0.56,0.56,0.48,0.48,0.6,0.56,0.72,0.8,0.6799999999999999,0.64,0.88,0.84,0.76,0.6799999999999999,0.6,0.88,0.8,0.72,0.6,0.56,0.88,0.76,0.6799999999999999,0.56,0.52,1.0,0.72,0.6,0.52,0.52,0.84,0.6799999999999999,0.56,0.52,0.48,0.64,0.56,0.56,0.48,0.48,0.6,0.56
252,0.0,0.0,0.0,0.0,1.0,1.0,0.0,1.0,1.0,0.0,1.0,0.0,0.0,1.0,0.0,0.0,0.0,0.0,0.0,0.0,0.0,0.0,1.0,1.0,0.0,1.0,1.0,0.0,0.0,0.0,1.0,1.0,0.0,0.0,0.0,0.0,0.0,0.0,0.0,0.0,0.0,0.0,0.0,0.0,0.0,0.0,0.0,0.0,0.0,0.0,0.0,1.0,1.0,1.0,1.0,0.0,0.0,0.0,1.0,0.0,0.0,0.0,0.0,0.0,0.0,0.0,1.0,0.0,0.0,1.0,0.0,0.0,0.0,0.0,0.0,0.0,0.0,0.0,0.0,0.0,0.0,0.0,0.0,0.0,0.0,0.0,1.0,0.0,1.0,1.0,0.0,0.0,0.0,0.0,0.0,0.0,0.0,1.0,0.0,0.0,1.0,1.0,1.0,0.0,0.76,0.84,0.8,0.8,0.84,0.88,0.84,0.76,0.8,0.76,0.84,0.84,0.6799999999999999,0.76,0.72,1.0,0.8,0.64,0.64,0.64,0.76,0.6799999999999999,0.6,0.6,0.6,0.64,0.64,0.56,0.56,0.56,0.6,0.6,0.56,0.56,0.56,0.56,0.76,0.84,0.8,0.8,0.84,0.88,0.84,0.76,0.8,0.76,0.84,0.84,0.6799999999999999,0.76,0.72,1.0,0.8,0.64,0.64,0.64,0.76,0.6799999999999999,0.6,0.6,0.6,0.64,0.64,0.56,0.56,0.56,0.6,0.6,0.56,0.56,0.56,0.56
253,0.0,0.0,0.0,0.0,1.0,0.0,1.0,0.0,1.0,0.0,1.0,0.0,0.0,0.0,0.0,0.0,0.0,1.0,1.0,0.0,0.0,0.0,1.0,0.0,0.0,0.0,0.0,0.0,0.0,0.0,1.0,1.0,0.0,1.0,0.0,0.0,1.0,0.0,1.0,0.0,0.0,1.0,0.0,0.0,0.0,0.0,0.0,0.0,0.0,0.0,0.0,0.0,0.0,1.0,0.0,0.0,0.0,0.0,0.0,0.0,0.0,0.0,0.0,0.0,1.0,0.0,1.0,0.0,0.0,0.0,0.0,0.0,0.0,0.0,0.0,1.0,0.0,0.0,1.0,0.0,0.0,0.0,0.0,0.0,0.0,0.0,0.0,1.0,0.0,1.0,0.0,1.0,0.0,0.0,1.0,0.0,0.0,0.0,0.0,1.0,1.0,1.0,1.0,0.0,0.8,0.88,0.76,1.0,1.0,0.92,0.76,0.72,1.0,1.0,0.84,0.72,0.6799999999999999,1.0,1.0,0.8,0.6799999999999999,0.64,0.96,0.96,0.6799999999999999,0.64,0.6,0.72,0.72,0.64,0.6,0.56,0.6799999999999999,0.6799999999999999,0.6,0.56,0.52,0.64,0.64,0.6,0.8,0.88,0.76,1.0,1.0,0.92,0.76,0.72,1.0,1.0,0.84,0.72,0.6799999999999999,1.0,1.0,0.8,0.6799999999999999,0.64,0.96,0.96,0.6799999999999999,0.64,0.6,0.72,0.72,0.64,0.6,0.56,0.6799999999999999,0.6799999999999999,0.6,0.56,0.52,0.64,0.64,0.6
254,0.0,0.0,1.0,0.0,0.0,0.0,1.0,0.0,1.0,1.0,0.0,0.0,1.0,0.0,0.0,0.0,0.0,1.0,0.0,0.0,0.0,0.0,0.0,1.0,0.0,0.0,1.0,0.0,0.0,0.0,0.0,0.0,0.0,0.0,0.0,0.0,0.0,1.0,0.0,0.0,1.0,0.0,1.0,1.0,0.0,0.0,0.0,1.0,0.0,0.0,0.0,0.0,0.0,0.0,0.0,0.0,1.0,0.0,0.0,0.0,0.0,0.0,0.0,0.0,0.0,0.0,0.0,0.0,1.0,0.0,1.0,0.0,0.0,1.0,0.0,0.0,1.0,0.0,0.0,0.0,0.0,0.0,1.0,1.0,0.0,1.0,1.0,0.0,0.0,0.0,1.0,0.0,0.0,0.0,0.0,0.0,1.0,1.0,0.0,0.0,1.0,0.0,0.0,0.0,0.88,0.84,0.88,1.0,1.0,0.88,0.76,0.8,0.84,0.84,0.8,0.72,0.76,0.76,0.76,0.76,0.6799999999999999,0.72,0.72,0.72,0.72,0.64,0.6799999999999999,0.6799999999999999,0.6799999999999999,0.6799999999999999,0.6,0.64,0.64,0.64,0.64,0.56,0.6,0.6,0.6,0.6,0.88,0.84,0.88,1.0,1.0,0.88,0.76,0.8,0.84,0.84,0.8,0.72,0.76,0.76,0.76,0.76,0.6799999999999999,0.72,0.72,0.72,0.72,0.64,0.6799999999999999,0.6799999999999999,0.6799999999999999,0.6799999999999999,0.6,0.64,0.64,0.64,0.64,0.56,0.6,0.6,0.6,0.6
255,1.0,0.0,1.0,0.0,0.0,0.0,1.0,1.0,0.0,0.0,0.0,0.0,0.0,0.0,0.0,1.0,0.0,0.0,1.0,0.0,0.0,0.0,0.0,0.0,0.0,0.0,0.0,0.0,0.0,0.0,1.0,0.0,1.0,0.0,0.0,0.0,1.0,0.0,0.0,0.0,0.0,0.0,1.0,0.0,0.0,1.0,1.0,0.0,0.0,0.0,1.0,0.0,0.0,1.0,0.0,0.0,0.0,0.0,0.0,0.0,0.0,0.0,0.0,1.0,0.0,1.0,1.0,0.0,1.0,0.0,0.0,0.0,0.0,1.0,0.0,1.0,0.0,0.0,0.0,0.0,1.0,0.0,0.0,0.0,0.0,0.0,1.0,0.0,0.0,0.0,0.0,0.0,0.0,0.0,0.0,1.0,1.0,0.0,0.0,0.0,1.0,1.0,0.0,0.0,1.0,0.72,0.8,0.6799999999999999,0.84,0.76,0.6799999999999999,0.76,0.64,0.76,0.72,0.64,0.72,0.6,0.72,0.6799999999999999,0.6,0.6799999999999999,0.56,0.6799999999999999,0.64,0.56,0.64,0.56,0.64,0.6,0.52,0.6,0.52,0.6,0.56,0.52,0.56,0.52,0.56,0.52,1.0,0.72,0.8,0.6799999999999999,0.84,0.76,0.6799999999999999,0.76,0.64,0.76,0.72,0.64,0.72,0.6,0.72,0.6799999999999999,0.6,0.6799999999999999,0.56,0.6799999999999999,0.64,0.56,0.64,0.56,0.64,0.6,0.52,0.6,0.52,0.6,0.56,0.52,0.56,0.52,0.56,0.52
256,0.0,0.0,0.0,0.0,0.0,1.0,0.0,0.0,0.0,0.0,0.0,0.0,0.0,0.0,0.0,0.0,0.0,0.0,1.0,1.0,1.0,0.0,1.0,0.0,0.0,0.0,0.0,0.0,1.0,1.0,1.0,1.0,1.0,0.0,0.0,0.0,0.0,0.0,0.0,0.0,1.0,0.0,1.0,0.0,0.0,0.0,1.0,0.0,0.0,0.0,0.0,0.0,0.0,0.0,0.0,1.0,0.0,0.0,1.0,0.0,0.0,0.0,0.0,0.0,1.0,0.0,0.0,0.0,1.0,1.0,0.0,0.0,0.0,0.0,0.0,1.0,1.0,0.0,1.0,0.0,0.0,0.0,0.0,0.0,0.0,1.0,1.0,0.0,0.0,0.0,0.0,1.0,0.0,0.0,0.0,1.0,0.0,0.0,0.0,1.0,0.0,0.0,0.0,0.0,1.0,0.6799999999999999,0.88,0.84,0.6799999999999999,0.6799999999999999,0.64,0.84,0.76,0.64,0.64,0.6,0.76,0.72,0.6,0.6,0.56,0.72,0.6799999999999999,0.56,0.56,0.52,0.6799999999999999,0.64,0.52,0.52,0.52,0.64,0.6,0.52,0.52,0.48,0.6,0.56,0.48,0.48,1.0,0.6799999999999999,0.88,0.84,0.6799999999999999,0.6799999999999999,0.64,0.84,0.76,0.64,0.64,0.6,0.76,0.72,0.6,0.6,0.56,0.72,0.6799999999999999,0.56,0.56,0.52,0.6799999999999999,0.64,0.52,0.52,0.52,0.64,0.6,0.52,0.52,0.48,0.6,0.56,0.48,0.48
257,1.0,0.0,0.0,1.0,0.0,0.0,0.0,0.0,0.0,1.0,0.0,0.0,1.0,0.0,0.0,0.0,1.0,0.0,0.0,0.0,0.0,0.0,1.0,0.0,1.0,0.0,0.0,0.0,0.0,0.0,1.0,0.0,1.0,0.0,0.0,0.0,0.0,0.0,1.0,1.0,1.0,0.0,0.0,0.0,0.0,0.0,0.0,0.0,0.0,1.0,0.0,0.0,0.0,1.0,0.0,0.0,0.0,0.0,0.0,0.0,0.0,0.0,0.0,1.0,0.0,0.0,1.0,0.0,0.0,1.0,0.0,0.0,1.0,0.0,0.0,1.0,0.0,0.0,0.0,1.0,1.0,1.0,0.0,0.0,0.0,0.0,0.0,0.0,0.0,0.0,0.0,0.0,0.0,1.0,0.0,0.0,0.0,0.0,1.0,0.0,1.0,0.0,1.0,0.0,0.84,0.84,0.92,0.88,1.0,0.96,0.76,0.92,0.76,1.0,0.88,0.72,0.8,0.72,0.84,0.76,0.6799999999999999,0.76,0.6799999999999999,0.76,0.72,0.64,0.72,0.64,0.72,0.6799999999999999,0.6,0.6799999999999999,0.6,0.6799999999999999,0.64,0.56,0.64,0.56,0.64,0.6,0.84,0.84,0.92,0.88,1.0,0.96,0.76,0.92,0.76,1.0,0.88,0.72,0.8,0.72,0.84,0.76,0.6799999999999999,0.76,0.6799999999999999,0.76,0.72,0.64,0.72,0.64,0.72,0.6799999999999999,0.6,0.6799999999999999,0.6,0.6799999999999999,0.64,0.56,0.64,0.56,0.64,0.6
258,0.0,1.0,0.0,1.0,1.0,0.0,0.0,0.0,0.0,0.0,1.0,0.0,0.0,0.0,0.0,0.0,0.0,0.0,0.0,0.0,1.0,0.0,0.0,0.0,0.0,0.0,0.0,0.0,1.0,0.0,1.0,1.0,0.0,0.0,0.0,1.0,0.0,0.0,1.0,0.0,0.0,1.0,1.0,0.0,0.0,0.0,0.0,0.0,0.0,0.0,1.0,0.0,0.0,0.0,1.0,0.0,0.0,0.0,1.0,1.0,0.0,0.0,0.0,0.0,0.0,0.0,1.0,0.0,1.0,0.0,0.0,0.0,0.0,0.0,1.0,0.0,0.0,0.0,0.0,0.0,0.0,0.0,0.0,0.0,0.0,0.0,0.0,0.0,1.0,1.0,0.0,1.0,0.0,0.0,0.0,1.0,0.0,1.0,0.0,1.0,1.0,0.0,0.0,0.0,0.96,0.84,0.72,0.88,1.0,0.76,0.8,0.6799999999999999,0.8,0.84,0.72,0.76,0.64,0.76,0.8,0.6799999999999999,0.72,0.6,0.72,0.76,0.64,0.6799999999999999,0.56,0.6799999999999999,0.72,0.6,0.64,0.52,0.64,0.6799999999999999,0.56,0.6,0.52,0.6,0.64,0.56,0.96,0.84,0.72,0.88,1.0,0.76,0.8,0.6799999999999999,0.8,0.84,0.72,0.76,0.64,0.76,0.8,0.6799999999999999,0.72,0.6,0.72,0.76,0.64,0.6799999999999999,0.56,0.6799999999999999,0.72,0.6,0.64,0.52,0.64,0.6799999999999999,0.56,0.6,0.52,0.6,0.64,0.56
259,1.0,0.0,0.0,0.0,0.0,0.0,0.0,0.0,1.0,0.0,0.0,0.0,0.0,0.0,0.0,0.0,0.0,0.0,0.0,0.0,0.0,1.0,1.0,1.0,0.0,0.0,0.0,0.0,0.0,0.0,0.0,0.0,1.0,0.0,1.0,1.0,1.0,0.0,0.0,1.0,1.0,0.0,0.0,0.0,1.0,0.0,1.0,0.0,0.0,0.0,0.0,0.0,0.0,0.0,0.0,1.0,0.0,1.0,0.0,0.0,0.0,0.0,0.0,0.0,1.0,0.0,0.0,0.0,0.0,0.0,0.0,1.0,1.0,0.0,0.0,0.0,0.0,0.0,0.0,1.0,1.0,0.0,0.0,1.0,0.0,0.0,0.0,0.0,0.0,1.0,0.0,0.0,0.0,0.0,1.0,0.0,0.0,1.0,0.0,0.0,0.0,0.0,1.0,1.0,0.84,0.76,0.76,1.0,1.0,0.8,0.6799999999999999,0.72,1.0,1.0,0.76,0.64,0.6799999999999999,0.8,0.8,0.72,0.6,0.64,0.76,0.76,0.6799999999999999,0.6,0.6,0.72,0.72,0.64,0.56,0.56,0.6799999999999999,0.6799999999999999,0.6,0.52,0.52,0.64,0.64,0.56,0.84,0.76,0.76,1.0,1.0,0.8,0.6799999999999999,0.72,1.0,1.0,0.76,0.64,0.6799999999999999,0.8,0.8,0.72,0.6,0.64,0.76,0.76,0.6799999999999999,0.6,0.6,0.72,0.72,0.64,0.56,0.56,0.6799999999999999,0.6799999999999999,0.6,0.52,0.52,0.64,0.64,0.56
260,0.0,1.0,0.0,0.0,0.0,0.0,0.0,0.0,0.0,0.0,0.0,0.0,0.0,1.0,1.0,0.0,1.0,0.0,0.0,0.0,0.0,1.0,0.0,0.0,1.0,0.0,0.0,0.0,1.0,1.0,0.0,0.0,0.0,1.0,0.0,0.0,0.0,1.0,0.0,1.0,0.0,0.0,0.0,0.0,0.0,0.0,0.0,0.0,1.0,0.0,0.0,1.0,0.0,0.0,0.0,1.0,0.0,0.0,1.0,0.0,0.0,1.0,0.0,0.0,0.0,0.0,0.0,1.0,0.0,0.0,1.0,0.0,0.0,0.0,0.0,0.0,0.0,1.0,1.0,0.0,0.0,0.0,0.0,0.0,1.0,0.0,0.0,0.0,0.0,0.0,1.0,0.0,0.0,1.0,0.0,0.0,1.0,0.0,1.0,0.0,0.0,0.0,1.0,0.0,0.8,0.76,0.96,0.96,1.0,0.88,0.6799999999999999,0.96,0.92,1.0,0.8,0.64,0.96,0.92,0.92,0.72,0.6,0.84,0.76,0.76,0.6799999999999999,0.6,0.76,0.72,0.72,0.64,0.56,0.6799999999999999,0.6799999999999999,0.6799999999999999,0.6,0.52,0.64,0.64,0.64,0.56,0.8,0.76,0.96,0.96,1.0,0.88,0.6799999999999999,0.96,0.92,1.0,0.8,0.64,0.96,0.92,0.92,0.72,0.6,0.84,0.76,0.76,0.6799999999999999,0.6,0.76,0.72,0.72,0.64,0.56,0.6799999999999999,0.6799999999999999,0.6799999999999999,0.6,0.52,0.64,0.64,0.64,0.56
261,0.0,0.0,0.0,0.0,0.0,0.0,0.0,0.0,0.0,0.0,0.0,0.0,0.0,0.0,0.0,0.0,0.0,0.0,0.0,0.0,0.0,1.0,1.0,0.0,1.0,0.0,0.0,0.0,0.0,0.0,0.0,1.0,1.0,1.0,0.0,0.0,0.0,1.0,0.0,0.0,0.0,1.0,0.0,0.0,1.0,1.0,1.0,0.0,1.0,1.0,0.0,0.0,1.0,1.0,1.0,0.0,1.0,0.0,0.0,0.0,0.0,0.0,0.0,1.0,0.0,1.0,1.0,1.0,0.0,0.0,0.0,0.0,0.0,0.0,0.0,0.0,0.0,1.0,0.0,1.0,0.0,0.0,0.0,0.0,0.0,0.0,1.0,0.0,0.0,0.0,1.0,0.0,0.0,0.0,1.0,0.0,0.0,0.0,0.0,0.0,0.0,0.0,0.0,0.0,0.8,0.8,0.88,1.0,1.0,0.92,0.72,0.88,1.0,1.0,0.88,0.6799999999999999,0.76,1.0,1.0,0.76,0.64,0.72,0.84,0.84,0.72,0.6,0.6799999999999999,0.72,0.72,0.6799999999999999,0.56,0.64,0.6799999999999999,0.6799999999999999,0.64,0.56,0.6,0.64,0.64,0.6,0.8,0.8,0.88,1.0,1.0,0.92,0.72,0.88,1.0,1.0,0.88,0.6799999999999999,0.76,1.0,1.0,0.76,0.64,0.72,0.84,0.84,0.72,0.6,0.6799999999999999,0.72,0.72,0.6799999999999999,0.56,0.64,0.6799999999999999,0.6799999999999999,0.64,0.56,0.6,0.64,0.64,0.6
262,0.0,0.0,0.0,0.0,0.0,0.0,1.0,0.0,0.0,0.0,1.0,0.0,0.0,0.0,0.0,0.0,0.0,0.0,0.0,1.0,0.0,0.0,0.0,0.0,1.0,1.0,0.0,0.0,0.0,1.0,1.0,1.0,1.0,0.0,0.0,1.0,0.0,0.0,1.0,0.0,0.0,0.0,0.0,0.0,0.0,0.0,0.0,1.0,0.0,1.0,0.0,0.0,0.0,1.0,0.0,1.0,1.0,1.0,0.0,1.0,0.0,1.0,0.0,0.0,0.0,0.0,0.0,0.0,0.0,1.0,1.0,0.0,0.0,0.0,0.0,0.0,0.0,0.0,0.0,0.0,0.0,0.0,0.0,0.0,0.0,0.0,1.0,0.0,0.0,0.0,0.0,0.0,1.0,1.0,0.0,0.0,1.0,0.0,1.0,0.0,0.0,0.0,0.0,0.0,0.88,1.0,0.72,0.8,0.76,0.72,0.92,0.6799999999999999,0.76,0.72,0.6799999999999999,0.8,0.64,0.72,0.6799999999999999,0.64,0.76,0.6,0.6799999999999999,0.64,0.6,0.72,0.56,0.64,0.6,0.56,0.6799999999999999,0.52,0.6,0.56,0.52,0.64,0.52,0.56,0.52,0.52,0.88,1.0,0.72,0.8,0.76,0.72,0.92,0.6799999999999999,0.76,0.72,0.6799999999999999,0.8,0.64,0.72,0.6799999999999999,0.64,0.76,0.6,0.6799999999999999,0.64,0.6,0.72,0.56,0.64,0.6,0.56,0.6799999999999999,0.52,0.6,0.56,0.52,0.64,0.52,0.56,0.52,0.52
263,0.0,0.0,0.0,0.0,0.0,0.0,0.0,0.0,0.0,0.0,0.0,1.0,0.0,0.0,1.0,1.0,1.0,0.0,0.0,0.0,1.0,0.0,0.0,0.0,0.0,0.0,1.0,0.0,0.0,0.0,0.0,0.0,0.0,0.0,0.0,0.0,0.0,0.0,0.0,0.0,1.0,0.0,0.0,1.0,0.0,1.0,1.0,0.0,1.0,0.0,1.0,1.0,1.0,0.0,1.0,1.0,1.0,0.0,1.0,1.0,0.0,0.0,0.0,0.0,0.0,0.0,0.0,0.0,0.0,0.0,0.0,0.0,0.0,1.0,0.0,0.0,0.0,0.0,0.0,0.0,1.0,0.0,0.0,1.0,1.0,1.0,0.0,0.0,0.0,0.0,0.0,0.0,0.0,1.0,0.0,0.0,0.0,0.0,0.0,1.0,0.0,0.0,0.0,0.0,0.88,0.6799999999999999,0.6,0.6,1.0,0.6,0.64,0.56,0.56,0.84,0.56,0.6,0.52,0.52,0.76,0.52,0.6,0.52,0.52,0.72,0.52,0.56,0.48,0.48,0.6799999999999999,0.48,0.52,0.48,0.48,0.64,0.48,0.52,0.48,0.48,0.6,0.48,0.88,0.6799999999999999,0.6,0.6,1.0,0.6,0.64,0.56,0.56,0.84,0.56,0.6,0.52,0.52,0.76,0.52,0.6,0.52,0.52,0.72,0.52,0.56,0.48,0.48,0.6799999999999999,0.48,0.52,0.48,0.48,0.64,0.48,0.52,0.48,0.48,0.6,0.48
264,0.0,0.0,0.0,0.0,1.0,0.0,0.0,0.0,0.0,0.0,0.0,0.0,0.0,0.0,0.0,0.0,1.0,0.0,0.0,0.0,1.0,0.0,0.0,1.0,1.0,1.0,0.0,0.0,0.0,1.0,1.0,0.0,1.0,0.0,0.0,0.0,0.0,0.0,1.0,1.0,0.0,0.0,1.0,1.0,0.0,0.0,0.0,0.0,0.0,0.0,0.0,0.0,0.0,0.0,1.0,0.0,0.0,1.0,0.0,1.0,1.0,0.0,0.0,1.0,0.0,0.0,0.0,1.0,0.0,0.0,0.0,0.0,0.0,0.0,0.0,0.0,0.0,0.0,1.0,1.0,1.0,0.0,0.0,0.0,0.0,0.0,0.0,0.0,0.0,0.0,0.0,0.0,0.0,1.0,0.0,0.0,1.0,1.0,0.0,0.0,0.0,0.0,1.0,0.0,0.96,1.0,0.96,0.88,1.0,0.88,0.88,0.84,0.84,0.88,0.8,0.84,0.8,0.76,0.8,0.76,0.76,0.76,0.72,0.76,0.72,0.72,0.72,0.6799999999999999,0.72,0.6799999999999999,0.6799999999999999,0.6799999999999999,0.64,0.6799999999999999,0.64,0.64,0.64,0.6,0.64,0.6,0.96,1.0,0.96,0.88,1.0,0.88,0.88,0.84,0.84,0.88,0.8,0.84,0.8,0.76,0.8,0.76,0.76,0.76,0.72,0.76,0.72,0.72,0.72,0.6799999999999999,0.72,0.6799999999999999,0.6799999999999999,0.6799999999999999,0.64,0.6799999999999999,0.64,0.64,0.64,0.6,0.64,0.6
265,0.0,0.0,0.0,0.0,0.0,0.0,0.0,0.0,0.0,1.0,0.0,0.0,1.0,1.0,0.0,0.0,1.0,0.0,0.0,0.0,0.0,0.0,0.0,1.0,1.0,0.0,0.0,0.0,0.0,1.0,0.0,0.0,1.0,0.0,0.0,0.0,0.0,0.0,0.0,1.0,0.0,0.0,0.0,0.0,0.0,0.0,1.0,1.0,0.0,1.0,1.0,0.0,0.0,0.0,0.0,0.0,0.0,1.0,0.0,0.0,1.0,0.0,1.0,0.0,0.0,0.0,0.0,0.0,0.0,0.0,0.0,1.0,0.0,1.0,1.0,0.0,0.0,0.0,0.0,1.0,0.0,0.0,0.0,1.0,0.0,0.0,0.0,1.0,0.0,1.0,0.0,0.0,0.0,1.0,1.0,0.0,0.0,1.0,0.0,0.0,0.0,0.0,0.0,0.0,0.84,0.72,0.92,0.84,1.0,0.96,0.6799999999999999,0.84,0.76,1.0,0.88,0.64,0.76,0.72,0.88,0.76,0.6,0.72,0.6799999999999999,0.76,0.72,0.56,0.6799999999999999,0.64,0.72,0.6799999999999999,0.56,0.64,0.6,0.6799999999999999,0.64,0.52,0.6,0.56,0.64,0.6,0.84,0.72,0.92,0.84,1.0,0.96,0.6799999999999999,0.84,0.76,1.0,0.88,0.64,0.76,0.72,0.88,0.76,0.6,0.72,0.6799999999999999,0.76,0.72,0.56,0.6799999999999999,0.64,0.72,0.6799999999999999,0.56,0.64,0.6,0.6799999999999999,0.64,0.52,0.6,0.56,0.64,0.6
266,0.0,0.0,0.0,0.0,0.0,0.0,0.0,0.0,1.0,0.0,0.0,0.0,0.0,0.0,1.0,0.0,0.0,0.0,0.0,0.0,0.0,0.0,0.0,0.0,1.0,0.0,0.0,0.0,1.0,1.0,1.0,1.0,0.0,1.0,0.0,1.0,0.0,0.0,0.0,0.0,0.0,1.0,0.0,0.0,0.0,0.0,1.0,0.0,1.0,0.0,0.0,1.0,0.0,0.0,0.0,0.0,0.0,1.0,0.0,0.0,0.0,0.0,0.0,0.0,1.0,1.0,0.0,1.0,1.0,0.0,1.0,0.0,0.0,1.0,0.0,1.0,0.0,0.0,0.0,1.0,0.0,0.0,0.0,0.0,0.0,0.0,0.0,0.0,0.0,1.0,0.0,1.0,0.0,0.0,0.0,0.0,1.0,1.0,0.0,0.0,0.0,0.0,0.0,0.0,0.88,0.6799999999999999,0.92,1.0,0.8,0.72,0.64,0.84,0.88,0.76,0.6799999999999999,0.6,0.8,0.8,0.72,0.64,0.56,0.76,0.76,0.6799999999999999,0.6,0.56,0.6799999999999999,0.72,0.64,0.56,0.52,0.64,0.6799999999999999,0.6,0.56,0.52,0.6,0.64,0.56,0.52,0.88,0.6799999999999999,0.92,1.0,0.8,0.72,0.64,0.84,0.88,0.76,0.6799999999999999,0.6,0.8,0.8,0.72,0.64,0.56,0.76,0.76,0.6799999999999999,0.6,0.56,0.6799999999999999,0.72,0.64,0.56,0.52,0.64,0.6799999999999999,0.6,0.56,0.52,0.6,0.64,0.56,0.52
267,0.0,0.0,1.0,0.0,0.0,0.0,1.0,0.0,1.0,0.0,0.0,0.0,0.0,1.0,1.0,0.0,0.0,0.0,0.0,0.0,1.0,0.0,0.0,0.0,0.0,0.0,1.0,1.0,0.0,0.0,0.0,1.0,1.0,0.0,1.0,0.0,0.0,0.0,0.0,0.0,0.0,0.0,0.0,0.0,0.0,0.0,0.0,0.0,0.0,1.0,1.0,0.0,0.0,1.0,0.0,0.0,0.0,0.0,0.0,0.0,0.0,0.0,0.0,0.0,1.0,0.0,0.0,1.0,1.0,0.0,0.0,0.0,0.0,1.0,1.0,0.0,0.0,0.0,0.0,0.0,1.0,1.0,1.0,0.0,0.0,0.0,0.0,0.0,0.0,0.0,1.0,0.0,0.0,0.0,0.0,1.0,0.0,1.0,0.0,0.0,0.0,0.0,0.0,1.0,0.84,0.72,0.84,1.0,0.76,0.76,0.6799999999999999,0.76,0.92,0.6799999999999999,0.72,0.64,0.72,0.8,0.64,0.6799999999999999,0.6,0.6799999999999999,0.76,0.6,0.64,0.56,0.64,0.6799999999999999,0.6,0.6,0.56,0.6,0.64,0.56,0.56,0.52,0.56,0.6,0.52,0.52,0.84,0.72,0.84,1.0,0.76,0.76,0.6799999999999999,0.76,0.92,0.6799999999999999,0.72,0.64,0.72,0.8,0.64,0.6799999999999999,0.6,0.6799999999999999,0.76,0.6,0.64,0.56,0.64,0.6799999999999999,0.6,0.6,0.56,0.6,0.64,0.56,0.56,0.52,0.56,0.6,0.52,0.52
268,0.0,0.0,0.0,0.0,0.0,0.0,0.0,1.0,1.0,0.0,0.0,0.0,0.0,0.0,0.0,0.0,0.0,0.0,0.0,1.0,1.0,0.0,0.0,0.0,0.0,1.0,1.0,0.0,0.0,1.0,1.0,0.0,0.0,0.0,0.0,0.0,0.0,0.0,0.0,0.0,1.0,0.0,1.0,1.0,0.0,0.0,0.0,0.0,0.0,1.0,1.0,0.0,1.0,0.0,1.0,0.0,0.0,0.0,0.0,0.0,0.0,0.0,0.0,0.0,1.0,0.0,1.0,1.0,1.0,0.0,0.0,0.0,0.0,0.0,0.0,1.0,1.0,0.0,0.0,0.0,1.0,0.0,0.0,0.0,0.0,1.0,0.0,0.0,0.0,0.0,0.0,0.0,0.0,1.0,0.0,0.0,0.0,1.0,1.0,0.0,0.0,0.0,0.0,0.0,0.84,0.6799999999999999,0.92,0.6799999999999999,1.0,0.76,0.64,0.84,0.64,0.88,0.72,0.6,0.84,0.6,0.84,0.6799999999999999,0.56,0.76,0.56,0.76,0.64,0.52,0.6799999999999999,0.52,0.72,0.6,0.52,0.64,0.52,0.6799999999999999,0.56,0.48,0.6,0.48,0.64,0.52,0.84,0.6799999999999999,0.92,0.6799999999999999,1.0,0.76,0.64,0.84,0.64,0.88,0.72,0.6,0.84,0.6,0.84,0.6799999999999999,0.56,0.76,0.56,0.76,0.64,0.52,0.6799999999999999,0.52,0.72,0.6,0.52,0.64,0.52,0.6799999999999999,0.56,0.48,0.6,0.48,0.64,0.52
269,0.0,0.0,0.0,0.0,0.0,0.0,0.0,1.0,0.0,1.0,0.0,0.0,0.0,0.0,1.0,0.0,0.0,0.0,0.0,0.0,0.0,0.0,1.0,0.0,0.0,0.0,1.0,0.0,0.0,0.0,0.0,1.0,0.0,1.0,0.0,1.0,0.0,0.0,1.0,0.0,0.0,1.0,1.0,0.0,0.0,0.0,0.0,0.0,0.0,1.0,0.0,1.0,0.0,0.0,0.0,0.0,0.0,1.0,0.0,0.0,0.0,0.0,0.0,1.0,0.0,0.0,0.0,0.0,0.0,0.0,0.0,0.0,1.0,1.0,0.0,1.0,0.0,0.0,0.0,1.0,0.0,1.0,1.0,0.0,0.0,0.0,1.0,0.0,1.0,0.0,0.0,0.0,0.0,0.0,0.0,1.0,0.0,0.0,1.0,0.0,0.0,0.0,1.0,0.0,0.8,0.6799999999999999,0.72,1.0,0.92,0.88,0.64,0.6799999999999999,1.0,0.92,0.8,0.6,0.64,1.0,0.84,0.88,0.6,0.6,0.96,0.8,0.76,0.56,0.56,0.72,0.6799999999999999,0.64,0.52,0.52,0.6799999999999999,0.64,0.6,0.52,0.52,0.64,0.6,0.56,0.8,0.6799999999999999,0.72,1.0,0.92,0.88,0.64,0.6799999999999999,1.0,0.92,0.8,0.6,0.64,1.0,0.84,0.88,0.6,0.6,0.96,0.8,0.76,0.56,0.56,0.72,0.6799999999999999,0.64,0.52,0.52,0.6799999999999999,0.64,0.6,0.52,0.52,0.64,0.6,0.56
270,0.0,0.0,0.0,1.0,0.0,0.0,1.0,0.0,1.0,1.0,0.0,0.0,1.0,1.0,1.0,0.0,0.0,1.0,0.0,0.0,0.0,0.0,1.0,0.0,1.0,0.0,0.0,0.0,0.0,0.0,0.0,0.0,0.0,0.0,0.0,0.0,0.0,1.0,0.0,0.0,0.0,0.0,0.0,0.0,0.0,0.0,1.0,0.0,0.0,0.0,0.0,1.0,1.0,0.0,1.0,0.0,1.0,0.0,0.0,0.0,0.0,0.0,0.0,0.0,0.0,0.0,0.0,1.0,0.0,0.0,0.0,1.0,0.0,0.0,0.0,0.0,0.0,0.0,0.0,0.0,0.0,1.0,0.0,1.0,1.0,0.0,0.0,1.0,0.0,0.0,1.0,1.0,1.0,0.0,0.0,0.0,0.0,0.0,0.0,1.0,0.0,0.0,0.0,0.0,0.88,1.0,0.92,0.84,0.76,0.8,0.92,0.8,0.8,0.72,0.76,0.84,0.76,0.72,0.6799999999999999,0.72,0.76,0.72,0.6799999999999999,0.64,0.6799999999999999,0.72,0.6799999999999999,0.64,0.6,0.64,0.6799999999999999,0.64,0.6,0.56,0.6,0.64,0.6,0.56,0.52,0.56,0.88,1.0,0.92,0.84,0.76,0.8,0.92,0.8,0.8,0.72,0.76,0.84,0.76,0.72,0.6799999999999999,0.72,0.76,0.72,0.6799999999999999,0.64,0.6799999999999999,0.72,0.6799999999999999,0.64,0.6,0.64,0.6799999999999999,0.64,0.6,0.56,0.6,0.64,0.6,0.56,0.52,0.56
271,0.0,0.0,0.0,1.0,0.0,1.0,0.0,1.0,0.0,0.0,0.0,1.0,0.0,0.0,1.0,0.0,0.0,0.0,0.0,0.0,0.0,0.0,0.0,1.0,0.0,1.0,0.0,0.0,0.0,0.0,0.0,0.0,0.0,1.0,0.0,1.0,1.0,1.0,1.0,0.0,0.0,0.0,0.0,1.0,0.0,0.0,0.0,0.0,0.0,0.0,0.0,0.0,1.0,0.0,1.0,0.0,0.0,0.0,0.0,0.0,1.0,0.0,0.0,0.0,0.0,0.0,0.0,0.0,0.0,1.0,0.0,0.0,0.0,1.0,0.0,0.0,0.0,0.0,0.0,1.0,1.0,1.0,0.0,0.0,0.0,0.0,0.0,0.0,0.0,0.0,0.0,0.0,0.0,1.0,0.0,0.0,0.0,0.0,1.0,1.0,0.0,1.0,1.0,0.0,0.84,0.92,0.76,1.0,0.92,0.96,0.92,0.6799999999999999,1.0,0.88,0.92,0.8,0.64,0.88,0.76,0.84,0.76,0.6,0.76,0.72,0.72,0.6799999999999999,0.6,0.72,0.6799999999999999,0.6799999999999999,0.64,0.56,0.6799999999999999,0.64,0.64,0.6,0.52,0.64,0.6,0.6,0.84,0.92,0.76,1.0,0.92,0.96,0.92,0.6799999999999999,1.0,0.88,0.92,0.8,0.64,0.88,0.76,0.84,0.76,0.6,0.76,0.72,0.72,0.6799999999999999,0.6,0.72,0.6799999999999999,0.6799999999999999,0.64,0.56,0.6799999999999999,0.64,0.64,0.6,0.52,0.64,0.6,0.6
272,1.0,0.0,0.0,0.0,0.0,0.0,0.0,0.0,0.0,0.0,0.0,0.0,0.0,1.0,1.0,0.0,0.0,0.0,0.0,0.0,0.0,0.0,0.0,1.0,0.0,1.0,0.0,1.0,0.0,0.0,0.0,1.0,1.0,0.0,0.0,0.0,0.0,0.0,0.0,0.0,1.0,0.0,1.0,1.0,1.0,0.0,0.0,1.0,0.0,0.0,0.0,0.0,0.0,0.0,0.0,0.0,0.0,1.0,0.0,1.0,1.0,0.0,1.0,0.0,0.0,0.0,0.0,0.0,1.0,0.0,0.0,0.0,0.0,1.0,1.0,0.0,0.0,0.0,0.0,0.0,0.0,0.0,0.0,0.0,0.0,0.0,0.0,0.0,0.0,0.0,1.0,1.0,0.0,1.0,0.0,0.0,0.0,1.0,1.0,0.0,0.0,0.0,1.0,0.0,0.56,0.52,0.64,0.48,0.72,0.52,0.48,0.6,0.48,0.72,0.52,0.48,0.56,0.48,0.72,0.48,0.48,0.52,0.43999999999999995,1.0,0.48,0.43999999999999995,0.48,0.43999999999999995,0.76,0.48,0.43999999999999995,0.48,0.43999999999999995,0.52,0.43999999999999995,0.43999999999999995,0.48,0.4,0.52,0.43999999999999995,0.56,0.52,0.64,0.48,0.72,0.52,0.48,0.6,0.48,0.72,0.52,0.48,0.56,0.48,0.72,0.48,0.48,0.52,0.43999999999999995,1.0,0.48,0.43999999999999995,0.48,0.43999999999999995,0.76,0.48,0.43999999999999995,0.48,0.43999999999999995,0.52,0.43999999999999995,0.43999999999999995,0.48,0.4,0.52,0.43999999999999995
273,0.0,1.0,0.0,0.0,0.0,1.0,0.0,1.0,0.0,1.0,1.0,0.0,0.0,0.0,0.0,0.0,0.0,1.0,1.0,0.0,1.0,0.0,1.0,0.0,0.0,0.0,0.0,0.0,0.0,0.0,0.0,0.0,0.0,1.0,1.0,0.0,0.0,0.0,0.0,0.0,0.0,0.0,0.0,1.0,0.0,0.0,0.0,0.0,1.0,0.0,0.0,0.0,0.0,0.0,0.0,1.0,0.0,0.0,0.0,0.0,0.0,0.0,0.0,0.0,0.0,0.0,1.0,1.0,1.0,0.0,0.0,0.0,0.0,0.0,0.0,1.0,1.0,1.0,0.0,0.0,0.0,1.0,0.0,1.0,0.0,0.0,0.0,1.0,0.0,1.0,0.0,0.0,0.0,0.0,0.0,0.0,0.0,0.0,0.0,1.0,0.0,0.0,0.0,1.0,0.84,0.8,1.0,0.8,0.6799999999999999,0.92,0.76,1.0,0.72,0.64,0.76,0.6799999999999999,1.0,0.6799999999999999,0.6,0.72,0.64,0.92,0.64,0.56,0.6799999999999999,0.6,0.76,0.6,0.52,0.64,0.6,0.72,0.56,0.52,0.6,0.56,0.6799999999999999,0.56,0.48,0.56,0.84,0.8,1.0,0.8,0.6799999999999999,0.92,0.76,1.0,0.72,0.64,0.76,0.6799999999999999,1.0,0.6799999999999999,0.6,0.72,0.64,0.92,0.64,0.56,0.6799999999999999,0.6,0.76,0.6,0.52,0.64,0.6,0.72,0.56,0.52,0.6,0.56,0.6799999999999999,0.56,0.48,0.56
274,0.0,1.0,0.0,0.0,0.0,0.0,0.0,0.0,1.0,0.0,1.0,0.0,0.0,0.0,1.0,0.0,0.0,0.0,0.0,0.0,0.0,0.0,0.0,0.0,0.0,0.0,0.0,0.0,1.0,0.0,1.0,0.0,0.0,0.0,1.0,0.0,1.0,0.0,0.0,0.0,0.0,0.0,0.0,1.0,0.0,0.0,0.0,1.0,1.0,1.0,0.0,1.0,0.0,0.0,0.0,0.0,1.0,1.0,1.0,0.0,0.0,0.0,0.0,1.0,1.0,0.0,0.0,1.0,0.0,0.0,1.0,1.0,0.0,0.0,0.0,0.0,0.0,0.0,1.0,0.0,0.0,0.0,0.0,1.0,0.0,1.0,0.0,0.0,0.0,0.0,0.0,0.0,0.0,0.0,0.0,0.0,1.0,1.0,0.0,0.0,0.0,0.0,0.0,0.0,0.88,1.0,0.6799999999999999,0.88,0.96,0.76,1.0,0.64,0.8,0.88,0.72,0.8,0.6,0.76,0.8,0.6799999999999999,0.76,0.56,0.6799999999999999,0.76,0.64,0.72,0.56,0.64,0.6799999999999999,0.6,0.6799999999999999,0.52,0.6,0.64,0.56,0.64,0.52,0.6,0.6,0.52,0.88,1.0,0.6799999999999999,0.88,0.96,0.76,1.0,0.64,0.8,0.88,0.72,0.8,0.6,0.76,0.8,0.6799999999999999,0.76,0.56,0.6799999999999999,0.76,0.64,0.72,0.56,0.64,0.6799999999999999,0.6,0.6799999999999999,0.52,0.6,0.64,0.56,0.64,0.52,0.6,0.6,0.52
275,0.0,0.0,0.0,0.0,0.0,0.0,0.0,0.0,1.0,0.0,1.0,0.0,0.0,0.0,0.0,0.0,0.0,0.0,0.0,0.0,0.0,1.0,0.0,1.0,0.0,0.0,0.0,0.0,0.0,0.0,1.0,1.0,1.0,1.0,1.0,0.0,0.0,0.0,0.0,1.0,0.0,0.0,0.0,0.0,0.0,1.0,1.0,0.0,0.0,0.0,0.0,1.0,0.0,1.0,0.0,0.0,0.0,0.0,0.0,1.0,0.0,0.0,0.0,0.0,1.0,0.0,1.0,0.0,0.0,0.0,1.0,0.0,0.0,0.0,0.0,0.0,0.0,0.0,1.0,0.0,1.0,0.0,0.0,0.0,0.0,0.0,0.0,0.0,1.0,0.0,1.0,0.0,1.0,0.0,1.0,0.0,0.0,0.0,0.0,1.0,1.0,0.0,0.0,0.0,0.84,0.72,0.6799999999999999,0.92,1.0,0.8,0.6799999999999999,0.64,0.88,0.88,0.72,0.64,0.6,0.76,0.8,0.6799999999999999,0.6,0.6,0.72,0.76,0.64,0.56,0.56,0.6799999999999999,0.6799999999999999,0.6,0.52,0.52,0.64,0.64,0.56,0.52,0.52,0.6,0.6,0.56,0.84,0.72,0.6799999999999999,0.92,1.0,0.8,0.6799999999999999,0.64,0.88,0.88,0.72,0.64,0.6,0.76,0.8,0.6799999999999999,0.6,0.6,0.72,0.76,0.64,0.56,0.56,0.6799999999999999,0.6799999999999999,0.6,0.52,0.52,0.64,0.64,0.56,0.52,0.52,0.6,0.6,0.56
276,0.0,1.0,0.0,0.0,0.0,1.0,0.0,0.0,0.0,0.0,0.0,0.0,0.0,0.0,0.0,0.0,1.0,1.0,0.0,0.0,0.0,0.0,0.0,0.0,0.0,0.0,0.0,0.0,0.0,1.0,0.0,0.0,1.0,0.0,0.0,1.0,1.0,0.0,0.0,0.0,1.0,1.0,0.0,0.0,0.0,1.0,0.0,1.0,1.0,0.0,0.0,0.0,0.0,0.0,0.0,0.0,1.0,0.0,0.0,0.0,0.0,0.0,1.0,0.0,0.0,0.0,0.0,0.0,0.0,0.0,0.0,1.0,0.0,1.0,0.0,0.0,0.0,1.0,0.0,1.0,0.0,0.0,1.0,1.0,0.0,1.0,0.0,0.0,0.0,0.0,1.0,0.0,0.0,0.0,1.0,0.0,1.0,0.0,1.0,0.0,0.0,0.0,0.0,0.0,0.96,0.6799999999999999,0.6799999999999999,1.0,0.96,0.72,0.64,0.64,0.88,0.84,0.6799999999999999,0.6,0.6,0.8,0.8,0.64,0.56,0.56,0.76,0.76,0.6,0.56,0.56,0.72,0.72,0.56,0.52,0.52,0.6799999999999999,0.6799999999999999,0.52,0.52,0.52,0.64,0.64,0.52,0.96,0.6799999999999999,0.6799999999999999,1.0,0.96,0.72,0.64,0.64,0.88,0.84,0.6799999999999999,0.6,0.6,0.8,0.8,0.64,0.56,0.56,0.76,0.76,0.6,0.56,0.56,0.72,0.72,0.56,0.52,0.52,0.6799999999999999,0.6799999999999999,0.52,0.52,0.52,0.64,0.64,0.52
277,0.0,0.0,0.0,0.0,0.0,0.0,0.0,0.0,1.0,0.0,0.0,0.0,0.0,0.0,1.0,0.0,0.0,0.0,0.0,0.0,0.0,0.0,1.0,1.0,0.0,0.0,0.0,0.0,1.0,0.0,0.0,0.0,0.0,0.0,1.0,0.0,0.0,1.0,0.0,0.0,1.0,0.0,1.0,0.0,0.0,1.0,1.0,1.0,0.0,0.0,1.0,0.0,1.0,1.0,0.0,0.0,1.0,0.0,1.0,0.0,0.0,0.0,1.0,0.0,0.0,0.0,0.0,0.0,0.0,1.0,0.0,1.0,0.0,1.0,0.0,0.0,0.0,1.0,0.0,0.0,0.0,0.0,0.0,0.0,0.0,0.0,0.0,0.0,0.0,0.0,0.0,1.0,0.0,0.0,0.0,0.0,0.0,0.0,0.0,0.0,1.0,1.0,0.0,1.0,0.43999999999999995,0.48,0.48,0.4,0.52,0.48,0.43999999999999995,0.48,0.4,0.52,0.48,0.43999999999999995,0.48,0.4,0.52,0.52,0.4,0.48,0.4,0.6799999999999999,0.48,0.4,0.43999999999999995,0.36,0.6799999999999999,0.43999999999999995,0.4,0.4,0.36,1.0,0.4,0.4,0.4,0.36,0.43999999999999995,0.4,0.43999999999999995,0.48,0.48,0.4,0.52,0.48,0.43999999999999995,0.48,0.4,0.52,0.48,0.43999999999999995,0.48,0.4,0.52,0.52,0.4,0.48,0.4,0.6799999999999999,0.48,0.4,0.43999999999999995,0.36,0.6799999999999999,0.43999999999999995,0.4,0.4,0.36,1.0,0.4,0.4,0.4,0.36,0.43999999999999995,0.4
278,1.0,1.0,0.0,0.0,0.0,0.0,0.0,0.0,0.0,0.0,0.0,1.0,0.0,0.0,0.0,0.0,0.0,0.0,0.0,0.0,0.0,0.0,0.0,0.0,0.0,1.0,0.0,0.0,1.0,1.0,1.0,0.0,1.0,1.0,0.0,0.0,0.0,0.0,0.0,0.0,0.0,0.0,0.0,1.0,1.0,1.0,0.0,0.0,0.0,0.0,1.0,0.0,0.0,0.0,0.0,0.0,1.0,0.0,0.0,0.0,0.0,1.0,1.0,0.0,0.0,0.0,0.0,0.0,0.0,1.0,0.0,1.0,1.0,1.0,1.0,0.0,1.0,0.0,1.0,0.0,0.0,0.0,0.0,1.0,0.0,0.0,1.0,0.0,0.0,0.0,1.0,0.0,0.0,0.0,0.0,0.0,0.0,0.0,0.0,0.0,0.0,0.0,0.0,0.0,0.64,0.64,0.72,0.8,0.56,0.6,0.56,0.72,0.8,0.52,0.56,0.56,0.6799999999999999,0.8,0.52,0.52,0.52,0.6,1.0,0.48,0.52,0.52,0.56,0.76,0.48,0.48,0.48,0.52,0.56,0.48,0.48,0.48,0.52,0.56,0.43999999999999995,0.48,0.64,0.64,0.72,0.8,0.56,0.6,0.56,0.72,0.8,0.52,0.56,0.56,0.6799999999999999,0.8,0.52,0.52,0.52,0.6,1.0,0.48,0.52,0.52,0.56,0.76,0.48,0.48,0.48,0.52,0.56,0.48,0.48,0.48,0.52,0.56,0.43999999999999995,0.48
279,1.0,0.0,0.0,0.0,0.0,0.0,0.0,0.0,1.0,0.0,0.0,1.0,1.0,0.0,0.0,0.0,1.0,0.0,0.0,0.0,0.0,0.0,0.0,0.0,0.0,1.0,1.0,0.0,0.0,1.0,0.0,0.0,1.0,0.0,1.0,1.0,0.0,0.0,0.0,0.0,0.0,0.0,0.0,0.0,0.0,0.0,0.0,1.0,0.0,0.0,1.0,0.0,0.0,0.0,0.0,0.0,1.0,1.0,0.0,0.0,0.0,1.0,0.0,0.0,0.0,0.0,0.0,1.0,0.0,1.0,0.0,1.0,1.0,1.0,0.0,0.0,0.0,0.0,0.0,0.0,0.0,0.0,0.0,0.0,0.0,0.0,0.0,0.0,0.0,0.0,0.0,1.0,1.0,0.0,1.0,0.0,1.0,0.0,1.0,0.0,0.0,0.0,0.0,0.0,0.88,0.92,0.92,0.8,1.0,0.88,0.84,0.84,0.76,0.88,0.8,0.76,0.76,0.6799999999999999,0.8,0.76,0.72,0.72,0.64,0.76,0.6799999999999999,0.6799999999999999,0.6799999999999999,0.6,0.72,0.64,0.64,0.64,0.6,0.6799999999999999,0.6,0.6,0.6,0.56,0.64,0.6,0.88,0.92,0.92,0.8,1.0,0.88,0.84,0.84,0.76,0.88,0.8,0.76,0.76,0.6799999999999999,0.8,0.76,0.72,0.72,0.64,0.76,0.6799999999999999,0.6799999999999999,0.6799999999999999,0.6,0.72,0.64,0.64,0.64,0.6,0.6799999999999999,0.6,0.6,0.6,0.56,0.64,0.6
280,1.0,0.0,1.0,1.0,0.0,0.0,0.0,1.0,1.0,0.0,0.0,1.0,1.0,0.0,0.0,0.0,0.0,1.0,0.0,0.0,0.0,0.0,0.0,0.0,0.0,0.0,0.0,0.0,0.0,1.0,0.0,0.0,1.0,0.0,0.0,0.0,0.0,0.0,1.0,0.0,0.0,1.0,0.0,0.0,0.0,0.0,0.0,0.0,0.0,1.0,0.0,0.0,0.0,1.0,0.0,0.0,1.0,0.0,0.0,0.0,0.0,1.0,1.0,0.0,0.0,0.0,0.0,0.0,0.0,0.0,0.0,1.0,0.0,1.0,0.0,1.0,0.0,1.0,0.0,0.0,0.0,0.0,0.0,0.0,0.0,1.0,1.0,0.0,0.0,1.0,0.0,0.0,0.0,0.0,0.0,0.0,0.0,0.0,0.0,0.0,1.0,0.0,0.0,1.0,0.36,0.4,0.36,0.4,0.36,0.4,0.4,0.36,0.36,0.36,0.4,0.4,0.36,0.36,0.31999999999999995,0.48,0.4,0.31999999999999995,0.36,0.31999999999999995,0.48,0.43999999999999995,0.31999999999999995,0.31999999999999995,0.31999999999999995,0.48,0.6799999999999999,0.31999999999999995,0.31999999999999995,0.31999999999999995,0.76,0.88,0.31999999999999995,0.31999999999999995,0.28,1.0,0.36,0.4,0.36,0.4,0.36,0.4,0.4,0.36,0.36,0.36,0.4,0.4,0.36,0.36,0.31999999999999995,0.48,0.4,0.31999999999999995,0.36,0.31999999999999995,0.48,0.43999999999999995,0.31999999999999995,0.31999999999999995,0.31999999999999995,0.48,0.6799999999999999,0.31999999999999995,0.31999999999999995,0.31999999999999995,0.76,0.88,0.31999999999999995,0.31999999999999995,0.28,1.0
281,1.0,0.0,0.0,0.0,0.0,0.0,0.0,1.0,0.0,1.0,0.0,0.0,1.0,0.0,0.0,0.0,0.0,0.0,0.0,0.0,1.0,1.0,0.0,1.0,0.0,0.0,0.0,0.0,1.0,1.0,0.0,0.0,0.0,0.0,0.0,0.0,1.0,0.0,1.0,0.0,1.0,0.0,0.0,0.0,0.0,0.0,0.0,0.0,0.0,0.0,0.0,1.0,0.0,1.0,0.0,0.0,0.0,0.0,0.0,0.0,1.0,0.0,0.0,0.0,0.0,0.0,0.0,0.0,0.0,0.0,0.0,1.0,0.0,0.0,0.0,0.0,0.0,1.0,0.0,1.0,0.0,0.0,1.0,0.0,1.0,0.0,1.0,0.0,0.0,0.0,0.0,1.0,0.0,0.0,0.0,0.0,1.0,1.0,0.0,1.0,0.0,0.0,1.0,0.0,0.56,0.64,0.64,0.72,0.6799999999999999,0.6799999999999999,0.64,0.56,0.72,0.6799999999999999,0.6799999999999999,0.6,0.52,0.72,0.6799999999999999,0.92,0.52,0.52,1.0,0.96,0.56,0.52,0.48,0.76,0.56,0.52,0.48,0.48,0.52,0.52,0.52,0.48,0.48,0.52,0.52,0.48,0.56,0.64,0.64,0.72,0.6799999999999999,0.6799999999999999,0.64,0.56,0.72,0.6799999999999999,0.6799999999999999,0.6,0.52,0.72,0.6799999999999999,0.92,0.52,0.52,1.0,0.96,0.56,0.52,0.48,0.76,0.56,0.52,0.48,0.48,0.52,0.52,0.52,0.48,0.48,0.52,0.52,0.48
282,0.0,0.0,1.0,1.0,0.0,1.0,0.0,0.0,1.0,1.0,0.0,0.0,1.0,0.0,0.0,0.0,1.0,0.0,0.0,0.0,0.0,0.0,0.0,0.0,0.0,0.0,0.0,0.0,0.0,1.0,0.0,1.0,0.0,0.0,0.0,0.0,0.0,0.0,1.0,0.0,0.0,0.0,0.0,1.0,0.0,0.0,0.0,0.0,1.0,1.0,0.0,0.0,1.0,0.0,0.0,0.0,0.0,0.0,0.0,1.0,0.0,0.0,0.0,0.0,0.0,1.0,0.0,1.0,0.0,0.0,0.0,0.0,0.0,0.0,1.0,0.0,1.0,0.0,1.0,0.0,0.0,0.0,0.0,0.0,0.0,1.0,1.0,0.0,0.0,0.0,0.0,0.0,0.0,1.0,0.0,0.0,1.0,0.0,0.0,1.0,0.0,0.0,1.0,0.0,0.88,0.92,0.76,0.8,1.0,0.88,0.88,0.72,0.76,0.84,0.8,0.8,0.6799999999999999,0.72,0.76,0.76,0.76,0.64,0.6799999999999999,0.72,0.72,0.72,0.6,0.64,0.6799999999999999,0.6799999999999999,0.6799999999999999,0.56,0.6,0.64,0.64,0.64,0.56,0.56,0.6,0.6,0.88,0.92,0.76,0.8,1.0,0.88,0.88,0.72,0.76,0.84,0.8,0.8,0.6799999999999999,0.72,0.76,0.76,0.76,0.64,0.6799999999999999,0.72,0.72,0.72,0.6,0.64,0.6799999999999999,0.6799999999999999,0.6799999999999999,0.56,0.6,0.64,0.64,0.64,0.56,0.56,0.6,0.6
283,1.0,0.0,1.0,1.0,0.0,0.0,0.0,1.0,1.0,0.0,1.0,1.0,0.0,1.0,0.0,0.0,0.0,0.0,0.0,0.0,0.0,0.0,0.0,0.0,0.0,0.0,0.0,0.0,0.0,0.0,0.0,0.0,1.0,0.0,0.0,0.0,0.0,0.0,0.0,0.0,0.0,0.0,0.0,0.0,1.0,1.0,0.0,0.0,0.0,1.0,1.0,0.0,0.0,1.0,0.0,0.0,0.0,1.0,0.0,0.0,0.0,0.0,0.0,0.0,0.0,0.0,0.0,1.0,0.0,0.0,1.0,0.0,0.0,1.0,0.0,1.0,0.0,0.0,0.0,1.0,1.0,1.0,0.0,1.0,0.0,0.0,0.0,0.0,0.0,0.0,1.0,1.0,0.0,0.0,0.0,0.0,0.0,0.0,0.0,1.0,0.0,0.0,0.0,0.0,0.84,1.0,0.64,0.6799999999999999,0.72,0.6799999999999999,1.0,0.6,0.64,0.6799999999999999,0.64,0.92,0.56,0.6,0.64,0.6,0.8,0.56,0.56,0.6,0.6,0.76,0.52,0.56,0.56,0.56,0.6799999999999999,0.52,0.52,0.52,0.52,0.64,0.48,0.52,0.52,0.52,0.84,1.0,0.64,0.6799999999999999,0.72,0.6799999999999999,1.0,0.6,0.64,0.6799999999999999,0.64,0.92,0.56,0.6,0.64,0.6,0.8,0.56,0.56,0.6,0.6,0.76,0.52,0.56,0.56,0.56,0.6799999999999999,0.52,0.52,0.52,0.52,0.64,0.48,0.52,0.52,0.52
284,0.0,0.0,0.0,0.0,0.0,0.0,1.0,1.0,1.0,0.0,1.0,1.0,0.0,0.0,0.0,0.0,0.0,0.0,0.0,0.0,0.0,0.0,0.0,0.0,0.0,0.0,1.0,1.0,0.0,1.0,0.0,0.0,0.0,0.0,0.0,0.0,1.0,1.0,0.0,0.0,0.0,0.0,1.0,0.0,0.0,1.0,0.0,0.0,0.0,0.0,0.0,1.0,0.0,0.0,1.0,0.0,0.0,1.0,0.0,0.0,0.0,0.0,0.0,0.0,1.0,0.0,0.0,0.0,1.0,0.0,0.0,1.0,0.0,1.0,1.0,0.0,1.0,0.0,0.0,0.0,0.0,0.0,0.0,0.0,0.0,0.0,0.0,1.0,0.0,0.0,1.0,0.0,1.0,0.0,0.0,0.0,1.0,0.0,0.0,0.0,0.0,0.0,1.0,0.0,0.4,0.43999999999999995,0.43999999999999995,0.48,0.43999999999999995,0.48,0.43999999999999995,0.43999999999999995,0.48,0.43999999999999995,0.48,0.43999999999999995,0.43999999999999995,0.48,0.43999999999999995,0.56,0.43999999999999995,0.4,0.56,0.48,0.56,0.52,0.4,0.56,0.4,0.56,1.0,0.4,0.64,0.4,0.52,0.88,0.36,0.48,0.36,0.4,0.4,0.43999999999999995,0.43999999999999995,0.48,0.43999999999999995,0.48,0.43999999999999995,0.43999999999999995,0.48,0.43999999999999995,0.48,0.43999999999999995,0.43999999999999995,0.48,0.43999999999999995,0.56,0.43999999999999995,0.4,0.56,0.48,0.56,0.52,0.4,0.56,0.4,0.56,1.0,0.4,0.64,0.4,0.52,0.88,0.36,0.48,0.36,0.4
285,1.0,1.0,0.0,0.0,0.0,0.0,1.0,0.0,1.0,0.0,0.0,0.0,0.0,0.0,0.0,0.0,0.0,0.0,0.0,0.0,0.0,0.0,0.0,0.0,1.0,0.0,0.0,0.0,1.0,1.0,0.0,0.0,1.0,0.0,0.0,1.0,0.0,0.0,0.0,0.0,0.0,1.0,0.0,1.0,1.0,0.0,0.0,0.0,0.0,0.0,1.0,0.0,0.0,0.0,0.0,0.0,0.0,0.0,0.0,0.0,0.0,0.0,0.0,0.0,0.0,1.0,1.0,1.0,0.0,0.0,1.0,1.0,0.0,1.0,0.0,0.0,0.0,1.0,0.0,1.0,0.0,0.0,0.0,1.0,0.0,0.0,0.0,0.0,0.0,0.0,1.0,1.0,1.0,0.0,0.0,0.0,0.0,0.0,1.0,0.0,0.0,0.0,0.0,0.0,0.88,0.6799999999999999,1.0,0.8,0.8,0.6799999999999999,0.64,0.92,0.76,0.76,0.64,0.6,0.8,0.72,0.72,0.6,0.56,0.76,0.6799999999999999,0.6799999999999999,0.6,0.52,0.72,0.64,0.64,0.56,0.52,0.6799999999999999,0.6,0.6,0.52,0.48,0.64,0.56,0.56,0.52,0.88,0.6799999999999999,1.0,0.8,0.8,0.6799999999999999,0.64,0.92,0.76,0.76,0.64,0.6,0.8,0.72,0.72,0.6,0.56,0.76,0.6799999999999999,0.6799999999999999,0.6,0.52,0.72,0.64,0.64,0.56,0.52,0.6799999999999999,0.6,0.6,0.52,0.48,0.64,0.56,0.56,0.52
286,0.0,1.0,0.0,0.0,0.0,0.0,0.0,0.0,0.0,1.0,0.0,0.0,1.0,0.0,0.0,0.0,0.0,0.0,0.0,1.0,0.0,0.0,0.0,0.0,1.0,1.0,0.0,1.0,1.0,0.0,0.0,1.0,0.0,1.0,0.0,0.0,1.0,0.0,0.0,0.0,1.0,0.0,0.0,1.0,0.0,0.0,0.0,0.0,0.0,0.0,0.0,0.0,0.0,0.0,0.0,1.0,0.0,0.0,0.0,0.0,1.0,0.0,0.0,0.0,0.0,0.0,0.0,0.0,0.0,0.0,0.0,0.0,0.0,1.0,1.0,1.0,0.0,0.0,0.0,0.0,0.0,1.0,1.0,0.0,0.0,0.0,1.0,0.0,0.0,0.0,0.0,0.0,0.0,1.0,0.0,0.0,1.0,0.0,0.0,1.0,0.0,0.0,1.0,1.0,0.8,0.84,0.88,1.0,0.92,0.96,0.76,0.84,1.0,0.92,0.96,0.72,0.76,1.0,0.8,0.96,0.6799999999999999,0.6799999999999999,0.84,0.72,0.72,0.64,0.64,0.72,0.6799999999999999,0.6799999999999999,0.6,0.6,0.6799999999999999,0.64,0.64,0.56,0.6,0.64,0.6,0.6,0.8,0.84,0.88,1.0,0.92,0.96,0.76,0.84,1.0,0.92,0.96,0.72,0.76,1.0,0.8,0.96,0.6799999999999999,0.6799999999999999,0.84,0.72,0.72,0.64,0.64,0.72,0.6799999999999999,0.6799999999999999,0.6,0.6,0.6799999999999999,0.64,0.64,0.56,0.6,0.64,0.6,0.6
287,0.0,0.0,0.0,0.0,0.0,0.0,1.0,0.0,0.0,1.0,0.0,0.0,1.0,1.0,0.0,1.0,0.0,0.0,0.0,1.0,0.0,0.0,0.0,0.0,0.0,0.0,0.0,0.0,0.0,1.0,0.0,1.0,0.0,0.0,1.0,0.0,0.0,1.0,0.0,0.0,0.0,0.0,1.0,1.0,0.0,0.0,0.0,0.0,0.0,0.0,1.0,0.0,0.0,1.0,1.0,0.0,0.0,0.0,0.0,0.0,1.0,0.0,1.0,0.0,0.0,0.0,0.0,0.0,1.0,1.0,0.0,0.0,1.0,0.0,0.0,0.0,0.0,1.0,0.0,1.0,1.0,0.0,0.0,0.0,0.0,0.0,0.0,1.0,0.0,0.0,0.0,0.0,0.0,0.0,0.0,0.0,0.0,1.0,0.0,0.0,1.0,0.0,0.0,0.0,1.0,0.92,0.92,0.92,0.8,0.88,0.84,0.84,0.84,0.76,0.84,0.8,0.8,0.8,0.72,0.76,0.76,0.76,0.76,0.6799999999999999,0.72,0.72,0.72,0.72,0.64,0.6799999999999999,0.6799999999999999,0.6799999999999999,0.6799999999999999,0.6,0.64,0.64,0.64,0.64,0.56,0.6,1.0,0.92,0.92,0.92,0.8,0.88,0.84,0.84,0.84,0.76,0.84,0.8,0.8,0.8,0.72,0.76,0.76,0.76,0.76,0.6799999999999999,0.72,0.72,0.72,0.72,0.64,0.6799999999999999,0.6799999999999999,0.6799999999999999,0.6799999999999999,0.6,0.64,0.64,0.64,0.64,0.56,0.6
288,0.0,1.0,0.0,0.0,0.0,1.0,0.0,0.0,0.0,0.0,0.0,0.0,0.0,0.0,1.0,1.0,0.0,0.0,0.0,0.0,1.0,0.0,1.0,1.0,0.0,0.0,0.0,0.0,0.0,0.0,0.0,0.0,0.0,0.0,0.0,0.0,0.0,1.0,0.0,0.0,0.0,0.0,1.0,0.0,0.0,1.0,0.0,1.0,0.0,1.0,1.0,0.0,0.0,0.0,0.0,0.0,0.0,0.0,1.0,1.0,1.0,0.0,0.0,0.0,1.0,0.0,0.0,0.0,1.0,0.0,0.0,0.0,0.0,0.0,0.0,0.0,1.0,0.0,1.0,0.0,0.0,0.0,0.0,0.0,1.0,0.0,1.0,0.0,0.0,0.0,1.0,1.0,1.0,1.0,0.0,0.0,0.0,0.0,0.0,0.0,0.0,0.0,0.0,0.0,0.64,0.72,0.76,0.64,0.8,0.76,0.6,0.76,0.56,0.8,0.76,0.56,0.76,0.56,0.8,0.6799999999999999,0.56,0.6799999999999999,0.52,1.0,0.6,0.52,0.6,0.52,0.6,0.56,0.52,0.56,0.48,0.56,0.52,0.48,0.52,0.48,0.56,0.52,0.64,0.72,0.76,0.64,0.8,0.76,0.6,0.76,0.56,0.8,0.76,0.56,0.76,0.56,0.8,0.6799999999999999,0.56,0.6799999999999999,0.52,1.0,0.6,0.52,0.6,0.52,0.6,0.56,0.52,0.56,0.48,0.56,0.52,0.48,0.52,0.48,0.56,0.52
289,0.0,0.0,0.0,0.0,0.0,0.0,0.0,0.0,0.0,0.0,1.0,0.0,1.0,0.0,0.0,0.0,0.0,0.0,0.0,0.0,0.0,1.0,0.0,0.0,1.0,0.0,0.0,0.0,0.0,1.0,0.0,0.0,0.0,1.0,1.0,1.0,0.0,0.0,0.0,1.0,0.0,0.0,1.0,0.0,0.0,0.0,0.0,1.0,0.0,0.0,1.0,1.0,0.0,0.0,1.0,1.0,0.0,0.0,1.0,0.0,0.0,0.0,0.0,0.0,0.0,1.0,1.0,0.0,0.0,0.0,0.0,0.0,0.0,0.0,1.0,0.0,0.0,1.0,0.0,0.0,0.0,0.0,1.0,1.0,1.0,0.0,0.0,0.0,1.0,0.0,0.0,0.0,0.0,1.0,0.0,0.0,0.0,0.0,1.0,0.0,0.0,0.0,0.0,0.0,0.64,0.6799999999999999,0.72,0.8,0.76,0.76,0.6,0.6799999999999999,0.8,0.76,0.72,0.56,0.64,0.8,0.6799999999999999,0.76,0.52,0.6,1.0,0.6799999999999999,0.64,0.52,0.56,0.6799999999999999,0.56,0.6,0.48,0.52,0.56,0.52,0.52,0.48,0.52,0.56,0.52,0.52,0.64,0.6799999999999999,0.72,0.8,0.76,0.76,0.6,0.6799999999999999,0.8,0.76,0.72,0.56,0.64,0.8,0.6799999999999999,0.76,0.52,0.6,1.0,0.6799999999999999,0.64,0.52,0.56,0.6799999999999999,0.56,0.6,0.48,0.52,0.56,0.52,0.52,0.48,0.52,0.56,0.52,0.52
290,0.0,0.0,0.0,0.0,0.0,0.0,0.0,0.0,0.0,0.0,1.0,0.0,0.0,0.0,1.0,0.0,0.0,0.0,0.0,0.0,0.0,0.0,1.0,0.0,1.0,0.0,0.0,1.0,0.0,0.0,0.0,0.0,0.0,0.0,0.0,1.0,0.0,1.0,0.0,0.0,0.0,1.0,0.0,1.0,0.0,0.0,1.0,1.0,0.0,1.0,1.0,0.0,0.0,1.0,0.0,1.0,0.0,1.0,0.0,0.0,1.0,0.0,0.0,1.0,0.0,1.0,0.0,1.0,0.0,1.0,0.0,0.0,1.0,0.0,0.0,0.0,0.0,0.0,0.0,0.0,0.0,1.0,0.0,0.0,0.0,0.0,0.0,0.0,0.0,0.0,0.0,0.0,1.0,0.0,0.0,0.0,1.0,0.0,0.0,0.0,0.0,0.0,0.0,1.0,0.8,0.84,0.92,0.72,1.0,0.96,0.76,0.92,0.6799999999999999,1.0,0.92,0.72,0.76,0.64,1.0,0.84,0.6799999999999999,0.72,0.6,0.76,0.72,0.64,0.6799999999999999,0.56,0.72,0.6799999999999999,0.6,0.64,0.52,0.6799999999999999,0.64,0.56,0.6,0.52,0.64,0.6,0.8,0.84,0.92,0.72,1.0,0.96,0.76,0.92,0.6799999999999999,1.0,0.92,0.72,0.76,0.64,1.0,0.84,0.6799999999999999,0.72,0.6,0.76,0.72,0.64,0.6799999999999999,0.56,0.72,0.6799999999999999,0.6,0.64,0.52,0.6799999999999999,0.64,0.56,0.6,0.52,0.64,0.6
291,0.0,0.0,0.0,0.0,1.0,0.0,0.0,1.0,0.0,0.0,0.0,1.0,1.0,0.0,0.0,0.0,0.0,1.0,0.0,1.0,1.0,0.0,0.0,0.0,0.0,1.0,0.0,0.0,0.0,0.0,1.0,0.0,1.0,0.0,1.0,0.0,0.0,0.0,0.0,0.0,0.0,0.0,0.0,0.0,0.0,0.0,1.0,1.0,0.0,0.0,0.0,0.0,0.0,1.0,0.0,0.0,0.0,0.0,0.0,0.0,0.0,0.0,0.0,0.0,0.0,0.0,0.0,1.0,1.0,0.0,0.0,0.0,0.0,0.0,1.0,1.0,0.0,0.0,0.0,0.0,0.0,1.0,0.0,0.0,0.0,1.0,0.0,0.0,1.0,1.0,0.0,0.0,1.0,0.0,1.0,1.0,0.0,0.0,0.0,0.0,0.0,0.0,0.0,1.0,0.84,0.84,0.96,1.0,0.92,0.96,0.76,0.96,1.0,0.84,0.88,0.72,0.96,0.88,0.76,0.96,0.6799999999999999,0.92,0.76,0.72,0.8,0.64,0.76,0.72,0.6799999999999999,0.6799999999999999,0.6,0.72,0.6799999999999999,0.64,0.64,0.56,0.6799999999999999,0.64,0.6,0.6,0.84,0.84,0.96,1.0,0.92,0.96,0.76,0.96,1.0,0.84,0.88,0.72,0.96,0.88,0.76,0.96,0.6799999999999999,0.92,0.76,0.72,0.8,0.64,0.76,0.72,0.6799999999999999,0.6799999999999999,0.6,0.72,0.6799999999999999,0.64,0.64,0.56,0.6799999999999999,0.64,0.6,0.6
292,1.0,0.0,0.0,0.0,0.0,1.0,1.0,0.0,1.0,0.0,0.0,0.0,0.0,0.0,0.0,0.0,0.0,0.0,0.0,0.0,0.0,0.0,0.0,0.0,0.0,0.0,1.0,0.0,0.0,0.0,1.0,1.0,0.0,0.0,0.0,0.0,0.0,1.0,1.0,1.0,0.0,0.0,0.0,0.0,1.0,0.0,1.0,0.0,1.0,0.0,0.0,0.0,0.0,0.0,1.0,0.0,0.0,0.0,0.0,1.0,0.0,1.0,1.0,1.0,0.0,0.0,0.0,0.0,0.0,0.0,0.0,0.0,1.0,1.0,0.0,0.0,0.0,1.0,0.0,1.0,0.0,0.0,0.0,0.0,0.0,1.0,1.0,0.0,0.0,0.0,0.0,0.0,0.0,1.0,0.0,0.0,0.0,0.0,0.0,0.0,0.0,0.0,0.0,1.0,0.76,0.88,0.6,0.88,0.76,0.76,0.88,0.6,0.88,0.6799999999999999,0.72,0.88,0.56,0.84,0.64,0.64,0.88,0.52,0.84,0.6,0.6,1.0,0.52,0.6799999999999999,0.56,0.6,0.6799999999999999,0.48,0.64,0.56,0.56,0.64,0.48,0.6,0.52,0.52,0.76,0.88,0.6,0.88,0.76,0.76,0.88,0.6,0.88,0.6799999999999999,0.72,0.88,0.56,0.84,0.64,0.64,0.88,0.52,0.84,0.6,0.6,1.0,0.52,0.6799999999999999,0.56,0.6,0.6799999999999999,0.48,0.64,0.56,0.56,0.64,0.48,0.6,0.52,0.52
293,0.0,1.0,0.0,0.0,0.0,0.0,0.0,0.0,0.0,1.0,1.0,0.0,1.0,1.0,0.0,0.0,0.0,0.0,1.0,1.0,0.0,0.0,0.0,0.0,0.0,0.0,1.0,1.0,0.0,0.0,0.0,0.0,1.0,0.0,0.0,0.0,0.0,0.0,1.0,0.0,0.0,0.0,1.0,0.0,0.0,1.0,0.0,0.0,0.0,0.0,0.0,0.0,1.0,0.0,1.0,0.0,1.0,0.0,0.0,0.0,1.0,0.0,0.0,0.0,0.0,0.0,0.0,1.0,0.0,0.0,0.0,0.0,0.0,0.0,0.0,1.0,0.0,1.0,0.0,0.0,0.0,0.0,0.0,1.0,0.0,1.0,1.0,0.0,1.0,0.0,0.0,0.0,0.0,0.0,0.0,0.0,1.0,0.0,0.0,0.0,0.0,1.0,0.0,0.0,0.84,0.96,0.76,1.0,0.72,0.8,0.88,0.72,0.88,0.6799999999999999,0.76,0.8,0.6799999999999999,0.8,0.64,0.6799999999999999,0.76,0.64,0.76,0.6,0.64,0.72,0.6,0.6799999999999999,0.56,0.6,0.6799999999999999,0.56,0.64,0.52,0.6,0.64,0.52,0.6,0.52,0.56,0.84,0.96,0.76,1.0,0.72,0.8,0.88,0.72,0.88,0.6799999999999999,0.76,0.8,0.6799999999999999,0.8,0.64,0.6799999999999999,0.76,0.64,0.76,0.6,0.64,0.72,0.6,0.6799999999999999,0.56,0.6,0.6799999999999999,0.56,0.64,0.52,0.6,0.64,0.52,0.6,0.52,0.56
294,1.0,0.0,0.0,0.0,0.0,1.0,0.0,1.0,0.0,0.0,0.0,0.0,0.0,1.0,1.0,0.0,0.0,1.0,0.0,0.0,0.0,0.0,0.0,1.0,1.0,0.0,0.0,0.0,0.0,1.0,1.0,0.0,1.0,0.0,0.0,0.0,1.0,0.0,0.0,0.0,0.0,0.0,0.0,1.0,0.0,0.0,0.0,0.0,0.0,0.0,0.0,0.0,0.0,1.0,0.0,1.0,1.0,0.0,0.0,0.0,1.0,0.0,0.0,0.0,0.0,0.0,0.0,0.0,1.0,0.0,0.0,1.0,0.0,0.0,0.0,0.0,0.0,0.0,1.0,0.0,0.0,0.0,0.0,1.0,0.0,1.0,1.0,0.0,0.0,0.0,0.0,1.0,0.0,0.0,0.0,0.0,1.0,0.0,0.0,0.0,0.0,1.0,0.0,0.0,1.0,0.64,0.76,0.76,0.64,0.64,0.6,0.72,0.72,0.6,0.6,0.6,0.6799999999999999,0.6799999999999999,0.56,0.56,0.56,0.64,0.64,0.56,0.56,0.52,0.6,0.6,0.52,0.52,0.52,0.56,0.56,0.52,0.52,0.48,0.52,0.56,0.48,0.48,1.0,0.64,0.76,0.76,0.64,0.64,0.6,0.72,0.72,0.6,0.6,0.6,0.6799999999999999,0.6799999999999999,0.56,0.56,0.56,0.64,0.64,0.56,0.56,0.52,0.6,0.6,0.52,0.52,0.52,0.56,0.56,0.52,0.52,0.48,0.52,0.56,0.48,0.48
295,1.0,0.0,0.0,0.0,1.0,1.0,0.0,0.0,0.0,0.0,0.0,0.0,1.0,0.0,1.0,0.0,1.0,1.0,0.0,0.0,0.0,0.0,0.0,0.0,0.0,0.0,0.0,1.0,0.0,0.0,0.0,1.0,0.0,0.0,0.0,0.0,0.0,1.0,1.0,0.0,0.0,0.0,1.0,0.0,0.0,0.0,0.0,0.0,0.0,0.0,0.0,1.0,0.0,1.0,1.0,0.0,0.0,0.0,0.0,1.0,0.0,0.0,0.0,0.0,0.0,1.0,0.0,0.0,0.0,0.0,0.0,1.0,1.0,1.0,0.0,0.0,1.0,0.0,0.0,0.0,0.0,0.0,0.0,0.0,0.0,0.0,0.0,0.0,1.0,0.0,0.0,0.0,1.0,0.0,0.0,0.0,1.0,1.0,0.0,1.0,0.0,0.0,0.0,0.0,0.88,0.88,1.0,0.8,0.84,0.8,0.8,0.92,0.76,0.76,0.76,0.76,0.84,0.72,0.72,0.72,0.72,0.76,0.6799999999999999,0.6799999999999999,0.6799999999999999,0.6799999999999999,0.72,0.64,0.64,0.64,0.64,0.6799999999999999,0.6,0.6,0.6,0.6,0.64,0.56,0.56,0.56,0.88,0.88,1.0,0.8,0.84,0.8,0.8,0.92,0.76,0.76,0.76,0.76,0.84,0.72,0.72,0.72,0.72,0.76,0.6799999999999999,0.6799999999999999,0.6799999999999999,0.6799999999999999,0.72,0.64,0.64,0.64,0.64,0.6799999999999999,0.6,0.6,0.6,0.6,0.64,0.56,0.56,0.56
296,1.0,0.0,0.0,0.0,1.0,0.0,0.0,0.0,0.0,0.0,0.0,0.0,1.0,0.0,0.0,0.0,1.0,0.0,0.0,0.0,0.0,0.0,0.0,0.0,1.0,0.0,0.0,0.0,0.0,0.0,0.0,0.0,1.0,0.0,0.0,0.0,1.0,0.0,0.0,0.0,1.0,0.0,0.0,0.0,0.0,1.0,1.0,0.0,0.0,1.0,1.0,1.0,0.0,1.0,0.0,0.0,0.0,1.0,0.0,0.0,0.0,0.0,0.0,0.0,0.0,0.0,1.0,1.0,0.0,1.0,0.0,0.0,1.0,0.0,1.0,0.0,0.0,1.0,1.0,0.0,0.0,0.0,0.0,0.0,0.0,0.0,1.0,0.0,0.0,0.0,1.0,0.0,0.0,0.0,0.0,1.0,0.0,0.0,0.0,0.0,1.0,0.0,0.0,0.0,0.43999999999999995,0.43999999999999995,0.48,0.43999999999999995,0.48,0.48,0.4,0.48,0.4,0.48,0.48,0.4,0.48,0.4,0.48,0.6,0.4,0.48,0.4,0.6,0.6,0.36,0.48,0.4,0.6,0.6,0.36,0.64,0.36,0.84,0.6799999999999999,0.36,0.88,0.36,0.48,1.0,0.43999999999999995,0.43999999999999995,0.48,0.43999999999999995,0.48,0.48,0.4,0.48,0.4,0.48,0.48,0.4,0.48,0.4,0.48,0.6,0.4,0.48,0.4,0.6,0.6,0.36,0.48,0.4,0.6,0.6,0.36,0.64,0.36,0.84,0.6799999999999999,0.36,0.88,0.36,0.48,1.0
297,0.0,0.0,0.0,0.0,1.0,0.0,0.0,0.0,0.0,0.0,0.0,0.0,0.0,0.0,0.0,0.0,0.0,0.0,1.0,0.0,0.0,1.0,0.0,0.0,0.0,0.0,0.0,1.0,0.0,1.0,1.0,1.0,1.0,0.0,0.0,0.0,1.0,1.0,0.0,1.0,0.0,0.0,0.0,1.0,0.0,0.0,0.0,0.0,0.0,0.0,1.0,0.0,0.0,0.0,1.0,1.0,0.0,0.0,1.0,0.0,1.0,1.0,0.0,1.0,1.0,0.0,0.0,0.0,0.0,0.0,0.0,0.0,0.0,0.0,0.0,1.0,0.0,1.0,0.0,0.0,1.0,0.0,0.0,0.0,0.0,0.0,0.0,0.0,0.0,0.0,1.0,0.0,0.0,0.0,1.0,0.0,1.0,0.0,0.0,0.0,0.0,0.0,0.0,0.0,0.4,0.43999999999999995,0.4,0.43999999999999995,0.4,0.43999999999999995,0.43999999999999995,0.4,0.43999999999999995,0.4,0.43999999999999995,0.43999999999999995,0.36,0.43999999999999995,0.36,0.52,0.43999999999999995,0.36,0.52,0.36,0.52,0.52,0.36,0.52,0.36,0.52,0.43999999999999995,0.36,1.0,0.36,0.76,0.4,0.31999999999999995,0.4,0.31999999999999995,0.4,0.4,0.43999999999999995,0.4,0.43999999999999995,0.4,0.43999999999999995,0.43999999999999995,0.4,0.43999999999999995,0.4,0.43999999999999995,0.43999999999999995,0.36,0.43999999999999995,0.36,0.52,0.43999999999999995,0.36,0.52,0.36,0.52,0.52,0.36,0.52,0.36,0.52,0.43999999999999995,0.36,1.0,0.36,0.76,0.4,0.31999999999999995,0.4,0.31999999999999995,0.4
298,0.0,0.0,1.0,0.0,0.0,1.0,1.0,0.0,0.0,1.0,1.0,0.0,0.0,1.0,0.0,0.0,0.0,0.0,0.0,0.0,1.0,0.0,1.0,0.0,1.0,0.0,0.0,0.0,0.0,0.0,0.0,0.0,0.0,0.0,0.0,1.0,0.0,0.0,0.0,1.0,0.0,0.0,1.0,0.0,0.0,0.0,0.0,0.0,1.0,0.0,0.0,0.0,0.0,0.0,0.0,1.0,1.0,0.0,0.0,0.0,0.0,0.0,0.0,1.0,0.0,0.0,0.0,1.0,1.0,1.0,0.0,0.0,0.0,0.0,0.0,0.0,0.0,1.0,0.0,0.0,0.0,0.0,0.0,0.0,1.0,1.0,0.0,0.0,0.0,0.0,1.0,0.0,1.0,1.0,0.0,0.0,0.0,0.0,0.0,0.0,0.0,0.0,0.0,1.0,0.8,0.96,1.0,0.6799999999999999,0.8,0.96,0.96,1.0,0.64,0.72,0.92,0.96,1.0,0.6,0.6799999999999999,0.84,0.96,1.0,0.56,0.64,0.8,0.76,0.96,0.56,0.6,0.6799999999999999,0.72,0.76,0.52,0.56,0.64,0.6799999999999999,0.6799999999999999,0.52,0.52,0.6,0.8,0.96,1.0,0.6799999999999999,0.8,0.96,0.96,1.0,0.64,0.72,0.92,0.96,1.0,0.6,0.6799999999999999,0.84,0.96,1.0,0.56,0.64,0.8,0.76,0.96,0.56,0.6,0.6799999999999999,0.72,0.76,0.52,0.56,0.64,0.6799999999999999,0.6799999999999999,0.52,0.52,0.6
299,0.0,0.0,0.0,0.0,1.0,1.0,0.0,0.0,0.0,0.0,1.0,0.0,0.0,0.0,0.0,1.0,0.0,0.0,1.0,0.0,0.0,0.0,0.0,1.0,1.0,1.0,0.0,0.0,0.0,1.0,0.0,0.0,1.0,0.0,0.0,0.0,0.0,1.0,1.0,0.0,0.0,0.0,0.0,1.0,0.0,0.0,0.0,0.0,0.0,0.0,0.0,0.0,1.0,1.0,1.0,0.0,0.0,0.0,1.0,0.0,0.0,0.0,0.0,0.0,0.0,1.0,0.0,0.0,1.0,1.0,0.0,0.0,0.0,0.0,0.0,0.0,0.0,0.0,1.0,1.0,1.0,0.0,0.0,0.0,0.0,0.0,1.0,0.0,1.0,0.0,0.0,0.0,0.0,1.0,0.0,0.0,0.0,0.0,0.0,0.0,0.0,0.0,0.0,0.0,0.84,0.76,0.88,1.0,0.6,0.6799999999999999,0.6799999999999999,0.84,0.96,0.56,0.64,0.64,0.8,0.88,0.56,0.6,0.6,0.72,0.76,0.52,0.56,0.6,0.6799999999999999,0.72,0.52,0.56,0.56,0.64,0.6799999999999999,0.48,0.52,0.52,0.6,0.64,0.48,0.52,0.84,0.76,0.88,1.0,0.6,0.6799999999999999,0.6799999999999999,0.84,0.96,0.56,0.64,0.64,0.8,0.88,0.56,0.6,0.6,0.72,0.76,0.52,0.56,0.6,0.6799999999999999,0.72,0.52,0.56,0.56,0.64,0.6799999999999999,0.48,0.52,0.52,0.6,0.64,0.48,0.52
300,0.0,0.0,0.0,1.0,0.0,0.0,0.0,1.0,1.0,0.0,0.0,0.0,0.0,0.0,0.0,0.0,0.0,0.0,1.0,1.0,1.0,1.0,0.0,1.0,0.0,0.0,1.0,0.0,0.0,0.0,0.0,0.0,0.0,0.0,0.0,0.0,0.0,0.0,0.0,0.0,0.0,0.0,1.0,0.0,0.0,0.0,1.0,1.0,1.0,0.0,0.0,0.0,0.0,1.0,1.0,0.0,0.0,1.0,0.0,0.0,0.0,0.0,1.0,1.0,1.0,0.0,0.0,0.0,0.0,0.0,0.0,0.0,0.0,0.0,0.0,0.0,0.0,1.0,0.0,0.0,1.0,1.0,1.0,0.0,0.0,0.0,0.0,1.0,0.0,0.0,0.0,0.0,0.0,0.0,0.0,0.0,0.0,1.0,0.0,0.0,0.0,0.0,1.0,0.0,0.84,1.0,0.88,0.76,0.76,0.96,1.0,0.76,0.72,0.72,0.84,1.0,0.72,0.6799999999999999,0.6799999999999999,0.76,0.8,0.6799999999999999,0.64,0.64,0.72,0.76,0.64,0.6,0.6,0.6799999999999999,0.72,0.6,0.56,0.56,0.64,0.6799999999999999,0.56,0.52,0.56,0.6,0.84,1.0,0.88,0.76,0.76,0.96,1.0,0.76,0.72,0.72,0.84,1.0,0.72,0.6799999999999999,0.6799999999999999,0.76,0.8,0.6799999999999999,0.64,0.64,0.72,0.76,0.64,0.6,0.6,0.6799999999999999,0.72,0.6,0.56,0.56,0.64,0.6799999999999999,0.56,0.52,0.56,0.6
301,0.0,0.0,0.0,0.0,1.0,0.0,0.0,1.0,0.0,1.0,0.0,0.0,1.0,0.0,0.0,1.0,0.0,0.0,0.0,0.0,1.0,0.0,0.0,0.0,0.0,1.0,0.0,0.0,0.0,0.0,0.0,0.0,0.0,1.0,1.0,0.0,1.0,1.0,0.0,0.0,0.0,0.0,0.0,1.0,0.0,0.0,0.0,0.0,1.0,0.0,0.0,0.0,0.0,0.0,1.0,1.0,0.0,1.0,0.0,0.0,1.0,0.0,1.0,0.0,0.0,1.0,1.0,0.0,0.0,0.0,0.0,0.0,0.0,0.0,0.0,1.0,0.0,0.0,1.0,0.0,0.0,0.0,0.0,1.0,1.0,0.0,0.0,0.0,0.0,0.0,0.0,0.0,0.0,0.0,1.0,0.0,0.0,1.0,0.0,0.0,0.0,0.0,0.0,0.0,0.88,1.0,0.76,0.88,0.72,0.76,0.92,0.72,0.84,0.6799999999999999,0.72,0.84,0.6799999999999999,0.8,0.64,0.6799999999999999,0.76,0.64,0.72,0.6,0.64,0.72,0.6,0.6799999999999999,0.56,0.6,0.6799999999999999,0.56,0.64,0.52,0.56,0.64,0.56,0.6,0.52,0.52,0.88,1.0,0.76,0.88,0.72,0.76,0.92,0.72,0.84,0.6799999999999999,0.72,0.84,0.6799999999999999,0.8,0.64,0.6799999999999999,0.76,0.64,0.72,0.6,0.64,0.72,0.6,0.6799999999999999,0.56,0.6,0.6799999999999999,0.56,0.64,0.52,0.56,0.64,0.56,0.6,0.52,0.52
302,0.0,0.0,0.0,0.0,0.0,0.0,0.0,1.0,0.0,1.0,0.0,1.0,0.0,0.0,0.0,0.0,0.0,0.0,0.0,1.0,1.0,0.0,0.0,1.0,0.0,0.0,1.0,0.0,0.0,0.0,0.0,0.0,1.0,0.0,0.0,0.0,0.0,0.0,0.0,0.0,0.0,0.0,1.0,0.0,1.0,0.0,0.0,1.0,1.0,0.0,0.0,1.0,0.0,1.0,0.0,0.0,1.0,0.0,0.0,0.0,1.0,0.0,0.0,0.0,0.0,0.0,0.0,0.0,1.0,1.0,0.0,0.0,0.0,0.0,1.0,0.0,1.0,1.0,0.0,0.0,0.0,0.0,0.0,0.0,0.0,1.0,0.0,0.0,0.0,1.0,0.0,0.0,0.0,1.0,0.0,0.0,0.0,0.0,1.0,0.0,0.0,1.0,0.0,0.0,0.8,0.8,0.92,0.72,1.0,0.84,0.72,0.92,0.6799999999999999,1.0,0.84,0.6799999999999999,0.88,0.64,0.92,0.8,0.64,0.8,0.6,0.96,0.76,0.6,0.8,0.56,0.8,0.72,0.56,0.6799999999999999,0.52,0.6799999999999999,0.6,0.52,0.64,0.52,0.64,0.56,0.8,0.8,0.92,0.72,1.0,0.84,0.72,0.92,0.6799999999999999,1.0,0.84,0.6799999999999999,0.88,0.64,0.92,0.8,0.64,0.8,0.6,0.96,0.76,0.6,0.8,0.56,0.8,0.72,0.56,0.6799999999999999,0.52,0.6799999999999999,0.6,0.52,0.64,0.52,0.64,0.56
303,0.0,0.0,1.0,0.0,0.0,0.0,0.0,0.0,0.0,1.0,1.0,1.0,0.0,0.0,0.0,0.0,1.0,0.0,0.0,1.0,0.0,0.0,1.0,0.0,0.0,0.0,0.0,0.0,0.0,0.0,0.0,0.0,0.0,0.0,1.0,0.0,1.0,0.0,0.0,0.0,0.0,0.0,0.0,1.0,1.0,1.0,0.0,0.0,0.0,1.0,0.0,0.0,0.0,1.0,0.0,0.0,0.0,0.0,1.0,0.0,1.0,0.0,0.0,0.0,0.0,1.0,1.0,0.0,0.0,0.0,1.0,0.0,1.0,0.0,0.0,0.0,0.0,1.0,0.0,1.0,0.0,0.0,0.0,0.0,1.0,0.0,0.0,0.0,0.0,1.0,0.0,0.0,1.0,0.0,0.0,0.0,0.0,0.0,0.0,0.0,0.0,0.0,0.0,1.0,0.84,0.92,1.0,0.76,0.84,0.96,0.88,1.0,0.72,0.76,0.84,0.76,0.88,0.6799999999999999,0.72,0.76,0.72,0.76,0.64,0.6799999999999999,0.72,0.6799999999999999,0.72,0.6,0.64,0.6799999999999999,0.64,0.6799999999999999,0.56,0.6,0.64,0.6,0.64,0.56,0.56,0.6,0.84,0.92,1.0,0.76,0.84,0.96,0.88,1.0,0.72,0.76,0.84,0.76,0.88,0.6799999999999999,0.72,0.76,0.72,0.76,0.64,0.6799999999999999,0.72,0.6799999999999999,0.72,0.6,0.64,0.6799999999999999,0.64,0.6799999999999999,0.56,0.6,0.64,0.6,0.64,0.56,0.56,0.6
304,0.0,0.0,1.0,0.0,0.0,0.0,1.0,1.0,0.0,0.0,0.0,0.0,1.0,0.0,0.0,0.0,1.0,0.0,1.0,0.0,0.0,0.0,0.0,0.0,0.0,0.0,0.0,0.0,0.0,0.0,1.0,0.0,0.0,1.0,0.0,0.0,0.0,0.0,0.0,1.0,0.0,0.0,0.0,0.0,1.0,1.0,0.0,1.0,1.0,0.0,0.0,0.0,0.0,1.0,0.0,0.0,1.0,0.0,0.0,0.0,1.0,0.0,0.0,1.0,0.0,0.0,0.0,0.0,0.0,0.0,0.0,1.0,0.0,1.0,0.0,0.0,0.0,1.0,0.0,1.0,0.0,1.0,0.0,0.0,0.0,0.0,1.0,1.0,0.0,0.0,1.0,0.0,0.0,0.0,0.0,1.0,0.0,0.0,0.0,0.0,0.0,0.0,0.0,0.0,0.84,1.0,0.72,0.92,0.8,0.76,1.0,0.6799999999999999,0.84,0.76,0.6799999999999999,1.0,0.64,0.76,0.6799999999999999,0.64,0.8,0.6,0.72,0.64,0.6,0.76,0.56,0.6799999999999999,0.6,0.6,0.72,0.52,0.64,0.6,0.56,0.6799999999999999,0.52,0.6,0.56,0.52,0.84,1.0,0.72,0.92,0.8,0.76,1.0,0.6799999999999999,0.84,0.76,0.6799999999999999,1.0,0.64,0.76,0.6799999999999999,0.64,0.8,0.6,0.72,0.64,0.6,0.76,0.56,0.6799999999999999,0.6,0.6,0.72,0.52,0.64,0.6,0.56,0.6799999999999999,0.52,0.6,0.56,0.52
305,0.0,0.0,0.0,1.0,0.0,0.0,0.0,0.0,1.0,0.0,1.0,0.0,1.0,0.0,0.0,0.0,1.0,0.0,0.0,0.0,0.0,1.0,0.0,1.0,1.0,0.0,0.0,0.0,1.0,1.0,0.0,0.0,0.0,0.0,0.0,0.0,0.0,0.0,0.0,0.0,0.0,0.0,0.0,0.0,0.0,1.0,0.0,1.0,0.0,0.0,0.0,1.0,1.0,1.0,0.0,0.0,0.0,0.0,0.0,0.0,0.0,0.0,0.0,0.0,0.0,0.0,1.0,0.0,0.0,0.0,0.0,0.0,1.0,0.0,1.0,0.0,0.0,1.0,0.0,0.0,0.0,0.0,0.0,0.0,1.0,1.0,0.0,1.0,1.0,0.0,0.0,0.0,1.0,0.0,1.0,0.0,1.0,0.0,0.0,0.0,0.0,0.0,0.0,0.0,0.84,0.84,1.0,0.88,0.84,0.96,0.76,1.0,0.8,0.76,0.8,0.72,0.88,0.76,0.72,0.76,0.6799999999999999,0.76,0.6799999999999999,0.6799999999999999,0.72,0.64,0.72,0.64,0.64,0.6799999999999999,0.6,0.6799999999999999,0.6,0.6,0.64,0.56,0.64,0.6,0.56,0.6,0.84,0.84,1.0,0.88,0.84,0.96,0.76,1.0,0.8,0.76,0.8,0.72,0.88,0.76,0.72,0.76,0.6799999999999999,0.76,0.6799999999999999,0.6799999999999999,0.72,0.64,0.72,0.64,0.64,0.6799999999999999,0.6,0.6799999999999999,0.6,0.6,0.64,0.56,0.64,0.6,0.56,0.6
306,0.0,0.0,0.0,0.0,0.0,1.0,0.0,0.0,0.0,0.0,1.0,0.0,0.0,0.0,0.0,0.0,0.0,1.0,0.0,0.0,1.0,0.0,0.0,1.0,0.0,1.0,1.0,0.0,0.0,1.0,0.0,0.0,1.0,0.0,0.0,0.0,1.0,0.0,0.0,0.0,0.0,0.0,1.0,1.0,0.0,1.0,0.0,0.0,0.0,0.0,0.0,0.0,0.0,0.0,1.0,1.0,0.0,0.0,0.0,1.0,1.0,0.0,0.0,0.0,0.0,1.0,0.0,0.0,0.0,0.0,0.0,0.0,0.0,0.0,0.0,0.0,1.0,0.0,0.0,0.0,0.0,0.0,0.0,1.0,0.0,0.0,1.0,0.0,0.0,1.0,0.0,1.0,1.0,1.0,0.0,0.0,0.0,0.0,0.0,0.0,0.0,0.0,1.0,0.0,0.88,0.8,0.8,1.0,0.84,0.88,0.76,0.76,0.88,0.76,0.8,0.72,0.72,0.8,0.72,0.76,0.6799999999999999,0.6799999999999999,0.76,0.6799999999999999,0.72,0.64,0.64,0.72,0.64,0.6799999999999999,0.6,0.6,0.6799999999999999,0.6,0.64,0.56,0.56,0.64,0.56,0.6,0.88,0.8,0.8,1.0,0.84,0.88,0.76,0.76,0.88,0.76,0.8,0.72,0.72,0.8,0.72,0.76,0.6799999999999999,0.6799999999999999,0.76,0.6799999999999999,0.72,0.64,0.64,0.72,0.64,0.6799999999999999,0.6,0.6,0.6799999999999999,0.6,0.64,0.56,0.56,0.64,0.56,0.6
307,0.0,0.0,0.0,0.0,0.0,1.0,0.0,1.0,0.0,0.0,1.0,0.0,0.0,0.0,0.0,0.0,1.0,1.0,0.0,1.0,0.0,0.0,0.0,1.0,0.0,1.0,0.0,1.0,0.0,0.0,0.0,0.0,0.0,0.0,0.0,0.0,0.0,1.0,1.0,0.0,0.0,0.0,0.0,1.0,0.0,1.0,0.0,0.0,0.0,0.0,0.0,0.0,0.0,0.0,1.0,1.0,1.0,0.0,1.0,0.0,1.0,0.0,0.0,0.0,0.0,1.0,1.0,0.0,0.0,0.0,0.0,0.0,0.0,0.0,0.0,0.0,0.0,0.0,0.0,0.0,1.0,0.0,1.0,0.0,0.0,0.0,1.0,0.0,0.0,0.0,0.0,0.0,0.0,1.0,1.0,0.0,0.0,0.0,0.0,0.0,0.0,0.0,1.0,0.0,1.0,0.96,0.88,0.84,0.8,0.8,0.88,0.84,0.8,0.76,0.76,0.84,0.76,0.76,0.72,0.72,0.76,0.72,0.72,0.6799999999999999,0.6799999999999999,0.72,0.6799999999999999,0.6799999999999999,0.64,0.64,0.6799999999999999,0.64,0.64,0.6,0.6,0.64,0.6,0.6,0.56,0.56,1.0,0.96,0.88,0.84,0.8,0.8,0.88,0.84,0.8,0.76,0.76,0.84,0.76,0.76,0.72,0.72,0.76,0.72,0.72,0.6799999999999999,0.6799999999999999,0.72,0.6799999999999999,0.6799999999999999,0.64,0.64,0.6799999999999999,0.64,0.64,0.6,0.6,0.64,0.6,0.6,0.56,0.56
308,0.0,0.0,1.0,0.0,0.0,1.0,1.0,0.0,0.0,1.0,0.0,0.0,0.0,0.0,0.0,0.0,1.0,1.0,0.0,0.0,0.0,0.0,0.0,0.0,1.0,0.0,0.0,0.0,0.0,0.0,0.0,0.0,0.0,1.0,0.0,0.0,0.0,0.0,0.0,0.0,1.0,0.0,0.0,0.0,1.0,0.0,0.0,0.0,1.0,1.0,0.0,1.0,0.0,0.0,0.0,0.0,1.0,0.0,0.0,0.0,0.0,0.0,0.0,0.0,1.0,1.0,0.0,0.0,0.0,0.0,0.0,0.0,0.0,0.0,1.0,1.0,0.0,1.0,0.0,1.0,0.0,0.0,1.0,1.0,0.0,0.0,1.0,0.0,0.0,1.0,0.0,1.0,0.0,0.0,0.0,1.0,0.0,0.0,0.0,0.0,0.0,0.0,0.0,0.0,0.72,0.8,0.84,0.84,0.88,0.84,0.76,0.84,0.8,0.88,0.84,0.6799999999999999,0.84,0.76,0.88,0.96,0.64,0.76,0.64,1.0,0.76,0.6,0.6799999999999999,0.6,0.6799999999999999,0.64,0.56,0.64,0.56,0.64,0.6,0.52,0.6,0.56,0.6,0.56,0.72,0.8,0.84,0.84,0.88,0.84,0.76,0.84,0.8,0.88,0.84,0.6799999999999999,0.84,0.76,0.88,0.96,0.64,0.76,0.64,1.0,0.76,0.6,0.6799999999999999,0.6,0.6799999999999999,0.64,0.56,0.64,0.56,0.64,0.6,0.52,0.6,0.56,0.6,0.56
309,1.0,0.0,0.0,0.0,0.0,0.0,0.0,1.0,1.0,0.0,1.0,1.0,0.0,0.0,0.0,0.0,0.0,0.0,0.0,0.0,0.0,1.0,0.0,0.0,0.0,0.0,0.0,1.0,1.0,1.0,0.0,0.0,0.0,0.0,1.0,1.0,1.0,0.0,0.0,1.0,0.0,0.0,0.0,0.0,0.0,0.0,0.0,0.0,0.0,0.0,0.0,0.0,0.0,1.0,1.0,0.0,1.0,0.0,1.0,0.0,0.0,0.0,0.0,0.0,0.0,0.0,0.0,0.0,0.0,0.0,0.0,1.0,0.0,0.0,1.0,0.0,0.0,1.0,0.0,0.0,0.0,0.0,1.0,0.0,0.0,0.0,0.0,0.0,0.0,1.0,1.0,0.0,1.0,0.0,1.0,0.0,0.0,0.0,0.0,0.0,1.0,0.0,0.0,0.0,0.8,0.96,0.6,1.0,0.64,0.84,0.96,0.6,1.0,0.6,0.72,0.96,0.56,1.0,0.56,0.6799999999999999,0.96,0.52,0.96,0.52,0.64,0.92,0.52,0.8,0.52,0.6,0.72,0.48,0.6799999999999999,0.48,0.56,0.6799999999999999,0.48,0.64,0.48,0.56,0.8,0.96,0.6,1.0,0.64,0.84,0.96,0.6,1.0,0.6,0.72,0.96,0.56,1.0,0.56,0.6799999999999999,0.96,0.52,0.96,0.52,0.64,0.92,0.52,0.8,0.52,0.6,0.72,0.48,0.6799999999999999,0.48,0.56,0.6799999999999999,0.48,0.64,0.48,0.56
310,0.0,0.0,0.0,0.0,0.0,1.0,0.0,0.0,1.0,1.0,0.0,0.0,1.0,0.0,1.0,0.0,1.0,0.0,0.0,0.0,0.0,0.0,1.0,0.0,0.0,1.0,0.0,0.0,0.0,0.0,0.0,0.0,0.0,0.0,0.0,0.0,1.0,0.0,0.0,0.0,0.0,0.0,0.0,0.0,1.0,0.0,1.0,0.0,1.0,1.0,0.0,0.0,0.0,1.0,0.0,0.0,0.0,0.0,1.0,1.0,0.0,0.0,1.0,0.0,0.0,1.0,0.0,1.0,0.0,0.0,0.0,0.0,1.0,0.0,0.0,1.0,0.0,0.0,0.0,0.0,0.0,0.0,0.0,0.0,1.0,0.0,0.0,0.0,0.0,0.0,0.0,0.0,1.0,1.0,1.0,0.0,0.0,0.0,0.0,0.0,0.0,0.0,1.0,0.0,0.8,0.92,0.92,0.6799999999999999,1.0,0.72,0.92,0.92,0.64,1.0,0.6799999999999999,0.88,0.88,0.6,0.88,0.64,0.8,0.8,0.56,0.84,0.6,0.8,0.8,0.52,0.8,0.56,0.6799999999999999,0.6799999999999999,0.52,0.6799999999999999,0.56,0.64,0.64,0.48,0.64,0.52,0.8,0.92,0.92,0.6799999999999999,1.0,0.72,0.92,0.92,0.64,1.0,0.6799999999999999,0.88,0.88,0.6,0.88,0.64,0.8,0.8,0.56,0.84,0.6,0.8,0.8,0.52,0.8,0.56,0.6799999999999999,0.6799999999999999,0.52,0.6799999999999999,0.56,0.64,0.64,0.48,0.64,0.52
311,1.0,1.0,0.0,0.0,0.0,1.0,1.0,1.0,0.0,1.0,0.0,0.0,0.0,0.0,0.0,1.0,0.0,0.0,0.0,0.0,0.0,0.0,0.0,0.0,0.0,0.0,0.0,1.0,0.0,0.0,0.0,0.0,0.0,0.0,0.0,1.0,0.0,0.0,1.0,0.0,0.0,0.0,0.0,0.0,0.0,1.0,0.0,1.0,1.0,0.0,0.0,0.0,0.0,0.0,1.0,0.0,0.0,0.0,0.0,0.0,0.0,0.0,0.0,0.0,0.0,0.0,0.0,0.0,1.0,0.0,1.0,1.0,1.0,1.0,0.0,0.0,1.0,1.0,0.0,0.0,0.0,0.0,0.0,1.0,0.0,1.0,0.0,0.0,1.0,0.0,0.0,1.0,0.0,0.0,0.0,0.0,0.0,0.0,0.0,0.0,0.0,0.0,0.0,1.0,0.84,0.92,1.0,0.76,0.72,0.76,0.8,1.0,0.72,0.6799999999999999,0.72,0.76,1.0,0.6799999999999999,0.64,0.6799999999999999,0.6799999999999999,0.84,0.64,0.6,0.64,0.64,0.76,0.6,0.56,0.6,0.6,0.72,0.56,0.56,0.56,0.6,0.6799999999999999,0.56,0.52,0.52,0.84,0.92,1.0,0.76,0.72,0.76,0.8,1.0,0.72,0.6799999999999999,0.72,0.76,1.0,0.6799999999999999,0.64,0.6799999999999999,0.6799999999999999,0.84,0.64,0.6,0.64,0.64,0.76,0.6,0.56,0.6,0.6,0.72,0.56,0.56,0.56,0.6,0.6799999999999999,0.56,0.52,0.52
312,0.0,1.0,1.0,0.0,1.0,0.0,0.0,0.0,0.0,1.0,0.0,1.0,0.0,0.0,0.0,0.0,0.0,0.0,0.0,0.0,0.0,0.0,0.0,0.0,0.0,0.0,0.0,0.0,1.0,0.0,0.0,0.0,1.0,1.0,0.0,0.0,1.0,0.0,0.0,1.0,1.0,1.0,0.0,0.0,0.0,0.0,1.0,0.0,0.0,0.0,0.0,0.0,1.0,0.0,0.0,1.0,0.0,1.0,0.0,1.0,0.0,0.0,0.0,0.0,0.0,0.0,0.0,1.0,0.0,0.0,0.0,0.0,1.0,1.0,0.0,1.0,0.0,0.0,0.0,1.0,0.0,0.0,1.0,0.0,0.0,0.0,0.0,0.0,0.0,0.0,1.0,0.0,0.0,0.0,0.0,0.0,1.0,0.0,0.0,0.0,0.0,1.0,0.0,0.0,0.88,1.0,0.6799999999999999,0.76,0.72,0.72,0.84,0.64,0.72,0.6799999999999999,0.6799999999999999,0.8,0.6,0.6799999999999999,0.64,0.64,0.76,0.56,0.64,0.6,0.6,0.6799999999999999,0.52,0.6,0.56,0.56,0.64,0.52,0.56,0.52,0.56,0.6,0.48,0.56,0.52,0.52,0.88,1.0,0.6799999999999999,0.76,0.72,0.72,0.84,0.64,0.72,0.6799999999999999,0.6799999999999999,0.8,0.6,0.6799999999999999,0.64,0.64,0.76,0.56,0.64,0.6,0.6,0.6799999999999999,0.52,0.6,0.56,0.56,0.64,0.52,0.56,0.52,0.56,0.6,0.48,0.56,0.52,0.52
313,0.0,0.0,1.0,1.0,0.0,0.0,0.0,0.0,0.0,0.0,0.0,0.0,0.0,0.0,0.0,0.0,0.0,0.0,0.0,0.0,0.0,1.0,1.0,1.0,0.0,0.0,1.0,1.0,0.0,0.0,0.0,0.0,0.0,0.0,1.0,1.0,0.0,0.0,1.0,0.0,0.0,0.0,0.0,1.0,0.0,1.0,0.0,0.0,0.0,0.0,1.0,0.0,0.0,0.0,0.0,0.0,0.0,0.0,0.0,0.0,1.0,0.0,0.0,1.0,0.0,1.0,0.0,0.0,0.0,0.0,0.0,0.0,0.0,0.0,0.0,0.0,0.0,0.0,0.0,0.0,1.0,1.0,1.0,0.0,1.0,1.0,0.0,0.0,1.0,0.0,0.0,0.0,0.0,1.0,0.0,0.0,0.0,0.0,0.0,1.0,1.0,1.0,0.0,0.0,0.8,0.64,0.64,1.0,0.84,0.76,0.6,0.6,1.0,0.8,0.6799999999999999,0.56,0.56,1.0,0.72,0.64,0.52,0.52,0.96,0.6799999999999999,0.6,0.52,0.52,0.72,0.64,0.56,0.48,0.48,0.6799999999999999,0.6,0.56,0.48,0.48,0.64,0.56,0.52,0.8,0.64,0.64,1.0,0.84,0.76,0.6,0.6,1.0,0.8,0.6799999999999999,0.56,0.56,1.0,0.72,0.64,0.52,0.52,0.96,0.6799999999999999,0.6,0.52,0.52,0.72,0.64,0.56,0.48,0.48,0.6799999999999999,0.6,0.56,0.48,0.48,0.64,0.56,0.52
314,0.0,0.0,1.0,0.0,0.0,0.0,1.0,0.0,1.0,0.0,0.0,0.0,1.0,0.0,0.0,0.0,0.0,1.0,0.0,0.0,0.0,0.0,1.0,0.0,0.0,1.0,0.0,1.0,0.0,1.0,0.0,0.0,1.0,0.0,0.0,1.0,1.0,0.0,0.0,0.0,0.0,0.0,0.0,1.0,0.0,0.0,0.0,0.0,0.0,0.0,0.0,0.0,0.0,0.0,0.0,0.0,0.0,1.0,0.0,0.0,0.0,1.0,0.0,0.0,0.0,0.0,0.0,1.0,0.0,0.0,0.0,1.0,1.0,1.0,0.0,0.0,1.0,0.0,1.0,0.0,0.0,0.0,1.0,0.0,0.0,1.0,0.0,0.0,0.0,0.0,0.0,0.0,1.0,0.0,0.0,0.0,0.0,0.0,0.0,1.0,0.0,1.0,0.0,0.0,0.84,0.8,0.96,1.0,0.72,0.92,0.76,0.92,0.88,0.6799999999999999,0.8,0.6799999999999999,0.8,0.8,0.64,0.76,0.64,0.76,0.76,0.6,0.72,0.6,0.72,0.6799999999999999,0.56,0.6799999999999999,0.6,0.6799999999999999,0.64,0.52,0.64,0.56,0.64,0.6,0.52,0.6,0.84,0.8,0.96,1.0,0.72,0.92,0.76,0.92,0.88,0.6799999999999999,0.8,0.6799999999999999,0.8,0.8,0.64,0.76,0.64,0.76,0.76,0.6,0.72,0.6,0.72,0.6799999999999999,0.56,0.6799999999999999,0.6,0.6799999999999999,0.64,0.52,0.64,0.56,0.64,0.6,0.52,0.6
315,0.0,1.0,0.0,1.0,0.0,0.0,0.0,0.0,0.0,1.0,0.0,0.0,0.0,0.0,0.0,0.0,0.0,0.0,0.0,0.0,1.0,1.0,0.0,0.0,0.0,1.0,0.0,1.0,0.0,1.0,0.0,1.0,0.0,0.0,0.0,0.0,0.0,0.0,0.0,0.0,0.0,0.0,0.0,1.0,0.0,1.0,0.0,0.0,1.0,1.0,0.0,0.0,0.0,0.0,0.0,0.0,0.0,0.0,1.0,0.0,0.0,0.0,0.0,0.0,0.0,1.0,0.0,0.0,1.0,0.0,1.0,0.0,0.0,0.0,0.0,0.0,0.0,0.0,1.0,0.0,0.0,0.0,1.0,0.0,1.0,1.0,0.0,0.0,1.0,1.0,0.0,1.0,0.0,0.0,1.0,0.0,0.0,0.0,0.0,1.0,0.0,0.0,0.0,0.0,1.0,0.6799999999999999,0.6799999999999999,0.92,0.8,0.6799999999999999,0.64,0.64,0.84,0.76,0.64,0.6,0.6,0.8,0.72,0.6,0.56,0.56,0.76,0.6799999999999999,0.56,0.52,0.56,0.72,0.64,0.56,0.52,0.52,0.6799999999999999,0.6,0.52,0.48,0.52,0.64,0.56,0.52,1.0,0.6799999999999999,0.6799999999999999,0.92,0.8,0.6799999999999999,0.64,0.64,0.84,0.76,0.64,0.6,0.6,0.8,0.72,0.6,0.56,0.56,0.76,0.6799999999999999,0.56,0.52,0.56,0.72,0.64,0.56,0.52,0.52,0.6799999999999999,0.6,0.52,0.48,0.52,0.64,0.56,0.52
316,0.0,1.0,0.0,0.0,1.0,1.0,1.0,0.0,0.0,0.0,1.0,0.0,0.0,0.0,0.0,0.0,1.0,0.0,0.0,0.0,0.0,0.0,0.0,0.0,0.0,0.0,1.0,1.0,0.0,0.0,0.0,0.0,0.0,0.0,1.0,0.0,0.0,0.0,1.0,0.0,0.0,0.0,0.0,0.0,1.0,0.0,0.0,0.0,1.0,1.0,0.0,0.0,0.0,0.0,0.0,0.0,0.0,0.0,0.0,0.0,1.0,1.0,0.0,0.0,0.0,0.0,0.0,0.0,0.0,1.0,0.0,0.0,0.0,0.0,1.0,1.0,0.0,1.0,0.0,0.0,0.0,0.0,1.0,0.0,0.0,0.0,0.0,0.0,1.0,0.0,0.0,0.0,1.0,0.0,0.0,1.0,0.0,0.0,1.0,1.0,0.0,0.0,1.0,0.0,0.8,0.88,0.76,0.84,1.0,0.92,0.88,0.6799999999999999,0.76,1.0,0.88,0.76,0.64,0.72,1.0,0.84,0.72,0.6,0.6799999999999999,0.96,0.72,0.6799999999999999,0.6,0.64,0.72,0.6799999999999999,0.64,0.56,0.6,0.6799999999999999,0.64,0.6,0.52,0.56,0.64,0.6,0.8,0.88,0.76,0.84,1.0,0.92,0.88,0.6799999999999999,0.76,1.0,0.88,0.76,0.64,0.72,1.0,0.84,0.72,0.6,0.6799999999999999,0.96,0.72,0.6799999999999999,0.6,0.64,0.72,0.6799999999999999,0.64,0.56,0.6,0.6799999999999999,0.64,0.6,0.52,0.56,0.64,0.6
317,1.0,0.0,0.0,0.0,0.0,0.0,0.0,0.0,0.0,1.0,1.0,0.0,0.0,0.0,0.0,0.0,0.0,1.0,1.0,1.0,0.0,0.0,0.0,0.0,0.0,1.0,0.0,0.0,1.0,0.0,0.0,1.0,1.0,0.0,0.0,0.0,0.0,0.0,0.0,1.0,1.0,0.0,0.0,0.0,0.0,0.0,0.0,0.0,0.0,0.0,1.0,0.0,0.0,0.0,0.0,0.0,0.0,0.0,0.0,0.0,1.0,0.0,0.0,1.0,1.0,0.0,1.0,0.0,0.0,0.0,0.0,0.0,0.0,1.0,1.0,1.0,0.0,0.0,1.0,0.0,0.0,1.0,0.0,0.0,0.0,0.0,1.0,0.0,0.0,0.0,0.0,0.0,0.0,0.0,0.0,1.0,0.0,0.0,0.0,1.0,1.0,0.0,0.0,0.0,0.88,0.84,1.0,0.8,0.8,0.88,0.76,0.92,0.72,0.76,0.8,0.72,0.8,0.6799999999999999,0.72,0.76,0.6799999999999999,0.76,0.64,0.6799999999999999,0.72,0.64,0.72,0.6,0.64,0.6799999999999999,0.6,0.6799999999999999,0.56,0.6,0.64,0.56,0.64,0.56,0.56,0.6,0.88,0.84,1.0,0.8,0.8,0.88,0.76,0.92,0.72,0.76,0.8,0.72,0.8,0.6799999999999999,0.72,0.76,0.6799999999999999,0.76,0.64,0.6799999999999999,0.72,0.64,0.72,0.6,0.64,0.6799999999999999,0.6,0.6799999999999999,0.56,0.6,0.64,0.56,0.64,0.56,0.56,0.6
318,0.0,0.0,0.0,0.0,0.0,0.0,1.0,0.0,0.0,1.0,0.0,0.0,1.0,0.0,1.0,0.0,1.0,0.0,0.0,0.0,0.0,1.0,0.0,1.0,0.0,0.0,1.0,0.0,0.0,0.0,1.0,0.0,0.0,1.0,0.0,0.0,0.0,0.0,0.0,0.0,0.0,1.0,0.0,0.0,0.0,0.0,0.0,0.0,0.0,1.0,0.0,1.0,0.0,0.0,0.0,0.0,1.0,0.0,0.0,1.0,1.0,0.0,1.0,0.0,0.0,0.0,0.0,0.0,0.0,0.0,0.0,0.0,0.0,0.0,1.0,0.0,0.0,1.0,0.0,0.0,0.0,0.0,0.0,0.0,0.0,0.0,1.0,0.0,0.0,1.0,0.0,1.0,1.0,0.0,0.0,0.0,0.0,0.0,1.0,1.0,0.0,0.0,1.0,0.0,0.6,0.72,0.6799999999999999,0.64,0.8,0.76,0.72,0.6799999999999999,0.6,0.8,0.76,0.72,0.64,0.56,0.8,0.92,0.72,0.6,0.52,1.0,0.84,0.8,0.52,0.52,0.96,0.72,0.56,0.52,0.48,0.96,0.56,0.52,0.48,0.48,0.56,0.52,0.6,0.72,0.6799999999999999,0.64,0.8,0.76,0.72,0.6799999999999999,0.6,0.8,0.76,0.72,0.64,0.56,0.8,0.92,0.72,0.6,0.52,1.0,0.84,0.8,0.52,0.52,0.96,0.72,0.56,0.52,0.48,0.96,0.56,0.52,0.48,0.48,0.56,0.52
319,0.0,1.0,0.0,0.0,1.0,1.0,0.0,0.0,1.0,1.0,0.0,0.0,0.0,0.0,0.0,1.0,0.0,0.0,0.0,1.0,1.0,0.0,0.0,0.0,0.0,0.0,0.0,0.0,0.0,0.0,0.0,0.0,0.0,1.0,0.0,1.0,0.0,1.0,0.0,0.0,0.0,0.0,0.0,0.0,0.0,0.0,0.0,0.0,0.0,0.0,1.0,1.0,0.0,0.0,1.0,0.0,0.0,0.0,1.0,0.0,0.0,0.0,0.0,0.0,0.0,1.0,0.0,0.0,1.0,1.0,0.0,0.0,0.0,0.0,1.0,0.0,0.0,0.0,1.0,1.0,0.0,0.0,1.0,0.0,0.0,0.0,0.0,0.0,1.0,0.0,0.0,0.0,1.0,1.0,0.0,0.0,0.0,0.0,1.0,0.0,0.0,0.0,0.0,0.0,1.0,0.84,0.84,0.88,0.76,0.8,0.8,0.76,0.8,0.72,0.76,0.76,0.72,0.76,0.6799999999999999,0.72,0.72,0.6799999999999999,0.72,0.64,0.6799999999999999,0.6799999999999999,0.64,0.6799999999999999,0.6,0.64,0.64,0.6,0.64,0.56,0.6,0.6,0.56,0.6,0.52,0.56,1.0,0.84,0.84,0.88,0.76,0.8,0.8,0.76,0.8,0.72,0.76,0.76,0.72,0.76,0.6799999999999999,0.72,0.72,0.6799999999999999,0.72,0.64,0.6799999999999999,0.6799999999999999,0.64,0.6799999999999999,0.6,0.64,0.64,0.6,0.64,0.56,0.6,0.6,0.56,0.6,0.52,0.56
320,0.0,0.0,0.0,0.0,0.0,0.0,0.0,0.0,0.0,0.0,0.0,1.0,0.0,0.0,0.0,0.0,0.0,0.0,1.0,1.0,1.0,0.0,0.0,0.0,0.0,0.0,1.0,0.0,1.0,1.0,0.0,1.0,1.0,0.0,0.0,1.0,0.0,0.0,1.0,0.0,0.0,0.0,1.0,1.0,0.0,0.0,0.0,0.0,0.0,0.0,0.0,0.0,1.0,0.0,1.0,1.0,0.0,0.0,0.0,0.0,1.0,0.0,1.0,0.0,1.0,0.0,0.0,0.0,0.0,0.0,0.0,0.0,0.0,1.0,1.0,0.0,1.0,0.0,0.0,0.0,0.0,0.0,0.0,0.0,0.0,1.0,0.0,0.0,0.0,0.0,0.0,0.0,0.0,1.0,0.0,0.0,0.0,1.0,0.0,0.0,0.0,0.0,0.0,1.0,0.8,0.92,0.8,1.0,0.76,0.84,0.88,0.72,1.0,0.6799999999999999,0.8,0.84,0.6799999999999999,0.88,0.64,0.88,0.76,0.64,0.92,0.6,0.6799999999999999,0.72,0.6,0.72,0.6,0.64,0.6799999999999999,0.56,0.6799999999999999,0.56,0.6,0.64,0.56,0.64,0.52,0.56,0.8,0.92,0.8,1.0,0.76,0.84,0.88,0.72,1.0,0.6799999999999999,0.8,0.84,0.6799999999999999,0.88,0.64,0.88,0.76,0.64,0.92,0.6,0.6799999999999999,0.72,0.6,0.72,0.6,0.64,0.6799999999999999,0.56,0.6799999999999999,0.56,0.6,0.64,0.56,0.64,0.52,0.56
321,1.0,0.0,1.0,1.0,0.0,0.0,0.0,0.0,0.0,1.0,0.0,0.0,1.0,0.0,0.0,1.0,0.0,0.0,0.0,0.0,0.0,0.0,1.0,0.0,0.0,0.0,0.0,1.0,0.0,0.0,0.0,0.0,1.0,1.0,0.0,0.0,0.0,0.0,0.0,0.0,0.0,1.0,0.0,0.0,0.0,1.0,0.0,0.0,1.0,0.0,0.0,0.0,0.0,0.0,0.0,0.0,0.0,0.0,0.0,0.0,0.0,0.0,0.0,0.0,0.0,0.0,0.0,0.0,0.0,1.0,0.0,0.0,0.0,1.0,0.0,0.0,0.0,1.0,1.0,0.0,0.0,1.0,1.0,1.0,0.0,0.0,0.0,1.0,0.0,0.0,0.0,0.0,0.0,0.0,1.0,0.0,0.0,0.0,1.0,1.0,0.0,1.0,1.0,0.0,0.84,0.72,0.6799999999999999,1.0,1.0,0.76,0.6799999999999999,0.64,0.88,0.88,0.72,0.64,0.6,0.76,0.76,0.6799999999999999,0.6,0.6,0.72,0.72,0.64,0.56,0.56,0.6799999999999999,0.6799999999999999,0.6,0.52,0.52,0.64,0.64,0.56,0.52,0.52,0.6,0.6,0.52,0.84,0.72,0.6799999999999999,1.0,1.0,0.76,0.6799999999999999,0.64,0.88,0.88,0.72,0.64,0.6,0.76,0.76,0.6799999999999999,0.6,0.6,0.72,0.72,0.64,0.56,0.56,0.6799999999999999,0.6799999999999999,0.6,0.52,0.52,0.64,0.64,0.56,0.52,0.52,0.6,0.6,0.52
322,1.0,0.0,0.0,1.0,0.0,0.0,1.0,0.0,0.0,1.0,0.0,0.0,1.0,0.0,1.0,0.0,0.0,0.0,0.0,0.0,0.0,1.0,1.0,0.0,0.0,0.0,0.0,1.0,0.0,0.0,1.0,0.0,0.0,0.0,0.0,0.0,0.0,0.0,1.0,0.0,1.0,0.0,0.0,0.0,0.0,0.0,1.0,0.0,0.0,0.0,0.0,0.0,0.0,0.0,1.0,0.0,0.0,1.0,0.0,1.0,1.0,0.0,0.0,1.0,0.0,0.0,0.0,0.0,0.0,0.0,0.0,0.0,0.0,0.0,0.0,1.0,0.0,1.0,0.0,0.0,1.0,0.0,0.0,1.0,0.0,0.0,0.0,0.0,0.0,1.0,0.0,1.0,0.0,1.0,0.0,0.0,0.0,0.0,0.0,0.0,1.0,0.0,0.0,0.0,0.84,1.0,0.72,0.76,0.72,0.96,1.0,0.6799999999999999,0.72,0.6799999999999999,0.92,1.0,0.64,0.6799999999999999,0.64,0.84,1.0,0.6,0.64,0.6,0.72,0.76,0.56,0.6,0.56,0.6799999999999999,0.72,0.56,0.56,0.56,0.64,0.6799999999999999,0.52,0.56,0.52,0.6,0.84,1.0,0.72,0.76,0.72,0.96,1.0,0.6799999999999999,0.72,0.6799999999999999,0.92,1.0,0.64,0.6799999999999999,0.64,0.84,1.0,0.6,0.64,0.6,0.72,0.76,0.56,0.6,0.56,0.6799999999999999,0.72,0.56,0.56,0.56,0.64,0.6799999999999999,0.52,0.56,0.52,0.6
323,0.0,1.0,0.0,0.0,0.0,0.0,0.0,1.0,1.0,0.0,0.0,0.0,0.0,0.0,1.0,0.0,1.0,0.0,0.0,0.0,1.0,1.0,1.0,0.0,0.0,0.0,0.0,0.0,1.0,1.0,0.0,0.0,0.0,0.0,0.0,1.0,1.0,0.0,0.0,0.0,0.0,0.0,0.0,0.0,0.0,0.0,0.0,0.0,0.0,0.0,1.0,0.0,0.0,0.0,0.0,0.0,1.0,0.0,0.0,0.0,0.0,0.0,0.0,1.0,1.0,0.0,0.0,1.0,0.0,1.0,0.0,0.0,0.0,0.0,0.0,1.0,0.0,0.0,1.0,0.0,0.0,0.0,1.0,0.0,1.0,0.0,0.0,0.0,0.0,0.0,0.0,0.0,1.0,1.0,0.0,0.0,0.0,0.0,0.0,0.0,1.0,0.0,0.0,1.0,0.84,0.8,1.0,0.96,0.76,0.88,0.76,1.0,0.8,0.72,0.76,0.72,0.84,0.76,0.6799999999999999,0.72,0.6799999999999999,0.76,0.72,0.64,0.6799999999999999,0.64,0.72,0.6799999999999999,0.6,0.64,0.6,0.6799999999999999,0.64,0.56,0.6,0.56,0.64,0.6,0.52,0.56,0.84,0.8,1.0,0.96,0.76,0.88,0.76,1.0,0.8,0.72,0.76,0.72,0.84,0.76,0.6799999999999999,0.72,0.6799999999999999,0.76,0.72,0.64,0.6799999999999999,0.64,0.72,0.6799999999999999,0.6,0.64,0.6,0.6799999999999999,0.64,0.56,0.6,0.56,0.64,0.6,0.52,0.56
324,0.0,0.0,1.0,0.0,0.0,1.0,0.0,1.0,0.0,0.0,0.0,0.0,0.0,0.0,0.0,0.0,0.0,1.0,0.0,0.0,0.0,1.0,0.0,1.0,0.0,0.0,0.0,0.0,0.0,1.0,0.0,0.0,0.0,0.0,0.0,0.0,0.0,0.0,0.0,0.0,0.0,0.0,1.0,0.0,0.0,1.0,0.0,1.0,0.0,1.0,1.0,1.0,1.0,1.0,0.0,0.0,1.0,0.0,0.0,0.0,1.0,0.0,0.0,1.0,0.0,0.0,1.0,0.0,0.0,0.0,0.0,0.0,0.0,0.0,1.0,0.0,0.0,0.0,0.0,0.0,1.0,0.0,1.0,0.0,0.0,0.0,1.0,0.0,0.0,0.0,0.0,0.0,0.0,1.0,0.0,1.0,1.0,0.0,0.0,0.0,0.0,0.0,0.0,0.0,0.96,0.92,0.6799999999999999,0.6799999999999999,1.0,0.8,0.84,0.64,0.64,0.88,0.76,0.8,0.6,0.6,0.84,0.72,0.76,0.6,0.56,0.76,0.6799999999999999,0.72,0.56,0.52,0.72,0.64,0.6799999999999999,0.52,0.52,0.6799999999999999,0.6,0.64,0.52,0.48,0.64,0.56,0.96,0.92,0.6799999999999999,0.6799999999999999,1.0,0.8,0.84,0.64,0.64,0.88,0.76,0.8,0.6,0.6,0.84,0.72,0.76,0.6,0.56,0.76,0.6799999999999999,0.72,0.56,0.52,0.72,0.64,0.6799999999999999,0.52,0.52,0.6799999999999999,0.6,0.64,0.52,0.48,0.64,0.56
325,0.0,1.0,1.0,0.0,0.0,0.0,0.0,1.0,0.0,0.0,1.0,1.0,0.0,1.0,0.0,0.0,0.0,0.0,0.0,1.0,0.0,0.0,0.0,1.0,0.0,0.0,0.0,0.0,0.0,0.0,0.0,1.0,0.0,0.0,0.0,0.0,0.0,0.0,0.0,0.0,1.0,0.0,0.0,1.0,0.0,1.0,1.0,0.0,0.0,0.0,0.0,0.0,0.0,0.0,0.0,1.0,0.0,0.0,0.0,0.0,0.0,0.0,0.0,0.0,0.0,0.0,1.0,0.0,0.0,1.0,1.0,0.0,0.0,0.0,1.0,0.0,1.0,0.0,0.0,1.0,0.0,0.0,0.0,0.0,0.0,0.0,0.0,1.0,0.0,0.0,1.0,0.0,0.0,0.0,0.0,0.0,1.0,0.0,0.0,1.0,0.0,1.0,1.0,0.0,0.8,0.84,0.92,0.6799999999999999,1.0,0.8,0.76,0.92,0.64,1.0,0.76,0.6799999999999999,0.84,0.6,1.0,0.6799999999999999,0.64,0.76,0.6,0.84,0.64,0.6,0.72,0.56,0.72,0.6,0.6,0.6799999999999999,0.52,0.6799999999999999,0.6,0.56,0.64,0.52,0.64,0.56,0.8,0.84,0.92,0.6799999999999999,1.0,0.8,0.76,0.92,0.64,1.0,0.76,0.6799999999999999,0.84,0.6,1.0,0.6799999999999999,0.64,0.76,0.6,0.84,0.64,0.6,0.72,0.56,0.72,0.6,0.6,0.6799999999999999,0.52,0.6799999999999999,0.6,0.56,0.64,0.52,0.64,0.56
326,0.0,0.0,0.0,0.0,1.0,1.0,0.0,0.0,0.0,0.0,1.0,0.0,0.0,0.0,0.0,0.0,1.0,0.0,1.0,1.0,0.0,1.0,1.0,0.0,0.0,0.0,0.0,0.0,1.0,0.0,1.0,1.0,0.0,0.0,0.0,0.0,0.0,0.0,0.0,0.0,0.0,0.0,0.0,0.0,0.0,1.0,0.0,1.0,0.0,0.0,0.0,0.0,0.0,1.0,0.0,0.0,0.0,0.0,0.0,0.0,0.0,0.0,0.0,1.0,0.0,0.0,1.0,0.0,0.0,1.0,0.0,0.0,1.0,0.0,0.0,1.0,0.0,0.0,0.0,1.0,0.0,0.0,0.0,0.0,0.0,0.0,0.0,0.0,1.0,0.0,0.0,0.0,0.0,1.0,1.0,0.0,0.0,0.0,0.0,0.0,1.0,0.0,1.0,1.0,0.88,0.6799999999999999,1.0,0.6799999999999999,0.8,0.72,0.64,0.92,0.64,0.76,0.6799999999999999,0.6,0.8,0.6,0.72,0.64,0.56,0.76,0.56,0.6799999999999999,0.6,0.56,0.72,0.56,0.64,0.56,0.52,0.6799999999999999,0.52,0.6,0.56,0.52,0.64,0.52,0.56,0.52,0.88,0.6799999999999999,1.0,0.6799999999999999,0.8,0.72,0.64,0.92,0.64,0.76,0.6799999999999999,0.6,0.8,0.6,0.72,0.64,0.56,0.76,0.56,0.6799999999999999,0.6,0.56,0.72,0.56,0.64,0.56,0.52,0.6799999999999999,0.52,0.6,0.56,0.52,0.64,0.52,0.56,0.52
327,0.0,0.0,0.0,0.0,0.0,1.0,0.0,1.0,0.0,1.0,1.0,0.0,1.0,0.0,0.0,1.0,0.0,0.0,1.0,0.0,0.0,0.0,0.0,0.0,0.0,0.0,0.0,0.0,0.0,0.0,0.0,0.0,1.0,0.0,0.0,1.0,0.0,0.0,1.0,0.0,0.0,1.0,0.0,0.0,1.0,0.0,0.0,1.0,0.0,0.0,0.0,0.0,0.0,0.0,1.0,1.0,1.0,0.0,0.0,0.0,0.0,0.0,0.0,1.0,0.0,0.0,1.0,0.0,0.0,0.0,0.0,0.0,0.0,0.0,0.0,0.0,0.0,1.0,0.0,1.0,0.0,0.0,0.0,0.0,0.0,1.0,1.0,0.0,0.0,0.0,0.0,0.0,0.0,0.0,1.0,1.0,0.0,0.0,1.0,0.0,0.0,1.0,0.0,0.0,0.84,1.0,0.6799999999999999,0.76,0.88,0.96,1.0,0.64,0.72,0.8,0.8,0.88,0.6,0.6799999999999999,0.76,0.76,0.76,0.6,0.64,0.6799999999999999,0.72,0.72,0.56,0.6,0.64,0.6799999999999999,0.6799999999999999,0.52,0.56,0.6,0.64,0.64,0.52,0.52,0.6,0.6,0.84,1.0,0.6799999999999999,0.76,0.88,0.96,1.0,0.64,0.72,0.8,0.8,0.88,0.6,0.6799999999999999,0.76,0.76,0.76,0.6,0.64,0.6799999999999999,0.72,0.72,0.56,0.6,0.64,0.6799999999999999,0.6799999999999999,0.52,0.56,0.6,0.64,0.64,0.52,0.52,0.6,0.6
328,1.0,0.0,0.0,1.0,0.0,0.0,0.0,0.0,0.0,1.0,1.0,0.0,1.0,0.0,0.0,0.0,0.0,0.0,0.0,0.0,0.0,0.0,0.0,0.0,0.0,0.0,0.0,1.0,1.0,1.0,0.0,0.0,0.0,1.0,1.0,0.0,0.0,0.0,0.0,0.0,0.0,0.0,0.0,0.0,1.0,0.0,0.0,0.0,0.0,1.0,0.0,1.0,0.0,1.0,0.0,0.0,0.0,0.0,0.0,0.0,0.0,0.0,0.0,0.0,0.0,1.0,0.0,0.0,0.0,0.0,1.0,0.0,1.0,1.0,0.0,0.0,0.0,1.0,0.0,0.0,0.0,0.0,0.0,1.0,1.0,0.0,0.0,0.0,0.0,1.0,1.0,0.0,0.0,0.0,0.0,1.0,0.0,0.0,1.0,1.0,0.0,0.0,0.0,0.0,0.43999999999999995,0.48,0.48,0.52,0.48,0.48,0.48,0.48,0.52,0.48,0.48,0.48,0.48,0.52,0.48,0.56,0.43999999999999995,0.43999999999999995,0.6799999999999999,0.43999999999999995,0.52,0.43999999999999995,0.4,0.6799999999999999,0.43999999999999995,0.43999999999999995,0.4,0.4,1.0,0.4,0.4,0.4,0.4,0.52,0.4,0.4,0.43999999999999995,0.48,0.48,0.52,0.48,0.48,0.48,0.48,0.52,0.48,0.48,0.48,0.48,0.52,0.48,0.56,0.43999999999999995,0.43999999999999995,0.6799999999999999,0.43999999999999995,0.52,0.43999999999999995,0.4,0.6799999999999999,0.43999999999999995,0.43999999999999995,0.4,0.4,1.0,0.4,0.4,0.4,0.4,0.52,0.4,0.4
329,0.0,1.0,0.0,0.0,0.0,1.0,0.0,0.0,0.0,0.0,0.0,1.0,0.0,0.0,0.0,0.0,1.0,1.0,1.0,0.0,0.0,0.0,0.0,0.0,0.0,0.0,1.0,0.0,1.0,0.0,0.0,0.0,1.0,1.0,1.0,0.0,1.0,0.0,0.0,0.0,0.0,0.0,1.0,0.0,0.0,0.0,0.0,0.0,0.0,0.0,0.0,0.0,0.0,0.0,0.0,1.0,1.0,0.0,0.0,1.0,1.0,1.0,0.0,0.0,0.0,1.0,0.0,1.0,0.0,0.0,0.0,0.0,0.0,1.0,0.0,0.0,0.0,0.0,0.0,1.0,0.0,0.0,1.0,0.0,0.0,0.0,0.0,0.0,0.0,1.0,0.0,0.0,0.0,0.0,0.0,1.0,0.0,0.0,0.0,0.0,1.0,0.0,0.0,0.0,1.0,0.8,0.64,0.88,0.64,0.64,0.76,0.6,0.84,0.6,0.6,0.72,0.56,0.76,0.56,0.6,0.6799999999999999,0.56,0.72,0.56,0.56,0.64,0.52,0.6799999999999999,0.52,0.52,0.6,0.52,0.64,0.52,0.52,0.56,0.48,0.6,0.48,0.48,1.0,0.8,0.64,0.88,0.64,0.64,0.76,0.6,0.84,0.6,0.6,0.72,0.56,0.76,0.56,0.6,0.6799999999999999,0.56,0.72,0.56,0.56,0.64,0.52,0.6799999999999999,0.52,0.52,0.6,0.52,0.64,0.52,0.52,0.56,0.48,0.6,0.48,0.48
330,0.0,0.0,0.0,0.0,0.0,1.0,0.0,1.0,0.0,0.0,1.0,1.0,0.0,1.0,0.0,1.0,0.0,0.0,1.0,0.0,1.0,0.0,0.0,0.0,0.0,0.0,0.0,0.0,0.0,0.0,0.0,0.0,1.0,0.0,0.0,1.0,0.0,0.0,1.0,1.0,0.0,0.0,0.0,0.0,0.0,0.0,1.0,0.0,0.0,0.0,0.0,0.0,0.0,1.0,1.0,0.0,0.0,0.0,0.0,0.0,0.0,0.0,0.0,0.0,0.0,0.0,1.0,0.0,0.0,0.0,0.0,0.0,0.0,0.0,0.0,1.0,0.0,1.0,1.0,1.0,0.0,0.0,0.0,0.0,0.0,0.0,1.0,0.0,0.0,0.0,0.0,0.0,0.0,0.0,0.0,1.0,0.0,0.0,0.0,0.0,1.0,1.0,1.0,1.0,0.6,0.64,0.6799999999999999,0.6799999999999999,0.72,0.72,0.64,0.64,0.6799999999999999,0.72,0.72,0.56,0.6,0.6,0.72,1.0,0.52,0.56,0.56,0.6,0.64,0.52,0.52,0.52,0.52,0.52,0.48,0.52,0.52,0.52,0.52,0.48,0.48,0.48,0.48,0.48,0.6,0.64,0.6799999999999999,0.6799999999999999,0.72,0.72,0.64,0.64,0.6799999999999999,0.72,0.72,0.56,0.6,0.6,0.72,1.0,0.52,0.56,0.56,0.6,0.64,0.52,0.52,0.52,0.52,0.52,0.48,0.52,0.52,0.52,0.52,0.48,0.48,0.48,0.48,0.48
331,0.0,0.0,1.0,0.0,0.0,0.0,0.0,0.0,0.0,0.0,1.0,0.0,0.0,0.0,0.0,1.0,1.0,0.0,0.0,0.0,1.0,0.0,0.0,0.0,1.0,0.0,0.0,0.0,0.0,0.0,0.0,1.0,0.0,1.0,0.0,1.0,0.0,1.0,0.0,0.0,1.0,0.0,0.0,0.0,1.0,0.0,0.0,0.0,0.0,1.0,0.0,0.0,0.0,0.0,0.0,0.0,1.0,0.0,1.0,1.0,1.0,0.0,0.0,0.0,0.0,0.0,0.0,0.0,0.0,0.0,1.0,1.0,0.0,0.0,0.0,0.0,0.0,0.0,1.0,1.0,1.0,0.0,0.0,0.0,0.0,0.0,0.0,0.0,1.0,0.0,0.0,0.0,0.0,0.0,1.0,1.0,0.0,1.0,0.0,0.0,0.0,0.0,0.0,0.0,1.0,0.72,0.6799999999999999,0.84,0.6799999999999999,0.72,0.6799999999999999,0.64,0.76,0.64,0.6799999999999999,0.64,0.6,0.72,0.6,0.64,0.6,0.56,0.6799999999999999,0.56,0.6,0.56,0.56,0.64,0.56,0.56,0.52,0.52,0.6,0.52,0.56,0.52,0.52,0.56,0.52,0.52,1.0,0.72,0.6799999999999999,0.84,0.6799999999999999,0.72,0.6799999999999999,0.64,0.76,0.64,0.6799999999999999,0.64,0.6,0.72,0.6,0.64,0.6,0.56,0.6799999999999999,0.56,0.6,0.56,0.56,0.64,0.56,0.56,0.52,0.52,0.6,0.52,0.56,0.52,0.52,0.56,0.52,0.52
332,0.0,0.0,0.0,0.0,1.0,0.0,0.0,1.0,1.0,0.0,0.0,0.0,1.0,0.0,0.0,1.0,0.0,1.0,0.0,0.0,0.0,0.0,0.0,0.0,0.0,1.0,1.0,0.0,0.0,0.0,1.0,0.0,0.0,1.0,0.0,1.0,0.0,0.0,0.0,0.0,0.0,0.0,1.0,0.0,1.0,0.0,0.0,0.0,0.0,0.0,0.0,0.0,0.0,0.0,1.0,0.0,0.0,0.0,1.0,0.0,0.0,0.0,1.0,0.0,0.0,1.0,1.0,0.0,0.0,0.0,0.0,0.0,1.0,0.0,0.0,0.0,1.0,0.0,0.0,0.0,0.0,0.0,0.0,0.0,0.0,0.0,0.0,0.0,0.0,0.0,1.0,1.0,1.0,0.0,0.0,0.0,0.0,0.0,0.0,0.0,1.0,0.0,1.0,1.0,0.6,0.6799999999999999,0.6799999999999999,0.64,0.72,0.72,0.6799999999999999,0.6799999999999999,0.6,0.72,0.72,0.6799999999999999,0.6799999999999999,0.52,0.72,1.0,0.64,0.64,0.52,0.88,0.64,0.56,0.56,0.48,0.6,0.6,0.52,0.52,0.48,0.52,0.52,0.52,0.52,0.48,0.52,0.48,0.6,0.6799999999999999,0.6799999999999999,0.64,0.72,0.72,0.6799999999999999,0.6799999999999999,0.6,0.72,0.72,0.6799999999999999,0.6799999999999999,0.52,0.72,1.0,0.64,0.64,0.52,0.88,0.64,0.56,0.56,0.48,0.6,0.6,0.52,0.52,0.48,0.52,0.52,0.52,0.52,0.48,0.52,0.48
333,0.0,0.0,0.0,0.0,0.0,0.0,0.0,1.0,1.0,0.0,0.0,0.0,0.0,0.0,1.0,1.0,0.0,0.0,0.0,0.0,1.0,0.0,0.0,0.0,1.0,0.0,0.0,1.0,0.0,0.0,0.0,0.0,0.0,0.0,0.0,1.0,0.0,1.0,0.0,0.0,0.0,1.0,0.0,0.0,0.0,0.0,1.0,1.0,0.0,0.0,1.0,0.0,1.0,1.0,0.0,1.0,0.0,0.0,1.0,0.0,0.0,0.0,1.0,0.0,0.0,0.0,0.0,0.0,0.0,0.0,0.0,0.0,0.0,0.0,1.0,0.0,0.0,1.0,1.0,0.0,0.0,1.0,0.0,1.0,0.0,1.0,0.0,0.0,0.0,0.0,0.0,0.0,0.0,0.0,0.0,0.0,1.0,0.0,0.0,0.0,1.0,0.0,0.0,0.0,1.0,0.88,0.84,0.88,0.88,0.84,0.84,0.8,0.84,0.8,0.8,0.8,0.76,0.8,0.76,0.76,0.76,0.6799999999999999,0.76,0.72,0.72,0.6799999999999999,0.64,0.72,0.6799999999999999,0.6799999999999999,0.64,0.6,0.6799999999999999,0.64,0.64,0.6,0.6,0.64,0.6,0.6,1.0,0.88,0.84,0.88,0.88,0.84,0.84,0.8,0.84,0.8,0.8,0.8,0.76,0.8,0.76,0.76,0.76,0.6799999999999999,0.76,0.72,0.72,0.6799999999999999,0.64,0.72,0.6799999999999999,0.6799999999999999,0.64,0.6,0.6799999999999999,0.64,0.64,0.6,0.6,0.64,0.6,0.6
334,1.0,1.0,1.0,0.0,0.0,0.0,0.0,0.0,0.0,0.0,0.0,0.0,1.0,1.0,0.0,0.0,0.0,0.0,0.0,0.0,1.0,0.0,0.0,0.0,0.0,0.0,0.0,0.0,1.0,0.0,0.0,0.0,0.0,0.0,1.0,0.0,1.0,0.0,0.0,0.0,0.0,1.0,0.0,0.0,0.0,0.0,1.0,0.0,0.0,0.0,1.0,1.0,0.0,0.0,0.0,0.0,0.0,1.0,1.0,0.0,0.0,0.0,0.0,0.0,0.0,0.0,1.0,1.0,1.0,0.0,1.0,0.0,0.0,0.0,1.0,0.0,0.0,0.0,0.0,0.0,0.0,0.0,1.0,1.0,0.0,1.0,0.0,0.0,0.0,1.0,0.0,0.0,0.0,0.0,0.0,1.0,0.0,1.0,0.0,0.0,0.0,0.0,0.0,0.0,0.88,0.8,1.0,0.96,0.8,0.8,0.76,0.84,0.84,0.76,0.76,0.6799999999999999,0.8,0.76,0.6799999999999999,0.6799999999999999,0.64,0.76,0.72,0.64,0.64,0.6,0.6799999999999999,0.6799999999999999,0.6,0.6,0.6,0.64,0.64,0.6,0.6,0.56,0.6,0.6,0.56,0.56,0.88,0.8,1.0,0.96,0.8,0.8,0.76,0.84,0.84,0.76,0.76,0.6799999999999999,0.8,0.76,0.6799999999999999,0.6799999999999999,0.64,0.76,0.72,0.64,0.64,0.6,0.6799999999999999,0.6799999999999999,0.6,0.6,0.6,0.64,0.64,0.6,0.6,0.56,0.6,0.6,0.56,0.56
335,1.0,0.0,0.0,0.0,0.0,0.0,1.0,1.0,0.0,1.0,0.0,0.0,0.0,0.0,1.0,0.0,0.0,0.0,0.0,0.0,0.0,0.0,1.0,0.0,1.0,0.0,0.0,1.0,0.0,0.0,0.0,1.0,0.0,1.0,0.0,0.0,0.0,0.0,0.0,0.0,0.0,0.0,1.0,0.0,1.0,0.0,0.0,0.0,0.0,0.0,1.0,0.0,0.0,0.0,0.0,1.0,1.0,0.0,0.0,0.0,0.0,0.0,0.0,0.0,1.0,0.0,0.0,0.0,0.0,0.0,0.0,0.0,0.0,1.0,0.0,0.0,0.0,0.0,0.0,0.0,1.0,0.0,0.0,0.0,0.0,0.0,0.0,0.0,1.0,1.0,0.0,0.0,0.0,1.0,0.0,1.0,0.0,1.0,1.0,0.0,0.0,1.0,0.0,1.0,0.8,0.88,0.72,0.8,1.0,0.96,0.84,0.6799999999999999,0.72,1.0,0.92,0.76,0.64,0.6799999999999999,0.88,0.84,0.72,0.6,0.64,0.92,0.72,0.6799999999999999,0.56,0.6,0.72,0.6799999999999999,0.64,0.56,0.56,0.6799999999999999,0.64,0.6,0.52,0.56,0.64,0.6,0.8,0.88,0.72,0.8,1.0,0.96,0.84,0.6799999999999999,0.72,1.0,0.92,0.76,0.64,0.6799999999999999,0.88,0.84,0.72,0.6,0.64,0.92,0.72,0.6799999999999999,0.56,0.6,0.72,0.6799999999999999,0.64,0.56,0.56,0.6799999999999999,0.64,0.6,0.52,0.56,0.64,0.6
336,0.0,0.0,0.0,1.0,0.0,1.0,1.0,0.0,1.0,0.0,0.0,0.0,1.0,0.0,0.0,0.0,0.0,1.0,1.0,0.0,0.0,0.0,0.0,1.0,0.0,0.0,0.0,0.0,0.0,1.0,0.0,0.0,0.0,0.0,0.0,0.0,0.0,1.0,0.0,1.0,0.0,0.0,1.0,0.0,1.0,0.0,0.0,0.0,0.0,0.0,0.0,0.0,1.0,0.0,0.0,0.0,0.0,0.0,0.0,1.0,0.0,0.0,1.0,0.0,0.0,1.0,0.0,1.0,0.0,0.0,0.0,1.0,1.0,0.0,0.0,0.0,0.0,0.0,1.0,0.0,0.0,0.0,0.0,1.0,0.0,1.0,0.0,1.0,0.0,0.0,1.0,0.0,0.0,0.0,0.0,0.0,0.0,0.0,0.0,0.0,0.0,0.0,0.0,1.0,0.84,1.0,0.96,0.96,0.72,0.8,1.0,0.96,0.88,0.6799999999999999,0.76,1.0,0.8,0.8,0.64,0.6799999999999999,0.8,0.76,0.76,0.6,0.64,0.76,0.72,0.6799999999999999,0.56,0.6,0.72,0.6799999999999999,0.64,0.56,0.6,0.6799999999999999,0.64,0.6,0.52,0.56,0.84,1.0,0.96,0.96,0.72,0.8,1.0,0.96,0.88,0.6799999999999999,0.76,1.0,0.8,0.8,0.64,0.6799999999999999,0.8,0.76,0.76,0.6,0.64,0.76,0.72,0.6799999999999999,0.56,0.6,0.72,0.6799999999999999,0.64,0.56,0.6,0.6799999999999999,0.64,0.6,0.52,0.56
337,0.0,0.0,0.0,0.0,0.0,0.0,1.0,0.0,1.0,0.0,0.0,0.0,0.0,1.0,0.0,0.0,1.0,0.0,0.0,0.0,1.0,0.0,0.0,0.0,0.0,0.0,1.0,0.0,0.0,0.0,0.0,1.0,0.0,0.0,1.0,1.0,1.0,1.0,0.0,0.0,0.0,0.0,0.0,0.0,0.0,0.0,1.0,0.0,0.0,1.0,0.0,0.0,1.0,1.0,0.0,0.0,0.0,0.0,0.0,0.0,0.0,0.0,0.0,0.0,0.0,0.0,1.0,0.0,0.0,1.0,1.0,1.0,0.0,1.0,0.0,1.0,0.0,1.0,0.0,0.0,0.0,0.0,0.0,0.0,0.0,0.0,0.0,0.0,0.0,0.0,1.0,0.0,0.0,0.0,0.0,0.0,1.0,0.0,0.0,1.0,1.0,0.0,0.0,0.0,0.84,0.6799999999999999,0.96,1.0,0.6799999999999999,0.72,0.64,0.96,1.0,0.64,0.6799999999999999,0.6,0.92,0.8,0.6,0.64,0.56,0.8,0.76,0.56,0.6,0.52,0.76,0.72,0.56,0.56,0.52,0.6799999999999999,0.6799999999999999,0.52,0.56,0.48,0.64,0.64,0.52,0.52,0.84,0.6799999999999999,0.96,1.0,0.6799999999999999,0.72,0.64,0.96,1.0,0.64,0.6799999999999999,0.6,0.92,0.8,0.6,0.64,0.56,0.8,0.76,0.56,0.6,0.52,0.76,0.72,0.56,0.56,0.52,0.6799999999999999,0.6799999999999999,0.52,0.56,0.48,0.64,0.64,0.52,0.52
338,0.0,0.0,0.0,0.0,0.0,0.0,0.0,1.0,0.0,0.0,1.0,1.0,0.0,0.0,0.0,1.0,1.0,0.0,1.0,0.0,0.0,0.0,0.0,0.0,1.0,1.0,0.0,0.0,0.0,0.0,0.0,0.0,1.0,0.0,0.0,0.0,0.0,0.0,1.0,1.0,1.0,0.0,0.0,0.0,0.0,0.0,0.0,0.0,0.0,0.0,0.0,1.0,1.0,0.0,1.0,0.0,0.0,0.0,0.0,0.0,1.0,0.0,0.0,0.0,1.0,0.0,0.0,0.0,0.0,0.0,0.0,1.0,0.0,0.0,0.0,0.0,0.0,0.0,1.0,0.0,0.0,1.0,0.0,0.0,0.0,0.0,1.0,0.0,1.0,0.0,0.0,0.0,0.0,1.0,1.0,1.0,0.0,0.0,0.0,0.0,1.0,0.0,0.0,0.0,0.6,0.6799999999999999,0.6799999999999999,0.6799999999999999,0.72,0.72,0.6799999999999999,0.64,0.6799999999999999,0.72,0.72,0.6799999999999999,0.6,0.64,0.72,1.0,0.6799999999999999,0.56,0.6,0.6799999999999999,0.6799999999999999,0.6799999999999999,0.52,0.52,0.52,0.52,0.52,0.52,0.52,0.52,0.52,0.52,0.48,0.48,0.48,0.48,0.6,0.6799999999999999,0.6799999999999999,0.6799999999999999,0.72,0.72,0.6799999999999999,0.64,0.6799999999999999,0.72,0.72,0.6799999999999999,0.6,0.64,0.72,1.0,0.6799999999999999,0.56,0.6,0.6799999999999999,0.6799999999999999,0.6799999999999999,0.52,0.52,0.52,0.52,0.52,0.52,0.52,0.52,0.52,0.52,0.48,0.48,0.48,0.48
339,1.0,0.0,1.0,0.0,0.0,0.0,0.0,0.0,1.0,0.0,1.0,0.0,0.0,0.0,0.0,1.0,0.0,0.0,0.0,0.0,0.0,0.0,0.0,0.0,0.0,0.0,0.0,0.0,1.0,1.0,1.0,0.0,0.0,1.0,0.0,0.0,0.0,0.0,0.0,0.0,0.0,1.0,0.0,1.0,1.0,0.0,0.0,0.0,0.0,1.0,0.0,0.0,0.0,1.0,0.0,0.0,1.0,0.0,1.0,0.0,0.0,0.0,0.0,1.0,0.0,1.0,1.0,0.0,0.0,0.0,0.0,1.0,0.0,0.0,1.0,0.0,0.0,0.0,0.0,0.0,0.0,0.0,0.0,0.0,1.0,0.0,0.0,1.0,0.0,0.0,0.0,0.0,0.0,0.0,0.0,0.0,0.0,1.0,0.0,0.0,1.0,0.0,0.0,1.0,1.0,0.96,0.72,0.76,0.88,0.76,0.88,0.6799999999999999,0.72,0.84,0.6799999999999999,0.84,0.64,0.6799999999999999,0.76,0.64,0.76,0.6,0.64,0.72,0.6,0.72,0.56,0.6,0.6799999999999999,0.6,0.6799999999999999,0.56,0.56,0.64,0.56,0.64,0.52,0.52,0.6,0.52,1.0,0.96,0.72,0.76,0.88,0.76,0.88,0.6799999999999999,0.72,0.84,0.6799999999999999,0.84,0.64,0.6799999999999999,0.76,0.64,0.76,0.6,0.64,0.72,0.6,0.72,0.56,0.6,0.6799999999999999,0.6,0.6799999999999999,0.56,0.56,0.64,0.56,0.64,0.52,0.52,0.6,0.52
340,0.0,0.0,0.0,1.0,0.0,0.0,0.0,0.0,1.0,0.0,0.0,1.0,0.0,1.0,1.0,1.0,0.0,0.0,1.0,1.0,0.0,0.0,0.0,0.0,0.0,1.0,1.0,0.0,0.0,1.0,0.0,0.0,0.0,0.0,1.0,0.0,0.0,0.0,0.0,1.0,0.0,0.0,0.0,0.0,0.0,0.0,0.0,0.0,0.0,0.0,0.0,0.0,0.0,1.0,1.0,0.0,1.0,0.0,0.0,0.0,0.0,0.0,0.0,0.0,0.0,0.0,0.0,0.0,1.0,0.0,0.0,0.0,0.0,1.0,0.0,0.0,0.0,0.0,0.0,0.0,1.0,0.0,1.0,0.0,0.0,0.0,0.0,0.0,1.0,0.0,0.0,0.0,1.0,1.0,0.0,0.0,1.0,0.0,0.0,1.0,0.0,0.0,0.0,1.0,1.0,0.8,0.88,0.76,0.76,0.76,0.76,0.84,0.72,0.72,0.72,0.6799999999999999,0.8,0.6799999999999999,0.6799999999999999,0.6799999999999999,0.64,0.76,0.64,0.64,0.64,0.6,0.6799999999999999,0.6,0.6,0.6,0.6,0.64,0.56,0.56,0.56,0.56,0.6,0.56,0.52,0.52,1.0,0.8,0.88,0.76,0.76,0.76,0.76,0.84,0.72,0.72,0.72,0.6799999999999999,0.8,0.6799999999999999,0.6799999999999999,0.6799999999999999,0.64,0.76,0.64,0.64,0.64,0.6,0.6799999999999999,0.6,0.6,0.6,0.6,0.64,0.56,0.56,0.56,0.56,0.6,0.56,0.52,0.52
341,0.0,0.0,0.0,0.0,1.0,0.0,0.0,0.0,0.0,0.0,0.0,0.0,0.0,1.0,1.0,1.0,0.0,0.0,0.0,0.0,0.0,0.0,0.0,0.0,0.0,1.0,0.0,1.0,1.0,1.0,1.0,0.0,0.0,0.0,1.0,1.0,0.0,0.0,0.0,0.0,0.0,0.0,0.0,0.0,0.0,0.0,0.0,0.0,0.0,1.0,1.0,0.0,0.0,0.0,1.0,1.0,0.0,0.0,0.0,1.0,0.0,0.0,1.0,1.0,0.0,0.0,0.0,0.0,1.0,1.0,0.0,0.0,0.0,0.0,0.0,1.0,0.0,0.0,0.0,0.0,0.0,0.0,0.0,1.0,1.0,1.0,0.0,0.0,0.0,1.0,0.0,1.0,0.0,0.0,0.0,0.0,0.0,0.0,0.0,0.0,0.0,0.0,0.0,0.0,0.8,0.8,0.84,1.0,0.64,0.8,0.72,0.76,1.0,0.6,0.72,0.6799999999999999,0.72,0.92,0.56,0.6799999999999999,0.64,0.6799999999999999,0.76,0.56,0.64,0.6,0.64,0.72,0.52,0.6,0.56,0.6,0.6799999999999999,0.52,0.56,0.56,0.56,0.64,0.48,0.52,0.8,0.8,0.84,1.0,0.64,0.8,0.72,0.76,1.0,0.6,0.72,0.6799999999999999,0.72,0.92,0.56,0.6799999999999999,0.64,0.6799999999999999,0.76,0.56,0.64,0.6,0.64,0.72,0.52,0.6,0.56,0.6,0.6799999999999999,0.52,0.56,0.56,0.56,0.64,0.48,0.52
342,0.0,0.0,1.0,0.0,1.0,0.0,0.0,1.0,0.0,0.0,0.0,0.0,0.0,0.0,0.0,1.0,0.0,0.0,0.0,0.0,0.0,0.0,0.0,1.0,1.0,1.0,0.0,0.0,0.0,0.0,1.0,0.0,0.0,1.0,0.0,0.0,1.0,0.0,1.0,0.0,0.0,0.0,0.0,0.0,0.0,1.0,0.0,0.0,0.0,0.0,1.0,0.0,1.0,1.0,0.0,1.0,0.0,0.0,0.0,0.0,0.0,0.0,1.0,1.0,0.0,0.0,0.0,0.0,0.0,1.0,0.0,0.0,0.0,0.0,0.0,0.0,0.0,0.0,0.0,0.0,0.0,1.0,0.0,0.0,0.0,0.0,0.0,0.0,0.0,1.0,0.0,0.0,0.0,0.0,1.0,1.0,1.0,0.0,1.0,0.0,0.0,1.0,0.0,0.0,0.56,0.6799999999999999,0.64,0.6799999999999999,0.6799999999999999,0.72,0.6799999999999999,0.64,0.6799999999999999,0.6799999999999999,0.72,0.6799999999999999,0.6,0.6799999999999999,0.6799999999999999,1.0,0.64,0.56,0.6799999999999999,0.84,1.0,0.72,0.52,0.52,0.52,0.76,0.52,0.48,0.52,0.52,0.52,0.52,0.48,0.48,0.48,0.52,0.56,0.6799999999999999,0.64,0.6799999999999999,0.6799999999999999,0.72,0.6799999999999999,0.64,0.6799999999999999,0.6799999999999999,0.72,0.6799999999999999,0.6,0.6799999999999999,0.6799999999999999,1.0,0.64,0.56,0.6799999999999999,0.84,1.0,0.72,0.52,0.52,0.52,0.76,0.52,0.48,0.52,0.52,0.52,0.52,0.48,0.48,0.48,0.52
343,0.0,0.0,1.0,1.0,0.0,1.0,0.0,0.0,0.0,0.0,1.0,0.0,0.0,0.0,0.0,0.0,0.0,0.0,1.0,0.0,0.0,0.0,0.0,1.0,0.0,1.0,0.0,0.0,0.0,0.0,0.0,0.0,0.0,0.0,1.0,0.0,0.0,1.0,0.0,1.0,0.0,0.0,1.0,0.0,0.0,0.0,1.0,0.0,0.0,0.0,0.0,1.0,0.0,0.0,0.0,0.0,0.0,0.0,1.0,0.0,1.0,0.0,0.0,1.0,0.0,0.0,0.0,0.0,0.0,1.0,0.0,0.0,0.0,0.0,1.0,0.0,0.0,0.0,0.0,0.0,0.0,1.0,1.0,1.0,1.0,0.0,0.0,0.0,0.0,0.0,1.0,0.0,0.0,0.0,0.0,0.0,1.0,1.0,0.0,0.0,1.0,0.0,0.0,0.0,0.8,0.92,0.84,1.0,0.96,0.96,0.92,0.8,0.92,0.92,0.92,0.88,0.72,0.88,0.84,0.84,0.8,0.6799999999999999,0.92,0.92,0.72,0.72,0.64,0.72,0.72,0.6799999999999999,0.6799999999999999,0.6,0.6799999999999999,0.6799999999999999,0.64,0.64,0.56,0.64,0.64,0.6,0.8,0.92,0.84,1.0,0.96,0.96,0.92,0.8,0.92,0.92,0.92,0.88,0.72,0.88,0.84,0.84,0.8,0.6799999999999999,0.92,0.92,0.72,0.72,0.64,0.72,0.72,0.6799999999999999,0.6799999999999999,0.6,0.6799999999999999,0.6799999999999999,0.64,0.64,0.56,0.64,0.64,0.6
344,0.0,1.0,0.0,0.0,1.0,0.0,1.0,0.0,0.0,0.0,0.0,0.0,0.0,0.0,0.0,1.0,1.0,0.0,0.0,0.0,0.0,1.0,0.0,0.0,0.0,0.0,0.0,0.0,0.0,0.0,1.0,1.0,0.0,0.0,0.0,0.0,0.0,0.0,0.0,0.0,0.0,1.0,0.0,1.0,1.0,1.0,0.0,0.0,0.0,1.0,0.0,0.0,0.0,0.0,0.0,1.0,0.0,1.0,0.0,0.0,0.0,1.0,0.0,0.0,0.0,1.0,0.0,0.0,0.0,1.0,0.0,0.0,0.0,0.0,0.0,0.0,1.0,1.0,0.0,0.0,0.0,1.0,0.0,0.0,1.0,0.0,1.0,0.0,1.0,0.0,1.0,1.0,0.0,0.0,0.0,0.0,0.0,0.0,0.0,0.0,0.0,0.0,0.0,0.0,1.0,0.8,0.84,0.92,0.84,0.8,0.76,0.8,0.84,0.76,0.76,0.6799999999999999,0.76,0.8,0.72,0.72,0.64,0.72,0.76,0.6799999999999999,0.6799999999999999,0.6,0.6799999999999999,0.72,0.64,0.64,0.6,0.64,0.6799999999999999,0.6,0.6,0.56,0.6,0.64,0.56,0.56,1.0,0.8,0.84,0.92,0.84,0.8,0.76,0.8,0.84,0.76,0.76,0.6799999999999999,0.76,0.8,0.72,0.72,0.64,0.72,0.76,0.6799999999999999,0.6799999999999999,0.6,0.6799999999999999,0.72,0.64,0.64,0.6,0.64,0.6799999999999999,0.6,0.6,0.56,0.6,0.64,0.56,0.56
345,0.0,0.0,1.0,0.0,0.0,1.0,0.0,0.0,1.0,0.0,1.0,1.0,0.0,0.0,1.0,1.0,0.0,1.0,0.0,0.0,0.0,1.0,1.0,0.0,0.0,1.0,0.0,1.0,0.0,0.0,0.0,0.0,0.0,0.0,0.0,0.0,0.0,0.0,0.0,0.0,1.0,0.0,0.0,0.0,0.0,0.0,0.0,0.0,0.0,0.0,0.0,0.0,1.0,0.0,0.0,0.0,0.0,0.0,0.0,0.0,0.0,0.0,0.0,0.0,0.0,1.0,0.0,0.0,1.0,0.0,0.0,1.0,1.0,0.0,0.0,0.0,0.0,0.0,1.0,0.0,1.0,0.0,0.0,1.0,1.0,0.0,1.0,0.0,1.0,0.0,0.0,0.0,0.0,1.0,0.0,0.0,0.0,0.0,0.0,1.0,0.0,0.0,0.0,0.0,0.84,0.76,1.0,0.76,0.6,0.6799999999999999,0.6799999999999999,1.0,0.72,0.6,0.64,0.64,0.88,0.6799999999999999,0.56,0.6,0.6,0.76,0.64,0.52,0.56,0.6,0.72,0.6,0.52,0.52,0.56,0.6799999999999999,0.56,0.48,0.52,0.52,0.64,0.56,0.48,0.48,0.84,0.76,1.0,0.76,0.6,0.6799999999999999,0.6799999999999999,1.0,0.72,0.6,0.64,0.64,0.88,0.6799999999999999,0.56,0.6,0.6,0.76,0.64,0.52,0.56,0.6,0.72,0.6,0.52,0.52,0.56,0.6799999999999999,0.56,0.48,0.52,0.52,0.64,0.56,0.48,0.48
346,0.0,0.0,1.0,0.0,0.0,1.0,1.0,0.0,1.0,0.0,0.0,0.0,0.0,1.0,1.0,0.0,0.0,1.0,1.0,1.0,0.0,0.0,0.0,0.0,0.0,0.0,0.0,0.0,0.0,1.0,0.0,0.0,0.0,0.0,0.0,0.0,0.0,0.0,0.0,0.0,0.0,1.0,0.0,1.0,0.0,0.0,0.0,0.0,1.0,0.0,0.0,0.0,0.0,1.0,0.0,0.0,0.0,0.0,0.0,0.0,0.0,1.0,0.0,0.0,1.0,0.0,0.0,0.0,0.0,0.0,0.0,0.0,0.0,1.0,0.0,0.0,0.0,1.0,0.0,1.0,1.0,0.0,1.0,1.0,0.0,0.0,1.0,0.0,0.0,0.0,0.0,0.0,0.0,0.0,0.0,0.0,1.0,0.0,0.0,0.0,0.0,0.0,1.0,1.0,1.0,0.92,0.96,0.84,0.88,0.8,0.88,0.88,0.8,0.84,0.76,0.8,0.8,0.76,0.8,0.72,0.76,0.76,0.72,0.76,0.6799999999999999,0.72,0.72,0.6799999999999999,0.6799999999999999,0.64,0.6799999999999999,0.6799999999999999,0.64,0.64,0.6,0.64,0.64,0.6,0.6,0.56,1.0,0.92,0.96,0.84,0.88,0.8,0.88,0.88,0.8,0.84,0.76,0.8,0.8,0.76,0.8,0.72,0.76,0.76,0.72,0.76,0.6799999999999999,0.72,0.72,0.6799999999999999,0.6799999999999999,0.64,0.6799999999999999,0.6799999999999999,0.64,0.64,0.6,0.64,0.64,0.6,0.6,0.56
347,0.0,0.0,0.0,0.0,1.0,1.0,0.0,0.0,0.0,0.0,0.0,0.0,0.0,1.0,0.0,1.0,0.0,0.0,0.0,0.0,0.0,0.0,0.0,1.0,0.0,1.0,0.0,0.0,0.0,0.0,1.0,1.0,1.0,0.0,0.0,0.0,0.0,1.0,1.0,0.0,0.0,0.0,1.0,0.0,0.0,0.0,0.0,0.0,0.0,0.0,0.0,1.0,0.0,1.0,0.0,0.0,0.0,0.0,0.0,0.0,1.0,0.0,1.0,0.0,0.0,0.0,1.0,0.0,1.0,0.0,1.0,0.0,0.0,0.0,0.0,0.0,1.0,0.0,1.0,0.0,0.0,0.0,0.0,0.0,0.0,0.0,0.0,0.0,0.0,0.0,0.0,1.0,0.0,0.0,0.0,1.0,0.0,1.0,0.0,0.0,1.0,0.0,1.0,0.0,0.8,0.84,0.96,0.92,0.96,1.0,0.76,0.96,0.92,0.96,1.0,0.6799999999999999,0.96,0.84,0.92,0.96,0.64,0.92,0.72,0.84,0.84,0.6,0.92,0.6799999999999999,0.72,0.8,0.6,0.72,0.64,0.6799999999999999,0.6799999999999999,0.56,0.6799999999999999,0.6,0.64,0.64,0.8,0.84,0.96,0.92,0.96,1.0,0.76,0.96,0.92,0.96,1.0,0.6799999999999999,0.96,0.84,0.92,0.96,0.64,0.92,0.72,0.84,0.84,0.6,0.92,0.6799999999999999,0.72,0.8,0.6,0.72,0.64,0.6799999999999999,0.6799999999999999,0.56,0.6799999999999999,0.6,0.64,0.64
348,0.0,0.0,1.0,0.0,1.0,0.0,0.0,0.0,0.0,0.0,0.0,0.0,0.0,0.0,0.0,0.0,0.0,0.0,0.0,0.0,0.0,1.0,0.0,1.0,1.0,0.0,1.0,0.0,0.0,0.0,1.0,0.0,0.0,0.0,0.0,0.0,1.0,0.0,0.0,1.0,0.0,1.0,1.0,0.0,1.0,0.0,0.0,0.0,1.0,0.0,0.0,0.0,0.0,0.0,0.0,0.0,0.0,1.0,0.0,1.0,1.0,0.0,0.0,1.0,1.0,1.0,0.0,0.0,0.0,0.0,1.0,0.0,0.0,0.0,0.0,0.0,0.0,1.0,0.0,1.0,0.0,0.0,0.0,1.0,0.0,0.0,1.0,0.0,0.0,0.0,0.0,0.0,0.0,0.0,0.0,1.0,0.0,0.0,0.0,0.0,0.0,0.0,1.0,0.0,0.84,0.92,0.92,0.88,1.0,0.96,0.88,0.8,0.8,1.0,0.84,0.8,0.76,0.72,0.84,0.76,0.72,0.6799999999999999,0.6799999999999999,0.76,0.72,0.6799999999999999,0.64,0.64,0.72,0.6799999999999999,0.64,0.6,0.6,0.6799999999999999,0.64,0.6,0.6,0.56,0.64,0.6,0.84,0.92,0.92,0.88,1.0,0.96,0.88,0.8,0.8,1.0,0.84,0.8,0.76,0.72,0.84,0.76,0.72,0.6799999999999999,0.6799999999999999,0.76,0.72,0.6799999999999999,0.64,0.64,0.72,0.6799999999999999,0.64,0.6,0.6,0.6799999999999999,0.64,0.6,0.6,0.56,0.64,0.6
349,0.0,0.0,0.0,1.0,0.0,0.0,0.0,0.0,0.0,1.0,0.0,1.0,0.0,1.0,0.0,1.0,0.0,0.0,0.0,0.0,1.0,0.0,0.0,0.0,0.0,1.0,0.0,0.0,0.0,0.0,1.0,1.0,0.0,0.0,0.0,0.0,0.0,1.0,0.0,0.0,0.0,0.0,0.0,1.0,0.0,0.0,1.0,1.0,0.0,0.0,0.0,0.0,0.0,0.0,0.0,0.0,0.0,1.0,0.0,1.0,0.0,0.0,0.0,0.0,1.0,0.0,1.0,0.0,0.0,1.0,0.0,0.0,0.0,1.0,0.0,0.0,1.0,0.0,0.0,0.0,1.0,0.0,0.0,0.0,1.0,0.0,1.0,0.0,0.0,0.0,0.0,0.0,1.0,1.0,0.0,0.0,0.0,1.0,0.0,0.0,0.0,0.0,0.0,0.0,0.88,0.8,1.0,0.8,0.8,0.92,0.76,0.84,0.76,0.76,0.8,0.72,0.8,0.72,0.6799999999999999,0.76,0.6799999999999999,0.76,0.6799999999999999,0.64,0.72,0.64,0.6799999999999999,0.64,0.6,0.6799999999999999,0.6,0.64,0.6,0.6,0.64,0.56,0.6,0.56,0.56,0.6,0.88,0.8,1.0,0.8,0.8,0.92,0.76,0.84,0.76,0.76,0.8,0.72,0.8,0.72,0.6799999999999999,0.76,0.6799999999999999,0.76,0.6799999999999999,0.64,0.72,0.64,0.6799999999999999,0.64,0.6,0.6799999999999999,0.6,0.64,0.6,0.6,0.64,0.56,0.6,0.56,0.56,0.6
350,0.0,0.0,0.0,0.0,1.0,0.0,1.0,0.0,0.0,0.0,0.0,1.0,1.0,0.0,1.0,1.0,0.0,0.0,0.0,0.0,0.0,0.0,1.0,0.0,1.0,0.0,0.0,1.0,1.0,0.0,0.0,0.0,1.0,0.0,0.0,0.0,0.0,0.0,0.0,1.0,0.0,0.0,0.0,0.0,0.0,1.0,0.0,0.0,0.0,0.0,0.0,0.0,0.0,0.0,0.0,0.0,0.0,1.0,0.0,0.0,0.0,0.0,1.0,0.0,0.0,0.0,0.0,0.0,0.0,0.0,0.0,0.0,1.0,0.0,0.0,0.0,0.0,1.0,0.0,0.0,0.0,1.0,0.0,1.0,0.0,1.0,0.0,0.0,1.0,0.0,1.0,0.0,0.0,0.0,1.0,1.0,0.0,0.0,1.0,0.0,0.0,0.0,1.0,0.0,0.56,0.6799999999999999,0.64,0.72,0.64,0.72,0.6799999999999999,0.64,0.72,0.64,0.72,0.64,0.6,0.72,0.56,1.0,0.6,0.52,0.84,0.52,0.76,0.52,0.52,0.6,0.52,0.6,0.52,0.48,0.52,0.48,0.52,0.48,0.48,0.52,0.48,0.52,0.56,0.6799999999999999,0.64,0.72,0.64,0.72,0.6799999999999999,0.64,0.72,0.64,0.72,0.64,0.6,0.72,0.56,1.0,0.6,0.52,0.84,0.52,0.76,0.52,0.52,0.6,0.52,0.6,0.52,0.48,0.52,0.48,0.52,0.48,0.48,0.52,0.48,0.52
351,0.0,1.0,0.0,1.0,0.0,1.0,0.0,0.0,0.0,0.0,1.0,0.0,0.0,0.0,0.0,1.0,1.0,0.0,0.0,0.0,0.0,0.0,0.0,0.0,0.0,0.0,1.0,0.0,1.0,0.0,0.0,1.0,1.0,0.0,1.0,0.0,0.0,1.0,1.0,0.0,0.0,0.0,0.0,0.0,0.0,0.0,0.0,0.0,0.0,0.0,0.0,0.0,1.0,0.0,0.0,0.0,1.0,0.0,0.0,0.0,0.0,0.0,0.0,0.0,0.0,0.0,0.0,0.0,0.0,1.0,1.0,1.0,0.0,0.0,0.0,1.0,1.0,0.0,0.0,0.0,0.0,1.0,0.0,0.0,0.0,0.0,0.0,0.0,0.0,0.0,0.0,0.0,0.0,0.0,1.0,1.0,0.0,1.0,0.0,1.0,0.0,0.0,1.0,0.0,0.88,0.76,0.84,1.0,0.76,0.76,0.72,0.8,0.88,0.72,0.72,0.6799999999999999,0.76,0.8,0.6799999999999999,0.6799999999999999,0.64,0.6799999999999999,0.76,0.64,0.64,0.6,0.64,0.72,0.6,0.6,0.56,0.6,0.6799999999999999,0.56,0.56,0.56,0.6,0.64,0.52,0.52,0.88,0.76,0.84,1.0,0.76,0.76,0.72,0.8,0.88,0.72,0.72,0.6799999999999999,0.76,0.8,0.6799999999999999,0.6799999999999999,0.64,0.6799999999999999,0.76,0.64,0.64,0.6,0.64,0.72,0.6,0.6,0.56,0.6,0.6799999999999999,0.56,0.56,0.56,0.6,0.64,0.52,0.52
352,0.0,0.0,0.0,0.0,0.0,0.0,1.0,0.0,1.0,0.0,0.0,1.0,0.0,1.0,1.0,0.0,0.0,1.0,1.0,0.0,0.0,0.0,0.0,0.0,1.0,0.0,0.0,0.0,0.0,0.0,1.0,0.0,0.0,1.0,0.0,1.0,1.0,0.0,0.0,0.0,0.0,0.0,0.0,0.0,0.0,0.0,1.0,0.0,0.0,0.0,0.0,0.0,0.0,0.0,1.0,0.0,0.0,0.0,0.0,1.0,0.0,1.0,1.0,0.0,0.0,0.0,0.0,1.0,0.0,0.0,0.0,0.0,0.0,0.0,1.0,1.0,0.0,0.0,0.0,1.0,0.0,0.0,0.0,1.0,0.0,0.0,0.0,0.0,0.0,1.0,1.0,0.0,1.0,0.0,0.0,0.0,1.0,0.0,0.0,0.0,0.0,0.0,0.0,0.0,0.8,0.88,0.92,1.0,0.64,0.76,0.84,0.88,1.0,0.6,0.6799999999999999,0.76,0.88,0.88,0.56,0.64,0.6799999999999999,0.8,0.84,0.56,0.6,0.64,0.72,0.72,0.52,0.6,0.6,0.6799999999999999,0.6799999999999999,0.52,0.56,0.6,0.64,0.64,0.48,0.52,0.8,0.88,0.92,1.0,0.64,0.76,0.84,0.88,1.0,0.6,0.6799999999999999,0.76,0.88,0.88,0.56,0.64,0.6799999999999999,0.8,0.84,0.56,0.6,0.64,0.72,0.72,0.52,0.6,0.6,0.6799999999999999,0.6799999999999999,0.52,0.56,0.6,0.64,0.64,0.48,0.52
353,1.0,0.0,1.0,0.0,0.0,1.0,0.0,0.0,0.0,0.0,0.0,0.0,0.0,0.0,0.0,0.0,0.0,0.0,0.0,0.0,0.0,0.0,0.0,0.0,0.0,0.0,1.0,1.0,1.0,1.0,1.0,1.0,0.0,1.0,1.0,0.0,0.0,0.0,0.0,0.0,0.0,1.0,1.0,0.0,0.0,0.0,0.0,0.0,0.0,0.0,0.0,0.0,0.0,1.0,0.0,0.0,0.0,0.0,0.0,0.0,0.0,1.0,0.0,0.0,1.0,0.0,0.0,0.0,0.0,1.0,1.0,1.0,0.0,0.0,1.0,1.0,0.0,0.0,0.0,0.0,0.0,0.0,0.0,0.0,0.0,0.0,0.0,0.0,1.0,1.0,0.0,1.0,0.0,0.0,0.0,1.0,0.0,0.0,1.0,0.0,0.0,0.0,0.0,0.0,0.84,0.64,0.6799999999999999,1.0,0.6,0.64,0.6,0.64,0.88,0.56,0.6,0.6,0.6,0.8,0.56,0.56,0.56,0.56,0.76,0.52,0.56,0.52,0.52,0.6799999999999999,0.52,0.52,0.52,0.52,0.64,0.48,0.52,0.48,0.48,0.6,0.48,0.48,0.84,0.64,0.6799999999999999,1.0,0.6,0.64,0.6,0.64,0.88,0.56,0.6,0.6,0.6,0.8,0.56,0.56,0.56,0.56,0.76,0.52,0.56,0.52,0.52,0.6799999999999999,0.52,0.52,0.52,0.52,0.64,0.48,0.52,0.48,0.48,0.6,0.48,0.48
354,0.0,1.0,0.0,0.0,0.0,0.0,0.0,0.0,0.0,0.0,1.0,1.0,0.0,1.0,0.0,0.0,0.0,0.0,0.0,0.0,1.0,0.0,0.0,0.0,1.0,0.0,1.0,0.0,0.0,0.0,0.0,1.0,0.0,0.0,0.0,0.0,0.0,0.0,0.0,1.0,0.0,1.0,1.0,1.0,0.0,0.0,0.0,0.0,0.0,0.0,1.0,0.0,0.0,0.0,1.0,1.0,0.0,1.0,1.0,0.0,1.0,1.0,0.0,0.0,0.0,0.0,0.0,1.0,1.0,0.0,0.0,0.0,0.0,0.0,0.0,0.0,0.0,0.0,0.0,0.0,1.0,0.0,0.0,0.0,1.0,0.0,0.0,1.0,0.0,1.0,0.0,0.0,0.0,0.0,0.0,0.0,0.0,0.0,1.0,0.0,0.0,0.0,0.0,0.0,0.88,1.0,0.64,0.6799999999999999,0.6799999999999999,0.6799999999999999,0.88,0.6,0.64,0.64,0.64,0.84,0.56,0.6,0.6,0.6,0.76,0.56,0.56,0.56,0.56,0.72,0.52,0.52,0.56,0.56,0.6799999999999999,0.52,0.52,0.52,0.52,0.64,0.48,0.48,0.52,0.52,0.88,1.0,0.64,0.6799999999999999,0.6799999999999999,0.6799999999999999,0.88,0.6,0.64,0.64,0.64,0.84,0.56,0.6,0.6,0.6,0.76,0.56,0.56,0.56,0.56,0.72,0.52,0.52,0.56,0.56,0.6799999999999999,0.52,0.52,0.52,0.52,0.64,0.48,0.48,0.52,0.52
355,0.0,0.0,0.0,0.0,0.0,1.0,0.0,0.0,0.0,1.0,0.0,0.0,0.0,0.0,0.0,0.0,1.0,0.0,1.0,1.0,0.0,0.0,0.0,0.0,0.0,0.0,0.0,1.0,1.0,0.0,0.0,0.0,0.0,0.0,0.0,0.0,0.0,1.0,0.0,0.0,1.0,0.0,0.0,0.0,1.0,1.0,0.0,0.0,1.0,0.0,0.0,1.0,1.0,0.0,1.0,0.0,0.0,0.0,0.0,0.0,1.0,0.0,0.0,1.0,1.0,0.0,0.0,0.0,0.0,0.0,0.0,0.0,1.0,0.0,0.0,1.0,1.0,1.0,0.0,0.0,0.0,1.0,0.0,0.0,0.0,1.0,0.0,1.0,1.0,0.0,0.0,0.0,0.0,0.0,0.0,0.0,0.0,0.0,0.0,0.0,0.0,0.0,0.0,0.0,0.56,0.6799999999999999,0.6799999999999999,0.72,0.64,0.72,0.6799999999999999,0.6799999999999999,0.72,0.64,0.72,0.6799999999999999,0.6799999999999999,0.72,0.56,0.96,0.6799999999999999,0.6799999999999999,1.0,0.52,0.96,0.88,0.88,1.0,0.48,0.84,0.64,0.52,0.6799999999999999,0.48,0.52,0.52,0.52,0.52,0.48,0.52,0.56,0.6799999999999999,0.6799999999999999,0.72,0.64,0.72,0.6799999999999999,0.6799999999999999,0.72,0.64,0.72,0.6799999999999999,0.6799999999999999,0.72,0.56,0.96,0.6799999999999999,0.6799999999999999,1.0,0.52,0.96,0.88,0.88,1.0,0.48,0.84,0.64,0.52,0.6799999999999999,0.48,0.52,0.52,0.52,0.52,0.48,0.52
356,0.0,0.0,0.0,0.0,0.0,0.0,0.0,0.0,0.0,0.0,0.0,1.0,0.0,1.0,1.0,1.0,1.0,1.0,0.0,0.0,0.0,1.0,0.0,0.0,0.0,0.0,1.0,0.0,1.0,0.0,0.0,0.0,0.0,0.0,1.0,0.0,0.0,0.0,0.0,0.0,1.0,0.0,0.0,0.0,0.0,0.0,1.0,0.0,0.0,0.0,1.0,0.0,0.0,1.0,0.0,1.0,0.0,0.0,0.0,1.0,0.0,0.0,1.0,0.0,0.0,0.0,0.0,0.0,0.0,0.0,0.0,1.0,0.0,0.0,0.0,0.0,0.0,1.0,0.0,1.0,0.0,1.0,0.0,0.0,0.0,0.0,0.0,0.0,0.0,1.0,0.0,0.0,0.0,1.0,1.0,1.0,0.0,0.0,0.0,0.0,0.0,0.0,0.0,1.0,0.92,0.8,1.0,0.8,0.84,0.8,0.76,0.88,0.76,0.8,0.76,0.6799999999999999,0.8,0.72,0.76,0.72,0.64,0.76,0.6799999999999999,0.72,0.6799999999999999,0.6,0.72,0.64,0.6799999999999999,0.64,0.6,0.6799999999999999,0.6,0.64,0.6,0.56,0.64,0.56,0.6,0.56,0.92,0.8,1.0,0.8,0.84,0.8,0.76,0.88,0.76,0.8,0.76,0.6799999999999999,0.8,0.72,0.76,0.72,0.64,0.76,0.6799999999999999,0.72,0.6799999999999999,0.6,0.72,0.64,0.6799999999999999,0.64,0.6,0.6799999999999999,0.6,0.64,0.6,0.56,0.64,0.56,0.6,0.56
357,0.0,0.0,0.0,1.0,0.0,0.0,0.0,1.0,0.0,0.0,1.0,0.0,0.0,0.0,0.0,0.0,1.0,0.0,0.0,0.0,0.0,0.0,0.0,0.0,1.0,0.0,1.0,0.0,0.0,0.0,0.0,1.0,1.0,0.0,0.0,0.0,0.0,1.0,1.0,0.0,1.0,0.0,1.0,0.0,0.0,1.0,0.0,0.0,0.0,0.0,0.0,0.0,1.0,0.0,0.0,0.0,0.0,0.0,0.0,0.0,1.0,0.0,0.0,1.0,0.0,1.0,1.0,0.0,0.0,0.0,0.0,1.0,0.0,1.0,0.0,0.0,0.0,1.0,0.0,1.0,0.0,0.0,1.0,0.0,0.0,0.0,0.0,1.0,0.0,0.0,0.0,0.0,0.0,0.0,0.0,0.0,0.0,0.0,1.0,0.0,0.0,0.0,0.0,1.0,0.64,0.6799999999999999,0.72,0.8,0.6,0.76,0.64,0.72,0.8,0.56,0.72,0.6,0.72,0.8,0.52,0.76,0.56,0.6,1.0,0.52,0.72,0.52,0.56,0.6799999999999999,0.48,0.56,0.52,0.52,0.56,0.48,0.52,0.48,0.52,0.56,0.48,0.52,0.64,0.6799999999999999,0.72,0.8,0.6,0.76,0.64,0.72,0.8,0.56,0.72,0.6,0.72,0.8,0.52,0.76,0.56,0.6,1.0,0.52,0.72,0.52,0.56,0.6799999999999999,0.48,0.56,0.52,0.52,0.56,0.48,0.52,0.48,0.52,0.56,0.48,0.52
358,0.0,1.0,0.0,0.0,0.0,0.0,0.0,0.0,0.0,0.0,1.0,0.0,0.0,0.0,0.0,0.0,1.0,1.0,1.0,0.0,0.0,0.0,0.0,0.0,0.0,0.0,0.0,0.0,0.0,0.0,0.0,0.0,1.0,1.0,0.0,1.0,0.0,0.0,0.0,1.0,0.0,0.0,0.0,0.0,1.0,0.0,1.0,0.0,1.0,1.0,0.0,0.0,1.0,0.0,0.0,0.0,0.0,0.0,0.0,0.0,0.0,0.0,0.0,0.0,0.0,0.0,0.0,0.0,0.0,0.0,0.0,1.0,1.0,1.0,0.0,0.0,0.0,1.0,1.0,0.0,0.0,1.0,1.0,0.0,0.0,0.0,1.0,0.0,0.0,1.0,0.0,0.0,0.0,0.0,1.0,0.0,0.0,1.0,0.0,0.0,0.0,0.0,1.0,0.0,0.88,0.64,0.76,0.92,1.0,0.6799999999999999,0.6,0.6799999999999999,0.84,0.84,0.64,0.6,0.64,0.76,0.8,0.6,0.56,0.6,0.72,0.76,0.56,0.52,0.6,0.6799999999999999,0.6799999999999999,0.56,0.52,0.56,0.64,0.64,0.52,0.48,0.52,0.6,0.6,0.52,0.88,0.64,0.76,0.92,1.0,0.6799999999999999,0.6,0.6799999999999999,0.84,0.84,0.64,0.6,0.64,0.76,0.8,0.6,0.56,0.6,0.72,0.76,0.56,0.52,0.6,0.6799999999999999,0.6799999999999999,0.56,0.52,0.56,0.64,0.64,0.52,0.48,0.52,0.6,0.6,0.52
359,0.0,0.0,0.0,1.0,1.0,1.0,0.0,0.0,0.0,0.0,0.0,1.0,0.0,0.0,0.0,0.0,0.0,0.0,0.0,0.0,0.0,0.0,0.0,0.0,0.0,0.0,0.0,0.0,0.0,0.0,0.0,1.0,0.0,0.0,1.0,0.0,0.0,1.0,1.0,1.0,0.0,0.0,0.0,1.0,1.0,0.0,0.0,0.0,0.0,1.0,0.0,1.0,0.0,0.0,1.0,0.0,0.0,0.0,0.0,0.0,0.0,0.0,0.0,0.0,0.0,0.0,0.0,1.0,0.0,0.0,1.0,1.0,0.0,0.0,0.0,1.0,0.0,1.0,1.0,0.0,1.0,1.0,0.0,0.0,0.0,1.0,0.0,1.0,0.0,0.0,0.0,0.0,0.0,1.0,0.0,0.0,0.0,0.0,0.0,1.0,0.0,0.0,0.0,0.0,0.56,0.52,0.6,0.72,0.64,0.64,0.52,0.56,0.72,0.64,0.6,0.48,0.52,0.72,0.6,0.56,0.48,0.48,1.0,0.56,0.56,0.48,0.48,0.84,0.52,0.48,0.43999999999999995,0.48,0.6799999999999999,0.48,0.48,0.43999999999999995,0.43999999999999995,0.52,0.48,0.48,0.56,0.52,0.6,0.72,0.64,0.64,0.52,0.56,0.72,0.64,0.6,0.48,0.52,0.72,0.6,0.56,0.48,0.48,1.0,0.56,0.56,0.48,0.48,0.84,0.52,0.48,0.43999999999999995,0.48,0.6799999999999999,0.48,0.48,0.43999999999999995,0.43999999999999995,0.52,0.48,0.48
360,0.0,0.0,0.0,0.0,0.0,0.0,1.0,0.0,0.0,0.0,0.0,0.0,0.0,1.0,0.0,1.0,0.0,1.0,0.0,0.0,0.0,0.0,1.0,1.0,0.0,0.0,0.0,0.0,0.0,1.0,1.0,0.0,0.0,0.0,1.0,1.0,0.0,0.0,0.0,1.0,0.0,0.0,0.0,0.0,1.0,1.0,0.0,0.0,0.0,0.0,0.0,0.0,0.0,1.0,0.0,0.0,0.0,1.0,0.0,1.0,0.0,0.0,0.0,0.0,1.0,0.0,0.0,0.0,1.0,0.0,1.0,0.0,0.0,1.0,0.0,0.0,0.0,0.0,0.0,0.0,1.0,0.0,0.0,0.0,0.0,0.0,0.0,0.0,0.0,1.0,0.0,0.0,1.0,0.0,0.0,1.0,0.0,0.0,0.0,0.0,1.0,0.0,1.0,0.0,1.0,0.72,0.96,0.8,0.84,0.76,0.6799999999999999,0.88,0.76,0.8,0.72,0.64,0.8,0.72,0.76,0.6799999999999999,0.6,0.76,0.6799999999999999,0.6799999999999999,0.64,0.56,0.72,0.64,0.64,0.6,0.56,0.6799999999999999,0.6,0.6,0.56,0.52,0.64,0.56,0.6,0.56,1.0,0.72,0.96,0.8,0.84,0.76,0.6799999999999999,0.88,0.76,0.8,0.72,0.64,0.8,0.72,0.76,0.6799999999999999,0.6,0.76,0.6799999999999999,0.6799999999999999,0.64,0.56,0.72,0.64,0.64,0.6,0.56,0.6799999999999999,0.6,0.6,0.56,0.52,0.64,0.56,0.6,0.56
361,0.0,0.0,0.0,0.0,0.0,1.0,1.0,0.0,0.0,0.0,0.0,0.0,1.0,0.0,0.0,0.0,1.0,0.0,0.0,1.0,0.0,0.0,0.0,0.0,0.0,0.0,0.0,1.0,0.0,1.0,0.0,1.0,1.0,0.0,0.0,0.0,0.0,1.0,1.0,0.0,0.0,0.0,0.0,0.0,0.0,1.0,0.0,0.0,0.0,0.0,1.0,0.0,0.0,0.0,0.0,1.0,0.0,0.0,0.0,0.0,1.0,1.0,0.0,1.0,0.0,0.0,0.0,1.0,0.0,0.0,1.0,0.0,0.0,1.0,0.0,0.0,0.0,0.0,1.0,0.0,0.0,0.0,1.0,0.0,0.0,1.0,0.0,1.0,0.0,0.0,0.0,1.0,0.0,1.0,0.0,0.0,0.0,0.0,0.0,0.0,0.0,0.0,0.0,0.0,0.72,0.8,0.6,0.88,0.56,0.72,0.8,0.56,0.88,0.56,0.6799999999999999,0.72,0.52,0.84,0.52,0.6,0.6799999999999999,0.52,1.0,0.52,0.56,0.6,0.48,0.6799999999999999,0.48,0.56,0.6,0.48,0.64,0.48,0.52,0.56,0.48,0.6,0.48,0.52,0.72,0.8,0.6,0.88,0.56,0.72,0.8,0.56,0.88,0.56,0.6799999999999999,0.72,0.52,0.84,0.52,0.6,0.6799999999999999,0.52,1.0,0.52,0.56,0.6,0.48,0.6799999999999999,0.48,0.56,0.6,0.48,0.64,0.48,0.52,0.56,0.48,0.6,0.48,0.52
362,0.0,1.0,0.0,0.0,0.0,0.0,0.0,0.0,1.0,1.0,0.0,1.0,0.0,1.0,1.0,0.0,1.0,0.0,0.0,0.0,0.0,0.0,0.0,1.0,0.0,0.0,0.0,0.0,0.0,0.0,0.0,0.0,0.0,0.0,0.0,0.0,0.0,0.0,1.0,1.0,0.0,1.0,1.0,0.0,0.0,0.0,0.0,0.0,0.0,0.0,1.0,0.0,1.0,0.0,0.0,0.0,0.0,1.0,0.0,1.0,0.0,0.0,1.0,0.0,0.0,0.0,0.0,0.0,0.0,0.0,0.0,1.0,0.0,0.0,0.0,0.0,1.0,0.0,0.0,0.0,1.0,0.0,0.0,0.0,0.0,1.0,1.0,1.0,0.0,0.0,0.0,0.0,0.0,0.0,0.0,1.0,0.0,0.0,0.0,0.0,0.0,1.0,0.0,1.0,0.76,0.88,0.84,0.8,0.88,0.88,0.88,0.8,0.6799999999999999,0.88,0.88,0.88,0.72,0.64,0.88,1.0,0.88,0.64,0.6,0.88,0.6799999999999999,1.0,0.6,0.56,0.6799999999999999,0.64,0.6799999999999999,0.6,0.56,0.64,0.6,0.64,0.56,0.52,0.6,0.56,0.76,0.88,0.84,0.8,0.88,0.88,0.88,0.8,0.6799999999999999,0.88,0.88,0.88,0.72,0.64,0.88,1.0,0.88,0.64,0.6,0.88,0.6799999999999999,1.0,0.6,0.56,0.6799999999999999,0.64,0.6799999999999999,0.6,0.56,0.64,0.6,0.64,0.56,0.52,0.6,0.56
363,0.0,1.0,0.0,1.0,0.0,1.0,0.0,0.0,0.0,0.0,0.0,0.0,1.0,0.0,0.0,1.0,1.0,0.0,0.0,1.0,0.0,0.0,1.0,0.0,0.0,0.0,0.0,1.0,0.0,1.0,0.0,0.0,0.0,1.0,1.0,0.0,0.0,0.0,0.0,0.0,0.0,1.0,0.0,0.0,0.0,0.0,0.0,0.0,0.0,0.0,0.0,0.0,0.0,0.0,0.0,0.0,0.0,0.0,0.0,0.0,1.0,0.0,1.0,0.0,0.0,1.0,1.0,0.0,0.0,1.0,0.0,0.0,1.0,1.0,0.0,0.0,1.0,0.0,0.0,0.0,0.0,0.0,0.0,0.0,0.0,0.0,0.0,1.0,0.0,0.0,1.0,1.0,1.0,0.0,0.0,0.0,0.0,0.0,0.0,0.0,0.0,0.0,1.0,0.0,0.84,0.72,1.0,0.76,0.64,0.76,0.6799999999999999,1.0,0.6799999999999999,0.6,0.6799999999999999,0.64,1.0,0.64,0.56,0.64,0.6,0.84,0.6,0.56,0.6,0.56,0.76,0.6,0.52,0.6,0.56,0.72,0.56,0.52,0.56,0.52,0.6799999999999999,0.52,0.48,0.52,0.84,0.72,1.0,0.76,0.64,0.76,0.6799999999999999,1.0,0.6799999999999999,0.6,0.6799999999999999,0.64,1.0,0.64,0.56,0.64,0.6,0.84,0.6,0.56,0.6,0.56,0.76,0.6,0.52,0.6,0.56,0.72,0.56,0.52,0.56,0.52,0.6799999999999999,0.52,0.48,0.52
364,0.0,1.0,0.0,0.0,0.0,1.0,0.0,0.0,0.0,0.0,0.0,0.0,0.0,0.0,0.0,0.0,0.0,1.0,0.0,0.0,0.0,0.0,0.0,1.0,1.0,1.0,1.0,0.0,0.0,0.0,0.0,1.0,0.0,0.0,0.0,0.0,1.0,1.0,0.0,0.0,0.0,0.0,1.0,0.0,0.0,0.0,0.0,1.0,1.0,0.0,0.0,0.0,0.0,0.0,0.0,0.0,0.0,0.0,0.0,1.0,1.0,0.0,0.0,0.0,0.0,1.0,0.0,1.0,0.0,0.0,0.0,0.0,0.0,0.0,0.0,0.0,0.0,0.0,0.0,0.0,0.0,1.0,1.0,0.0,0.0,0.0,0.0,1.0,0.0,0.0,0.0,0.0,1.0,1.0,0.0,0.0,1.0,1.0,1.0,0.0,0.0,0.0,1.0,0.0,0.84,0.76,0.88,1.0,1.0,0.8,0.72,0.76,0.92,0.92,0.72,0.6799999999999999,0.72,0.84,0.84,0.6799999999999999,0.64,0.6799999999999999,0.76,0.76,0.64,0.6,0.64,0.72,0.72,0.6,0.56,0.6,0.6799999999999999,0.6799999999999999,0.56,0.52,0.56,0.64,0.64,0.56,0.84,0.76,0.88,1.0,1.0,0.8,0.72,0.76,0.92,0.92,0.72,0.6799999999999999,0.72,0.84,0.84,0.6799999999999999,0.64,0.6799999999999999,0.76,0.76,0.64,0.6,0.64,0.72,0.72,0.6,0.56,0.6,0.6799999999999999,0.6799999999999999,0.56,0.52,0.56,0.64,0.64,0.56
365,0.0,1.0,0.0,0.0,0.0,0.0,1.0,0.0,1.0,0.0,0.0,0.0,0.0,0.0,0.0,0.0,1.0,0.0,1.0,0.0,0.0,0.0,0.0,1.0,1.0,0.0,1.0,0.0,1.0,0.0,0.0,0.0,0.0,1.0,1.0,1.0,0.0,0.0,0.0,0.0,0.0,0.0,1.0,0.0,0.0,0.0,0.0,0.0,0.0,0.0,0.0,0.0,1.0,0.0,0.0,0.0,0.0,0.0,0.0,0.0,0.0,0.0,1.0,0.0,0.0,0.0,1.0,1.0,0.0,1.0,0.0,0.0,0.0,0.0,0.0,0.0,0.0,1.0,0.0,1.0,0.0,0.0,0.0,1.0,0.0,0.0,0.0,0.0,1.0,1.0,0.0,0.0,0.0,1.0,0.0,1.0,0.0,0.0,0.0,1.0,0.0,0.0,0.0,0.0,0.88,0.6,0.96,1.0,0.64,0.64,0.6,0.84,0.96,0.6,0.6,0.56,0.8,0.92,0.56,0.56,0.52,0.76,0.76,0.52,0.56,0.52,0.72,0.72,0.52,0.52,0.48,0.6799999999999999,0.6799999999999999,0.48,0.52,0.48,0.64,0.64,0.48,0.48,0.88,0.6,0.96,1.0,0.64,0.64,0.6,0.84,0.96,0.6,0.6,0.56,0.8,0.92,0.56,0.56,0.52,0.76,0.76,0.52,0.56,0.52,0.72,0.72,0.52,0.52,0.48,0.6799999999999999,0.6799999999999999,0.48,0.52,0.48,0.64,0.64,0.48,0.48
366,1.0,0.0,0.0,0.0,1.0,1.0,1.0,0.0,0.0,0.0,1.0,1.0,0.0,0.0,0.0,0.0,0.0,0.0,0.0,0.0,0.0,0.0,0.0,0.0,0.0,0.0,1.0,0.0,0.0,0.0,1.0,0.0,0.0,0.0,0.0,0.0,1.0,1.0,0.0,0.0,0.0,0.0,0.0,0.0,1.0,1.0,0.0,0.0,0.0,0.0,1.0,0.0,0.0,0.0,1.0,1.0,0.0,0.0,0.0,0.0,1.0,0.0,0.0,0.0,1.0,0.0,0.0,1.0,0.0,0.0,0.0,0.0,1.0,0.0,0.0,0.0,0.0,0.0,0.0,0.0,0.0,0.0,0.0,1.0,1.0,0.0,0.0,1.0,0.0,0.0,0.0,0.0,0.0,1.0,1.0,0.0,0.0,0.0,0.0,1.0,0.0,0.0,0.0,1.0,0.6,0.72,0.52,0.6799999999999999,0.72,0.56,0.72,0.52,0.6799999999999999,0.72,0.52,0.72,0.48,0.64,0.72,0.52,0.72,0.48,0.6,0.8,0.48,1.0,0.48,0.52,0.56,0.48,0.56,0.43999999999999995,0.52,0.52,0.48,0.52,0.43999999999999995,0.48,0.52,0.43999999999999995,0.6,0.72,0.52,0.6799999999999999,0.72,0.56,0.72,0.52,0.6799999999999999,0.72,0.52,0.72,0.48,0.64,0.72,0.52,0.72,0.48,0.6,0.8,0.48,1.0,0.48,0.52,0.56,0.48,0.56,0.43999999999999995,0.52,0.52,0.48,0.52,0.43999999999999995,0.48,0.52,0.43999999999999995
367,1.0,1.0,0.0,1.0,0.0,1.0,0.0,0.0,0.0,0.0,0.0,0.0,0.0,0.0,1.0,0.0,1.0,0.0,0.0,0.0,1.0,0.0,0.0,1.0,0.0,0.0,1.0,1.0,1.0,0.0,0.0,0.0,0.0,0.0,0.0,0.0,1.0,0.0,0.0,0.0,0.0,0.0,0.0,0.0,0.0,0.0,0.0,0.0,0.0,0.0,0.0,1.0,0.0,0.0,0.0,0.0,1.0,0.0,0.0,1.0,1.0,0.0,0.0,0.0,0.0,0.0,0.0,0.0,0.0,1.0,1.0,1.0,0.0,1.0,0.0,0.0,1.0,0.0,0.0,0.0,0.0,0.0,0.0,0.0,0.0,0.0,1.0,0.0,0.0,0.0,0.0,0.0,0.0,1.0,0.0,1.0,0.0,0.0,0.0,0.0,1.0,1.0,0.0,0.0,0.88,0.72,1.0,0.64,0.6799999999999999,0.6799999999999999,0.6799999999999999,0.84,0.6,0.64,0.64,0.64,0.8,0.56,0.6,0.6,0.6,0.76,0.56,0.56,0.56,0.56,0.6799999999999999,0.52,0.52,0.56,0.52,0.64,0.52,0.52,0.52,0.52,0.6,0.48,0.48,0.52,0.88,0.72,1.0,0.64,0.6799999999999999,0.6799999999999999,0.6799999999999999,0.84,0.6,0.64,0.64,0.64,0.8,0.56,0.6,0.6,0.6,0.76,0.56,0.56,0.56,0.56,0.6799999999999999,0.52,0.52,0.56,0.52,0.64,0.52,0.52,0.52,0.52,0.6,0.48,0.48,0.52
368,0.0,0.0,0.0,1.0,0.0,0.0,0.0,0.0,0.0,1.0,1.0,0.0,0.0,0.0,0.0,0.0,0.0,0.0,0.0,0.0,1.0,0.0,0.0,0.0,0.0,1.0,0.0,0.0,0.0,0.0,1.0,1.0,0.0,0.0,1.0,0.0,0.0,0.0,1.0,0.0,0.0,0.0,0.0,0.0,1.0,0.0,1.0,0.0,1.0,0.0,0.0,1.0,1.0,0.0,0.0,0.0,0.0,1.0,0.0,1.0,1.0,0.0,0.0,0.0,0.0,0.0,1.0,1.0,1.0,0.0,0.0,1.0,0.0,0.0,0.0,0.0,1.0,0.0,0.0,0.0,0.0,0.0,0.0,0.0,0.0,0.0,0.0,0.0,0.0,0.0,0.0,1.0,0.0,1.0,1.0,0.0,0.0,0.0,0.0,1.0,0.0,0.0,0.0,0.0,0.8,0.88,0.88,0.72,1.0,0.84,0.84,0.84,0.6799999999999999,1.0,0.76,0.76,0.76,0.64,0.92,0.6799999999999999,0.72,0.6799999999999999,0.6,0.76,0.64,0.6799999999999999,0.64,0.56,0.72,0.6,0.64,0.6,0.52,0.6799999999999999,0.6,0.6,0.6,0.52,0.64,0.56,0.8,0.88,0.88,0.72,1.0,0.84,0.84,0.84,0.6799999999999999,1.0,0.76,0.76,0.76,0.64,0.92,0.6799999999999999,0.72,0.6799999999999999,0.6,0.76,0.64,0.6799999999999999,0.64,0.56,0.72,0.6,0.64,0.6,0.52,0.6799999999999999,0.6,0.6,0.6,0.52,0.64,0.56
369,0.0,0.0,0.0,0.0,1.0,0.0,0.0,0.0,0.0,1.0,1.0,0.0,0.0,0.0,0.0,1.0,0.0,1.0,0.0,0.0,0.0,1.0,0.0,0.0,0.0,0.0,0.0,0.0,0.0,0.0,1.0,1.0,0.0,0.0,0.0,1.0,0.0,0.0,0.0,0.0,0.0,0.0,0.0,0.0,0.0,1.0,1.0,1.0,1.0,0.0,0.0,0.0,1.0,0.0,0.0,0.0,0.0,1.0,1.0,0.0,1.0,0.0,0.0,0.0,0.0,1.0,1.0,0.0,1.0,0.0,1.0,1.0,0.0,0.0,0.0,1.0,0.0,0.0,0.0,0.0,0.0,1.0,0.0,0.0,0.0,0.0,0.0,0.0,0.0,0.0,0.0,1.0,0.0,0.0,0.0,1.0,0.0,0.0,0.0,0.0,0.0,0.0,0.0,0.0,1.0,0.72,0.84,0.64,0.6799999999999999,0.64,0.6799999999999999,0.76,0.6,0.64,0.6,0.64,0.72,0.56,0.6,0.56,0.6,0.6799999999999999,0.52,0.56,0.56,0.56,0.64,0.52,0.52,0.52,0.52,0.6,0.48,0.52,0.52,0.52,0.56,0.48,0.48,0.48,1.0,0.72,0.84,0.64,0.6799999999999999,0.64,0.6799999999999999,0.76,0.6,0.64,0.6,0.64,0.72,0.56,0.6,0.56,0.6,0.6799999999999999,0.52,0.56,0.56,0.56,0.64,0.52,0.52,0.52,0.52,0.6,0.48,0.52,0.52,0.52,0.56,0.48,0.48,0.48
370,1.0,0.0,0.0,1.0,0.0,1.0,1.0,0.0,0.0,0.0,0.0,0.0,0.0,0.0,0.0,0.0,1.0,0.0,0.0,0.0,1.0,0.0,0.0,0.0,0.0,0.0,1.0,0.0,0.0,0.0,0.0,0.0,1.0,0.0,0.0,0.0,1.0,0.0,1.0,0.0,0.0,0.0,1.0,0.0,0.0,0.0,0.0,0.0,1.0,1.0,0.0,0.0,0.0,1.0,0.0,0.0,1.0,0.0,0.0,0.0,0.0,1.0,1.0,0.0,0.0,0.0,0.0,0.0,0.0,0.0,1.0,0.0,0.0,0.0,0.0,1.0,0.0,1.0,0.0,0.0,1.0,0.0,0.0,0.0,0.0,0.0,1.0,0.0,0.0,1.0,0.0,0.0,0.0,0.0,0.0,0.0,0.0,1.0,0.0,1.0,0.0,0.0,1.0,0.0,0.84,0.96,0.76,1.0,0.88,0.88,0.96,0.72,0.88,0.84,0.84,0.88,0.6799999999999999,0.8,0.76,0.76,0.76,0.64,0.76,0.72,0.6799999999999999,0.72,0.6,0.6799999999999999,0.6799999999999999,0.64,0.6799999999999999,0.56,0.64,0.64,0.6,0.64,0.56,0.6,0.6,0.6,0.84,0.96,0.76,1.0,0.88,0.88,0.96,0.72,0.88,0.84,0.84,0.88,0.6799999999999999,0.8,0.76,0.76,0.76,0.64,0.76,0.72,0.6799999999999999,0.72,0.6,0.6799999999999999,0.6799999999999999,0.64,0.6799999999999999,0.56,0.64,0.64,0.6,0.64,0.56,0.6,0.6,0.6
371,1.0,0.0,0.0,0.0,0.0,0.0,0.0,0.0,0.0,0.0,1.0,0.0,0.0,0.0,0.0,1.0,0.0,0.0,1.0,0.0,0.0,0.0,0.0,0.0,0.0,0.0,0.0,0.0,0.0,1.0,0.0,1.0,1.0,0.0,0.0,0.0,0.0,0.0,0.0,1.0,0.0,1.0,0.0,1.0,0.0,0.0,1.0,1.0,0.0,1.0,0.0,0.0,0.0,0.0,0.0,0.0,0.0,1.0,0.0,1.0,0.0,1.0,0.0,1.0,1.0,1.0,1.0,0.0,1.0,0.0,0.0,1.0,1.0,1.0,0.0,0.0,0.0,0.0,0.0,0.0,0.0,0.0,0.0,0.0,0.0,0.0,0.0,0.0,0.0,0.0,0.0,0.0,1.0,0.0,0.0,0.0,1.0,0.0,0.0,0.0,0.0,0.0,0.0,0.0,0.88,0.8,1.0,0.6,0.8,0.64,0.76,0.84,0.6,0.76,0.6,0.72,0.8,0.56,0.72,0.56,0.6799999999999999,0.76,0.52,0.6799999999999999,0.56,0.64,0.6799999999999999,0.52,0.64,0.52,0.6,0.64,0.48,0.6,0.52,0.56,0.6,0.48,0.56,0.48,0.88,0.8,1.0,0.6,0.8,0.64,0.76,0.84,0.6,0.76,0.6,0.72,0.8,0.56,0.72,0.56,0.6799999999999999,0.76,0.52,0.6799999999999999,0.56,0.64,0.6799999999999999,0.52,0.64,0.52,0.6,0.64,0.48,0.6,0.52,0.56,0.6,0.48,0.56,0.48
372,1.0,0.0,0.0,0.0,1.0,0.0,0.0,0.0,0.0,0.0,0.0,1.0,0.0,0.0,1.0,0.0,0.0,1.0,0.0,1.0,0.0,0.0,0.0,0.0,0.0,0.0,0.0,1.0,1.0,0.0,1.0,1.0,0.0,0.0,1.0,0.0,0.0,0.0,0.0,0.0,0.0,0.0,1.0,0.0,0.0,0.0,0.0,0.0,0.0,0.0,1.0,0.0,0.0,0.0,0.0,1.0,0.0,0.0,0.0,0.0,0.0,1.0,0.0,0.0,0.0,0.0,0.0,1.0,0.0,0.0,1.0,0.0,1.0,0.0,0.0,0.0,0.0,1.0,0.0,0.0,0.0,0.0,0.0,0.0,1.0,1.0,0.0,0.0,1.0,0.0,0.0,0.0,1.0,1.0,0.0,0.0,0.0,0.0,1.0,1.0,0.0,0.0,0.0,0.0,1.0,0.72,0.72,0.84,0.76,0.72,0.6799999999999999,0.6799999999999999,0.76,0.72,0.6799999999999999,0.64,0.64,0.72,0.6799999999999999,0.64,0.6,0.6,0.6799999999999999,0.64,0.6,0.56,0.56,0.64,0.6,0.56,0.52,0.56,0.6,0.56,0.56,0.52,0.52,0.56,0.52,0.52,1.0,0.72,0.72,0.84,0.76,0.72,0.6799999999999999,0.6799999999999999,0.76,0.72,0.6799999999999999,0.64,0.64,0.72,0.6799999999999999,0.64,0.6,0.6,0.6799999999999999,0.64,0.6,0.56,0.56,0.64,0.6,0.56,0.52,0.56,0.6,0.56,0.56,0.52,0.52,0.56,0.52,0.52
373,1.0,0.0,0.0,0.0,0.0,0.0,0.0,1.0,0.0,0.0,0.0,0.0,0.0,0.0,0.0,0.0,0.0,0.0,0.0,0.0,1.0,0.0,1.0,0.0,0.0,1.0,0.0,0.0,0.0,0.0,0.0,0.0,0.0,0.0,1.0,1.0,0.0,1.0,0.0,0.0,0.0,1.0,0.0,1.0,1.0,0.0,0.0,1.0,0.0,0.0,0.0,1.0,0.0,1.0,0.0,1.0,0.0,1.0,0.0,0.0,1.0,0.0,0.0,0.0,0.0,0.0,1.0,0.0,0.0,0.0,1.0,0.0,0.0,0.0,0.0,0.0,0.0,0.0,0.0,1.0,0.0,0.0,0.0,0.0,0.0,1.0,0.0,0.0,1.0,0.0,0.0,1.0,0.0,0.0,1.0,0.0,0.0,1.0,1.0,0.0,0.0,0.0,0.0,0.0,0.92,0.76,0.72,0.76,1.0,0.8,0.72,0.6799999999999999,0.72,0.92,0.76,0.6799999999999999,0.64,0.6799999999999999,0.8,0.72,0.64,0.6,0.64,0.76,0.6799999999999999,0.6,0.56,0.6,0.72,0.64,0.56,0.56,0.56,0.6799999999999999,0.6,0.52,0.52,0.56,0.64,0.56,0.92,0.76,0.72,0.76,1.0,0.8,0.72,0.6799999999999999,0.72,0.92,0.76,0.6799999999999999,0.64,0.6799999999999999,0.8,0.72,0.64,0.6,0.64,0.76,0.6799999999999999,0.6,0.56,0.6,0.72,0.64,0.56,0.56,0.56,0.6799999999999999,0.6,0.52,0.52,0.56,0.64,0.56
374,0.0,0.0,0.0,1.0,0.0,1.0,1.0,1.0,0.0,0.0,0.0,0.0,0.0,0.0,0.0,1.0,0.0,0.0,1.0,0.0,1.0,1.0,0.0,1.0,0.0,0.0,1.0,1.0,0.0,0.0,0.0,0.0,0.0,0.0,0.0,0.0,0.0,0.0,0.0,0.0,0.0,1.0,0.0,0.0,0.0,0.0,1.0,0.0,0.0,0.0,0.0,0.0,1.0,0.0,0.0,0.0,0.0,0.0,0.0,0.0,0.0,1.0,1.0,1.0,0.0,0.0,1.0,0.0,0.0,0.0,0.0,0.0,0.0,0.0,1.0,0.0,0.0,1.0,0.0,0.0,1.0,1.0,0.0,0.0,0.0,1.0,0.0,0.0,1.0,0.0,0.0,0.0,0.0,0.0,0.0,0.0,0.0,0.0,0.0,0.0,0.0,0.0,1.0,1.0,0.84,1.0,0.96,0.8,0.72,0.8,1.0,0.88,0.76,0.6799999999999999,0.76,0.84,0.8,0.6799999999999999,0.64,0.72,0.76,0.76,0.64,0.6,0.6799999999999999,0.72,0.6799999999999999,0.6,0.56,0.64,0.6799999999999999,0.64,0.6,0.56,0.6,0.64,0.6,0.56,0.52,0.56,0.84,1.0,0.96,0.8,0.72,0.8,1.0,0.88,0.76,0.6799999999999999,0.76,0.84,0.8,0.6799999999999999,0.64,0.72,0.76,0.76,0.64,0.6,0.6799999999999999,0.72,0.6799999999999999,0.6,0.56,0.64,0.6799999999999999,0.64,0.6,0.56,0.6,0.64,0.6,0.56,0.52,0.56
375,0.0,0.0,0.0,0.0,0.0,1.0,0.0,0.0,0.0,1.0,1.0,0.0,1.0,0.0,1.0,0.0,0.0,0.0,0.0,0.0,0.0,0.0,0.0,0.0,0.0,1.0,0.0,0.0,0.0,0.0,0.0,1.0,1.0,0.0,0.0,0.0,0.0,1.0,0.0,0.0,0.0,0.0,1.0,1.0,0.0,1.0,0.0,0.0,0.0,0.0,0.0,1.0,0.0,0.0,1.0,1.0,0.0,0.0,0.0,1.0,1.0,0.0,0.0,0.0,0.0,0.0,0.0,0.0,1.0,0.0,0.0,1.0,0.0,1.0,1.0,0.0,1.0,0.0,0.0,0.0,0.0,0.0,0.0,0.0,0.0,0.0,0.0,1.0,1.0,0.0,0.0,0.0,0.0,0.0,0.0,0.0,0.0,0.0,0.0,0.0,1.0,0.0,1.0,0.0,0.56,0.64,0.64,0.64,0.6799999999999999,0.72,0.64,0.64,0.6,0.6799999999999999,0.72,0.64,0.64,0.6,0.6799999999999999,1.0,0.64,0.64,0.52,0.8,1.0,0.8,0.72,0.48,0.56,0.84,0.8,0.8,0.48,0.52,0.84,0.52,0.52,0.48,0.48,0.52,0.56,0.64,0.64,0.64,0.6799999999999999,0.72,0.64,0.64,0.6,0.6799999999999999,0.72,0.64,0.64,0.6,0.6799999999999999,1.0,0.64,0.64,0.52,0.8,1.0,0.8,0.72,0.48,0.56,0.84,0.8,0.8,0.48,0.52,0.84,0.52,0.52,0.48,0.48,0.52
376,0.0,0.0,0.0,0.0,0.0,0.0,0.0,0.0,0.0,0.0,0.0,0.0,1.0,1.0,1.0,0.0,1.0,0.0,0.0,0.0,0.0,1.0,1.0,0.0,0.0,1.0,1.0,0.0,0.0,1.0,1.0,0.0,0.0,0.0,0.0,1.0,0.0,0.0,0.0,0.0,1.0,0.0,0.0,0.0,1.0,0.0,0.0,0.0,0.0,0.0,0.0,0.0,1.0,0.0,1.0,0.0,0.0,1.0,0.0,0.0,1.0,0.0,0.0,0.0,0.0,0.0,0.0,1.0,0.0,0.0,0.0,0.0,1.0,0.0,0.0,0.0,1.0,0.0,0.0,1.0,0.0,0.0,0.0,0.0,1.0,0.0,1.0,0.0,0.0,0.0,0.0,1.0,0.0,1.0,0.0,0.0,0.0,1.0,0.0,0.0,0.0,0.0,0.0,0.0,0.88,0.64,1.0,0.76,0.64,0.76,0.6,0.92,0.72,0.6,0.72,0.56,0.8,0.6799999999999999,0.56,0.6799999999999999,0.56,0.76,0.64,0.52,0.64,0.52,0.72,0.6,0.52,0.6,0.52,0.6799999999999999,0.56,0.48,0.56,0.48,0.64,0.52,0.48,0.52,0.88,0.64,1.0,0.76,0.64,0.76,0.6,0.92,0.72,0.6,0.72,0.56,0.8,0.6799999999999999,0.56,0.6799999999999999,0.56,0.76,0.64,0.52,0.64,0.52,0.72,0.6,0.52,0.6,0.52,0.6799999999999999,0.56,0.48,0.56,0.48,0.64,0.52,0.48,0.52
377,0.0,0.0,0.0,0.0,0.0,1.0,1.0,0.0,0.0,0.0,0.0,1.0,1.0,0.0,0.0,0.0,0.0,1.0,0.0,1.0,0.0,0.0,0.0,1.0,0.0,0.0,0.0,0.0,1.0,0.0,1.0,0.0,0.0,0.0,1.0,0.0,0.0,0.0,0.0,0.0,1.0,0.0,0.0,1.0,0.0,0.0,0.0,0.0,0.0,0.0,0.0,1.0,0.0,0.0,0.0,1.0,0.0,0.0,0.0,1.0,0.0,0.0,0.0,0.0,0.0,0.0,0.0,0.0,1.0,0.0,1.0,0.0,0.0,0.0,0.0,0.0,0.0,0.0,1.0,1.0,0.0,0.0,0.0,1.0,0.0,1.0,0.0,1.0,0.0,0.0,1.0,0.0,0.0,0.0,1.0,0.0,0.0,1.0,0.0,1.0,0.0,0.0,0.0,0.0,0.84,0.76,0.72,1.0,0.76,0.8,0.72,0.6799999999999999,0.88,0.72,0.72,0.6799999999999999,0.64,0.8,0.6799999999999999,0.6799999999999999,0.64,0.6,0.76,0.64,0.64,0.6,0.56,0.6799999999999999,0.6,0.6,0.56,0.56,0.64,0.56,0.56,0.56,0.52,0.6,0.52,0.56,0.84,0.76,0.72,1.0,0.76,0.8,0.72,0.6799999999999999,0.88,0.72,0.72,0.6799999999999999,0.64,0.8,0.6799999999999999,0.6799999999999999,0.64,0.6,0.76,0.64,0.64,0.6,0.56,0.6799999999999999,0.6,0.6,0.56,0.56,0.64,0.56,0.56,0.56,0.52,0.6,0.52,0.56
378,0.0,0.0,0.0,1.0,0.0,0.0,0.0,0.0,1.0,0.0,0.0,1.0,0.0,0.0,0.0,0.0,1.0,0.0,0.0,1.0,0.0,1.0,1.0,0.0,0.0,0.0,0.0,0.0,0.0,1.0,0.0,0.0,0.0,0.0,0.0,0.0,0.0,0.0,1.0,0.0,1.0,0.0,1.0,0.0,0.0,1.0,0.0,0.0,0.0,0.0,0.0,1.0,0.0,0.0,0.0,0.0,0.0,0.0,0.0,0.0,0.0,1.0,1.0,0.0,0.0,1.0,1.0,1.0,0.0,0.0,0.0,0.0,0.0,0.0,0.0,1.0,0.0,1.0,0.0,0.0,0.0,0.0,0.0,1.0,1.0,0.0,0.0,0.0,0.0,0.0,0.0,0.0,0.0,0.0,0.0,1.0,1.0,0.0,1.0,1.0,0.0,0.0,0.0,0.0,0.84,0.76,0.96,0.72,1.0,0.88,0.6799999999999999,0.96,0.6799999999999999,1.0,0.84,0.64,0.88,0.64,0.84,0.72,0.6,0.76,0.6,0.76,0.6799999999999999,0.6,0.72,0.56,0.72,0.64,0.56,0.6799999999999999,0.56,0.6799999999999999,0.6,0.52,0.64,0.52,0.64,0.56,0.84,0.76,0.96,0.72,1.0,0.88,0.6799999999999999,0.96,0.6799999999999999,1.0,0.84,0.64,0.88,0.64,0.84,0.72,0.6,0.76,0.6,0.76,0.6799999999999999,0.6,0.72,0.56,0.72,0.64,0.56,0.6799999999999999,0.56,0.6799999999999999,0.6,0.52,0.64,0.52,0.64,0.56
379,0.0,1.0,1.0,0.0,1.0,1.0,0.0,0.0,0.0,0.0,0.0,0.0,0.0,0.0,0.0,0.0,1.0,1.0,0.0,0.0,0.0,0.0,1.0,0.0,0.0,0.0,1.0,0.0,0.0,0.0,1.0,0.0,1.0,0.0,1.0,0.0,1.0,0.0,0.0,0.0,0.0,0.0,0.0,0.0,0.0,0.0,0.0,0.0,0.0,0.0,0.0,1.0,0.0,0.0,0.0,1.0,0.0,0.0,1.0,0.0,0.0,0.0,0.0,0.0,0.0,1.0,0.0,0.0,0.0,0.0,0.0,1.0,1.0,0.0,0.0,1.0,0.0,0.0,0.0,0.0,0.0,1.0,0.0,0.0,0.0,1.0,0.0,1.0,0.0,0.0,0.0,0.0,0.0,0.0,1.0,1.0,1.0,0.0,0.0,0.0,1.0,0.0,0.0,0.0,1.0,0.6799999999999999,0.76,0.84,0.6799999999999999,0.6799999999999999,0.64,0.72,0.8,0.64,0.64,0.6,0.6799999999999999,0.76,0.6,0.6,0.56,0.64,0.72,0.56,0.56,0.56,0.6,0.6799999999999999,0.52,0.56,0.52,0.56,0.64,0.52,0.52,0.52,0.56,0.6,0.48,0.52,1.0,0.6799999999999999,0.76,0.84,0.6799999999999999,0.6799999999999999,0.64,0.72,0.8,0.64,0.64,0.6,0.6799999999999999,0.76,0.6,0.6,0.56,0.64,0.72,0.56,0.56,0.56,0.6,0.6799999999999999,0.52,0.56,0.52,0.56,0.64,0.52,0.52,0.52,0.56,0.6,0.48,0.52
380,1.0,0.0,0.0,0.0,0.0,0.0,0.0,1.0,0.0,0.0,1.0,1.0,0.0,0.0,0.0,0.0,0.0,0.0,0.0,0.0,1.0,1.0,0.0,1.0,1.0,1.0,0.0,0.0,0.0,1.0,0.0,0.0,1.0,0.0,0.0,0.0,0.0,0.0,0.0,0.0,0.0,0.0,0.0,0.0,1.0,0.0,0.0,0.0,1.0,0.0,0.0,0.0,0.0,0.0,1.0,1.0,0.0,1.0,0.0,0.0,0.0,0.0,0.0,0.0,0.0,0.0,0.0,0.0,1.0,1.0,0.0,1.0,0.0,0.0,1.0,0.0,0.0,0.0,0.0,1.0,0.0,0.0,0.0,0.0,0.0,0.0,0.0,0.0,1.0,0.0,1.0,0.0,0.0,0.0,1.0,0.0,0.0,1.0,0.0,0.0,0.0,0.0,1.0,0.0,0.84,0.92,0.96,0.72,0.76,1.0,0.88,0.96,0.6799999999999999,0.6799999999999999,1.0,0.84,0.92,0.64,0.64,0.88,0.76,0.84,0.6,0.6,0.76,0.6799999999999999,0.76,0.56,0.6,0.6799999999999999,0.64,0.6799999999999999,0.52,0.56,0.64,0.6,0.64,0.52,0.52,0.6,0.84,0.92,0.96,0.72,0.76,1.0,0.88,0.96,0.6799999999999999,0.6799999999999999,1.0,0.84,0.92,0.64,0.64,0.88,0.76,0.84,0.6,0.6,0.76,0.6799999999999999,0.76,0.56,0.6,0.6799999999999999,0.64,0.6799999999999999,0.52,0.56,0.64,0.6,0.64,0.52,0.52,0.6
381,0.0,0.0,0.0,0.0,0.0,1.0,0.0,1.0,0.0,1.0,0.0,0.0,0.0,0.0,0.0,1.0,0.0,0.0,0.0,0.0,0.0,0.0,0.0,0.0,0.0,0.0,0.0,0.0,1.0,0.0,1.0,0.0,0.0,0.0,0.0,0.0,1.0,0.0,0.0,1.0,1.0,0.0,1.0,0.0,0.0,0.0,0.0,1.0,0.0,1.0,0.0,1.0,0.0,0.0,0.0,0.0,1.0,0.0,1.0,0.0,1.0,0.0,0.0,0.0,0.0,0.0,0.0,0.0,0.0,0.0,1.0,0.0,1.0,0.0,0.0,0.0,1.0,0.0,1.0,0.0,0.0,1.0,0.0,1.0,1.0,0.0,0.0,0.0,0.0,0.0,1.0,0.0,0.0,1.0,0.0,1.0,0.0,0.0,0.0,0.0,0.0,0.0,0.0,0.0,1.0,0.72,0.6799999999999999,0.88,0.88,0.76,0.6799999999999999,0.64,0.84,0.84,0.72,0.64,0.6,0.76,0.8,0.6799999999999999,0.6,0.6,0.72,0.76,0.64,0.56,0.56,0.6799999999999999,0.6799999999999999,0.6,0.56,0.52,0.64,0.64,0.56,0.52,0.52,0.6,0.6,0.52,1.0,0.72,0.6799999999999999,0.88,0.88,0.76,0.6799999999999999,0.64,0.84,0.84,0.72,0.64,0.6,0.76,0.8,0.6799999999999999,0.6,0.6,0.72,0.76,0.64,0.56,0.56,0.6799999999999999,0.6799999999999999,0.6,0.56,0.52,0.64,0.64,0.56,0.52,0.52,0.6,0.6,0.52
382,1.0,0.0,0.0,0.0,0.0,0.0,1.0,0.0,1.0,0.0,0.0,1.0,0.0,0.0,1.0,0.0,0.0,0.0,0.0,0.0,0.0,0.0,0.0,0.0,0.0,0.0,1.0,0.0,0.0,1.0,0.0,0.0,0.0,0.0,0.0,0.0,1.0,0.0,1.0,1.0,1.0,0.0,0.0,0.0,0.0,0.0,1.0,0.0,0.0,1.0,0.0,0.0,0.0,1.0,0.0,1.0,0.0,0.0,0.0,0.0,0.0,0.0,0.0,0.0,0.0,1.0,0.0,0.0,0.0,0.0,1.0,1.0,0.0,1.0,0.0,0.0,0.0,1.0,0.0,0.0,0.0,0.0,0.0,0.0,1.0,1.0,1.0,0.0,0.0,1.0,0.0,0.0,0.0,0.0,0.0,1.0,0.0,0.0,0.0,0.0,0.0,0.0,0.0,1.0,0.72,0.76,0.76,0.88,0.8,0.84,0.6799999999999999,0.6799999999999999,0.88,0.76,0.84,0.64,0.64,0.88,0.6799999999999999,0.6799999999999999,0.6,0.6,1.0,0.64,0.64,0.56,0.56,0.6799999999999999,0.6,0.6,0.56,0.56,0.64,0.56,0.56,0.52,0.52,0.6,0.52,0.56,0.72,0.76,0.76,0.88,0.8,0.84,0.6799999999999999,0.6799999999999999,0.88,0.76,0.84,0.64,0.64,0.88,0.6799999999999999,0.6799999999999999,0.6,0.6,1.0,0.64,0.64,0.56,0.56,0.6799999999999999,0.6,0.6,0.56,0.56,0.64,0.56,0.56,0.52,0.52,0.6,0.52,0.56
383,0.0,0.0,0.0,0.0,0.0,0.0,0.0,1.0,0.0,0.0,0.0,1.0,0.0,0.0,0.0,0.0,0.0,0.0,0.0,0.0,0.0,0.0,1.0,1.0,1.0,1.0,0.0,0.0,0.0,1.0,0.0,0.0,0.0,1.0,0.0,0.0,1.0,0.0,0.0,0.0,0.0,1.0,0.0,1.0,0.0,1.0,0.0,0.0,0.0,1.0,0.0,0.0,1.0,0.0,0.0,0.0,0.0,1.0,0.0,0.0,0.0,1.0,1.0,0.0,0.0,0.0,0.0,0.0,0.0,1.0,0.0,0.0,0.0,0.0,0.0,0.0,0.0,0.0,0.0,0.0,0.0,0.0,1.0,1.0,0.0,0.0,1.0,1.0,0.0,0.0,0.0,0.0,1.0,0.0,0.0,0.0,1.0,0.0,1.0,0.0,0.0,0.0,0.0,1.0,0.6,0.64,0.64,0.6799999999999999,0.6799999999999999,0.72,0.6,0.64,0.6799999999999999,0.6799999999999999,0.72,0.56,0.56,0.6799999999999999,0.56,1.0,0.52,0.52,0.56,0.52,0.64,0.52,0.52,0.52,0.52,0.52,0.48,0.48,0.52,0.48,0.52,0.48,0.48,0.48,0.48,0.48,0.6,0.64,0.64,0.6799999999999999,0.6799999999999999,0.72,0.6,0.64,0.6799999999999999,0.6799999999999999,0.72,0.56,0.56,0.6799999999999999,0.56,1.0,0.52,0.52,0.56,0.52,0.64,0.52,0.52,0.52,0.52,0.52,0.48,0.48,0.52,0.48,0.52,0.48,0.48,0.48,0.48,0.48
384,1.0,0.0,0.0,0.0,1.0,0.0,0.0,1.0,0.0,1.0,0.0,0.0,0.0,0.0,0.0,1.0,0.0,0.0,0.0,0.0,1.0,0.0,0.0,0.0,0.0,0.0,1.0,0.0,0.0,0.0,0.0,0.0,0.0,0.0,0.0,1.0,1.0,0.0,0.0,0.0,0.0,0.0,0.0,1.0,1.0,0.0,1.0,0.0,0.0,1.0,0.0,0.0,0.0,1.0,1.0,1.0,0.0,0.0,1.0,0.0,0.0,0.0,1.0,0.0,0.0,0.0,0.0,0.0,0.0,1.0,1.0,0.0,0.0,1.0,1.0,1.0,0.0,0.0,0.0,0.0,0.0,0.0,0.0,1.0,0.0,0.0,0.0,0.0,0.0,0.0,1.0,1.0,0.0,0.0,0.0,0.0,0.0,0.0,0.0,0.0,0.0,0.0,0.0,0.0,0.88,1.0,0.8,0.6799999999999999,0.6799999999999999,0.6799999999999999,0.88,0.76,0.64,0.64,0.64,0.8,0.72,0.6,0.6,0.6,0.76,0.6799999999999999,0.56,0.56,0.6,0.72,0.64,0.52,0.56,0.56,0.6799999999999999,0.6,0.52,0.52,0.52,0.64,0.56,0.48,0.52,0.52,0.88,1.0,0.8,0.6799999999999999,0.6799999999999999,0.6799999999999999,0.88,0.76,0.64,0.64,0.64,0.8,0.72,0.6,0.6,0.6,0.76,0.6799999999999999,0.56,0.56,0.6,0.72,0.64,0.52,0.56,0.56,0.6799999999999999,0.6,0.52,0.52,0.52,0.64,0.56,0.48,0.52,0.52
385,1.0,0.0,0.0,0.0,0.0,0.0,0.0,0.0,0.0,0.0,0.0,1.0,0.0,1.0,0.0,0.0,0.0,0.0,0.0,1.0,0.0,0.0,0.0,1.0,0.0,0.0,0.0,0.0,1.0,0.0,0.0,1.0,1.0,0.0,0.0,0.0,0.0,1.0,1.0,1.0,1.0,0.0,0.0,0.0,0.0,0.0,1.0,0.0,0.0,0.0,0.0,0.0,0.0,1.0,0.0,1.0,0.0,1.0,1.0,0.0,0.0,0.0,1.0,0.0,0.0,0.0,1.0,0.0,1.0,0.0,0.0,0.0,0.0,0.0,0.0,0.0,0.0,0.0,1.0,1.0,0.0,0.0,1.0,0.0,0.0,0.0,0.0,0.0,0.0,0.0,0.0,0.0,0.0,0.0,0.0,0.0,0.0,1.0,0.0,0.0,1.0,1.0,0.0,0.0,1.0,0.88,0.76,0.88,0.76,0.76,0.84,0.72,0.84,0.72,0.72,0.76,0.6799999999999999,0.8,0.6799999999999999,0.6799999999999999,0.72,0.64,0.76,0.64,0.64,0.6799999999999999,0.6,0.6799999999999999,0.6,0.6,0.64,0.56,0.64,0.56,0.56,0.6,0.52,0.6,0.56,0.56,1.0,0.88,0.76,0.88,0.76,0.76,0.84,0.72,0.84,0.72,0.72,0.76,0.6799999999999999,0.8,0.6799999999999999,0.6799999999999999,0.72,0.64,0.76,0.64,0.64,0.6799999999999999,0.6,0.6799999999999999,0.6,0.6,0.64,0.56,0.64,0.56,0.56,0.6,0.52,0.6,0.56,0.56
386,0.0,0.0,1.0,0.0,0.0,1.0,0.0,0.0,0.0,1.0,0.0,0.0,0.0,0.0,1.0,0.0,0.0,0.0,1.0,0.0,0.0,0.0,0.0,0.0,0.0,1.0,1.0,1.0,0.0,1.0,0.0,1.0,0.0,0.0,0.0,0.0,0.0,0.0,1.0,1.0,0.0,0.0,0.0,0.0,0.0,1.0,0.0,0.0,0.0,0.0,0.0,0.0,1.0,0.0,0.0,1.0,0.0,0.0,0.0,0.0,0.0,0.0,0.0,0.0,0.0,0.0,0.0,0.0,1.0,1.0,0.0,1.0,0.0,0.0,1.0,1.0,0.0,0.0,0.0,0.0,1.0,0.0,1.0,0.0,0.0,0.0,0.0,1.0,0.0,1.0,0.0,0.0,0.0,0.0,0.0,0.0,0.0,0.0,0.0,1.0,0.0,0.0,0.0,1.0,0.8,0.64,0.92,1.0,0.64,0.84,0.6,0.88,0.92,0.6,0.8,0.6,0.84,0.88,0.6,0.84,0.56,0.8,0.92,0.56,0.76,0.52,0.88,0.88,0.52,0.64,0.52,0.6799999999999999,0.6799999999999999,0.52,0.6,0.48,0.64,0.64,0.48,0.56,0.8,0.64,0.92,1.0,0.64,0.84,0.6,0.88,0.92,0.6,0.8,0.6,0.84,0.88,0.6,0.84,0.56,0.8,0.92,0.56,0.76,0.52,0.88,0.88,0.52,0.64,0.52,0.6799999999999999,0.6799999999999999,0.52,0.6,0.48,0.64,0.64,0.48,0.56
387,1.0,1.0,0.0,1.0,0.0,1.0,1.0,0.0,0.0,0.0,0.0,1.0,0.0,0.0,0.0,0.0,0.0,0.0,0.0,0.0,0.0,1.0,1.0,0.0,0.0,0.0,0.0,0.0,0.0,0.0,0.0,0.0,0.0,0.0,0.0,0.0,0.0,0.0,0.0,1.0,1.0,0.0,1.0,0.0,0.0,1.0,1.0,0.0,0.0,0.0,0.0,0.0,0.0,0.0,1.0,0.0,1.0,0.0,0.0,0.0,0.0,1.0,0.0,0.0,0.0,0.0,0.0,1.0,1.0,0.0,1.0,1.0,1.0,0.0,0.0,0.0,0.0,0.0,0.0,0.0,0.0,1.0,1.0,0.0,0.0,0.0,0.0,0.0,0.0,0.0,0.0,0.0,0.0,1.0,0.0,0.0,1.0,0.0,0.0,0.0,0.0,0.0,1.0,0.0,1.0,0.92,0.76,0.64,0.8,0.64,0.84,0.72,0.6,0.76,0.6,0.8,0.6799999999999999,0.56,0.72,0.56,0.76,0.64,0.52,0.6799999999999999,0.56,0.72,0.6,0.52,0.64,0.52,0.6799999999999999,0.56,0.48,0.6,0.52,0.64,0.52,0.48,0.56,0.48,1.0,0.92,0.76,0.64,0.8,0.64,0.84,0.72,0.6,0.76,0.6,0.8,0.6799999999999999,0.56,0.72,0.56,0.76,0.64,0.52,0.6799999999999999,0.56,0.72,0.6,0.52,0.64,0.52,0.6799999999999999,0.56,0.48,0.6,0.52,0.64,0.52,0.48,0.56,0.48
388,0.0,1.0,0.0,0.0,0.0,0.0,1.0,0.0,0.0,0.0,0.0,1.0,1.0,1.0,0.0,1.0,0.0,0.0,1.0,0.0,0.0,0.0,0.0,1.0,0.0,0.0,1.0,0.0,0.0,0.0,1.0,0.0,0.0,0.0,1.0,0.0,0.0,1.0,0.0,1.0,0.0,0.0,0.0,0.0,0.0,0.0,0.0,0.0,0.0,0.0,0.0,0.0,0.0,0.0,0.0,0.0,1.0,0.0,0.0,1.0,0.0,0.0,0.0,0.0,0.0,0.0,1.0,0.0,0.0,0.0,0.0,0.0,0.0,0.0,0.0,0.0,0.0,0.0,0.0,1.0,0.0,0.0,0.0,1.0,0.0,0.0,0.0,1.0,0.0,0.0,1.0,0.0,0.0,0.0,1.0,0.0,1.0,1.0,1.0,0.0,1.0,0.0,1.0,0.0,0.64,0.64,0.6,0.8,0.76,0.6799999999999999,0.6,0.56,0.8,0.76,0.6,0.56,0.52,0.8,0.76,0.56,0.52,0.52,1.0,0.84,0.56,0.52,0.48,0.76,0.6,0.52,0.48,0.48,0.56,0.56,0.52,0.48,0.48,0.56,0.52,0.48,0.64,0.64,0.6,0.8,0.76,0.6799999999999999,0.6,0.56,0.8,0.76,0.6,0.56,0.52,0.8,0.76,0.56,0.52,0.52,1.0,0.84,0.56,0.52,0.48,0.76,0.6,0.52,0.48,0.48,0.56,0.56,0.52,0.48,0.48,0.56,0.52,0.48
389,0.0,0.0,1.0,0.0,0.0,0.0,0.0,0.0,0.0,1.0,0.0,0.0,0.0,0.0,0.0,0.0,1.0,0.0,0.0,1.0,1.0,1.0,1.0,0.0,0.0,1.0,0.0,1.0,0.0,0.0,0.0,1.0,0.0,1.0,0.0,0.0,0.0,0.0,0.0,0.0,0.0,0.0,0.0,0.0,1.0,0.0,1.0,0.0,0.0,0.0,0.0,0.0,0.0,0.0,0.0,0.0,1.0,0.0,0.0,0.0,1.0,0.0,1.0,0.0,0.0,1.0,0.0,0.0,0.0,0.0,0.0,0.0,0.0,0.0,0.0,0.0,1.0,0.0,0.0,0.0,0.0,0.0,0.0,0.0,1.0,0.0,1.0,0.0,0.0,0.0,1.0,1.0,0.0,1.0,1.0,0.0,0.0,0.0,0.0,0.0,1.0,0.0,0.0,1.0,0.88,0.76,1.0,0.76,0.88,0.92,0.72,0.92,0.72,0.8,0.88,0.6799999999999999,0.8,0.6799999999999999,0.76,0.76,0.64,0.76,0.64,0.72,0.72,0.6,0.72,0.6,0.6799999999999999,0.6799999999999999,0.56,0.6799999999999999,0.56,0.64,0.64,0.52,0.64,0.56,0.6,0.6,0.88,0.76,1.0,0.76,0.88,0.92,0.72,0.92,0.72,0.8,0.88,0.6799999999999999,0.8,0.6799999999999999,0.76,0.76,0.64,0.76,0.64,0.72,0.72,0.6,0.72,0.6,0.6799999999999999,0.6799999999999999,0.56,0.6799999999999999,0.56,0.64,0.64,0.52,0.64,0.56,0.6,0.6
390,0.0,0.0,0.0,0.0,0.0,0.0,0.0,1.0,0.0,0.0,0.0,0.0,0.0,0.0,0.0,0.0,0.0,0.0,0.0,0.0,0.0,0.0,0.0,1.0,1.0,0.0,0.0,1.0,0.0,0.0,0.0,1.0,0.0,1.0,1.0,1.0,0.0,0.0,0.0,0.0,0.0,0.0,0.0,1.0,1.0,0.0,1.0,0.0,1.0,0.0,1.0,0.0,0.0,0.0,1.0,0.0,0.0,1.0,0.0,0.0,0.0,1.0,1.0,0.0,0.0,1.0,0.0,0.0,0.0,0.0,1.0,1.0,1.0,0.0,1.0,0.0,0.0,0.0,0.0,0.0,0.0,0.0,1.0,0.0,1.0,0.0,0.0,0.0,0.0,0.0,0.0,0.0,0.0,0.0,0.0,0.0,0.0,1.0,0.0,0.0,0.0,0.0,0.0,1.0,0.88,0.76,0.92,0.88,1.0,0.84,0.72,0.84,0.8,0.84,0.76,0.6799999999999999,0.76,0.76,0.8,0.72,0.64,0.72,0.72,0.76,0.6799999999999999,0.6,0.6799999999999999,0.6799999999999999,0.6799999999999999,0.64,0.56,0.64,0.64,0.64,0.6,0.56,0.6,0.6,0.6,0.56,0.88,0.76,0.92,0.88,1.0,0.84,0.72,0.84,0.8,0.84,0.76,0.6799999999999999,0.76,0.76,0.8,0.72,0.64,0.72,0.72,0.76,0.6799999999999999,0.6,0.6799999999999999,0.6799999999999999,0.6799999999999999,0.64,0.56,0.64,0.64,0.64,0.6,0.56,0.6,0.6,0.6,0.56
391,0.0,0.0,0.0,0.0,0.0,1.0,0.0,0.0,0.0,0.0,0.0,0.0,0.0,1.0,1.0,0.0,0.0,0.0,0.0,0.0,0.0,0.0,0.0,0.0,0.0,1.0,1.0,0.0,0.0,0.0,0.0,0.0,0.0,0.0,1.0,0.0,0.0,0.0,0.0,0.0,0.0,0.0,1.0,1.0,1.0,0.0,1.0,1.0,1.0,1.0,0.0,0.0,0.0,0.0,0.0,0.0,0.0,0.0,0.0,0.0,1.0,0.0,0.0,1.0,0.0,0.0,0.0,0.0,0.0,0.0,0.0,1.0,0.0,0.0,0.0,1.0,0.0,0.0,0.0,1.0,0.0,1.0,0.0,1.0,1.0,0.0,0.0,1.0,1.0,0.0,0.0,0.0,1.0,0.0,0.0,0.0,0.0,1.0,0.0,0.0,0.0,0.0,1.0,0.0,0.84,0.6,0.6,0.88,1.0,0.64,0.56,0.6,0.84,0.92,0.6,0.56,0.56,0.76,0.8,0.56,0.52,0.52,0.6799999999999999,0.76,0.56,0.52,0.52,0.64,0.6799999999999999,0.52,0.48,0.48,0.6,0.64,0.52,0.48,0.48,0.6,0.6,0.48,0.84,0.6,0.6,0.88,1.0,0.64,0.56,0.6,0.84,0.92,0.6,0.56,0.56,0.76,0.8,0.56,0.52,0.52,0.6799999999999999,0.76,0.56,0.52,0.52,0.64,0.6799999999999999,0.52,0.48,0.48,0.6,0.64,0.52,0.48,0.48,0.6,0.6,0.48
392,0.0,1.0,1.0,0.0,0.0,0.0,0.0,1.0,1.0,0.0,0.0,0.0,0.0,0.0,0.0,0.0,0.0,1.0,0.0,0.0,0.0,1.0,0.0,1.0,0.0,1.0,1.0,0.0,1.0,0.0,0.0,0.0,0.0,0.0,1.0,0.0,0.0,0.0,0.0,0.0,0.0,1.0,0.0,0.0,0.0,1.0,0.0,0.0,0.0,0.0,0.0,0.0,1.0,0.0,0.0,0.0,0.0,0.0,0.0,0.0,0.0,0.0,0.0,0.0,0.0,1.0,0.0,0.0,0.0,0.0,0.0,1.0,1.0,0.0,0.0,0.0,0.0,0.0,0.0,1.0,0.0,1.0,0.0,0.0,1.0,0.0,0.0,1.0,0.0,0.0,1.0,0.0,0.0,0.0,0.0,0.0,1.0,0.0,0.0,1.0,0.0,0.0,1.0,1.0,0.8,0.76,0.92,1.0,0.8,0.8,0.72,0.92,1.0,0.72,0.76,0.6799999999999999,0.76,0.92,0.6799999999999999,0.6799999999999999,0.64,0.72,0.84,0.64,0.64,0.6,0.6799999999999999,0.72,0.6,0.6,0.56,0.64,0.6799999999999999,0.56,0.6,0.52,0.6,0.64,0.56,0.56,0.8,0.76,0.92,1.0,0.8,0.8,0.72,0.92,1.0,0.72,0.76,0.6799999999999999,0.76,0.92,0.6799999999999999,0.6799999999999999,0.64,0.72,0.84,0.64,0.64,0.6,0.6799999999999999,0.72,0.6,0.6,0.56,0.64,0.6799999999999999,0.56,0.6,0.52,0.6,0.64,0.56,0.56
393,0.0,0.0,0.0,0.0,0.0,1.0,0.0,0.0,1.0,0.0,1.0,0.0,1.0,0.0,1.0,1.0,0.0,0.0,1.0,0.0,0.0,0.0,0.0,0.0,0.0,0.0,0.0,1.0,0.0,0.0,0.0,0.0,0.0,0.0,0.0,1.0,0.0,1.0,0.0,0.0,0.0,1.0,0.0,1.0,0.0,1.0,0.0,0.0,0.0,0.0,0.0,0.0,0.0,0.0,1.0,0.0,1.0,0.0,0.0,1.0,0.0,0.0,0.0,0.0,0.0,1.0,0.0,0.0,1.0,1.0,0.0,0.0,1.0,0.0,0.0,0.0,0.0,0.0,0.0,0.0,0.0,0.0,1.0,1.0,0.0,0.0,0.0,0.0,0.0,0.0,1.0,0.0,1.0,0.0,1.0,0.0,0.0,0.0,0.0,1.0,0.0,0.0,0.0,0.0,1.0,0.88,0.84,0.8,0.8,0.84,0.8,0.76,0.76,0.76,0.76,0.76,0.72,0.72,0.6799999999999999,0.72,0.72,0.6799999999999999,0.6799999999999999,0.64,0.6799999999999999,0.6799999999999999,0.64,0.64,0.6,0.64,0.64,0.6,0.6,0.6,0.6,0.6,0.56,0.56,0.56,0.56,1.0,0.88,0.84,0.8,0.8,0.84,0.8,0.76,0.76,0.76,0.76,0.76,0.72,0.72,0.6799999999999999,0.72,0.72,0.6799999999999999,0.6799999999999999,0.64,0.6799999999999999,0.6799999999999999,0.64,0.64,0.6,0.64,0.64,0.6,0.6,0.6,0.6,0.6,0.56,0.56,0.56,0.56
394,0.0,1.0,0.0,0.0,0.0,0.0,0.0,0.0,0.0,0.0,0.0,0.0,1.0,0.0,1.0,0.0,1.0,0.0,0.0,0.0,0.0,0.0,1.0,0.0,1.0,1.0,1.0,0.0,0.0,1.0,0.0,1.0,0.0,0.0,0.0,0.0,1.0,1.0,0.0,0.0,0.0,0.0,0.0,0.0,0.0,0.0,0.0,0.0,0.0,0.0,1.0,0.0,1.0,0.0,0.0,1.0,0.0,0.0,1.0,1.0,0.0,0.0,0.0,1.0,0.0,1.0,0.0,0.0,0.0,1.0,0.0,0.0,0.0,0.0,0.0,0.0,0.0,0.0,0.0,0.0,1.0,0.0,0.0,0.0,1.0,0.0,0.0,0.0,0.0,0.0,0.0,0.0,1.0,0.0,0.0,0.0,0.0,0.0,0.0,1.0,1.0,0.0,0.0,1.0,0.6,0.6799999999999999,0.6799999999999999,0.6799999999999999,0.6799999999999999,0.72,0.6799999999999999,0.6799999999999999,0.6799999999999999,0.6799999999999999,0.72,0.6799999999999999,0.6799999999999999,0.6799999999999999,0.64,1.0,0.6,0.6799999999999999,0.6799999999999999,0.56,0.76,0.6,0.6,0.52,0.52,0.56,0.52,0.52,0.52,0.52,0.52,0.52,0.52,0.48,0.48,0.52,0.6,0.6799999999999999,0.6799999999999999,0.6799999999999999,0.6799999999999999,0.72,0.6799999999999999,0.6799999999999999,0.6799999999999999,0.6799999999999999,0.72,0.6799999999999999,0.6799999999999999,0.6799999999999999,0.64,1.0,0.6,0.6799999999999999,0.6799999999999999,0.56,0.76,0.6,0.6,0.52,0.52,0.56,0.52,0.52,0.52,0.52,0.52,0.52,0.52,0.48,0.48,0.52
395,0.0,1.0,0.0,1.0,0.0,0.0,0.0,0.0,1.0,0.0,1.0,0.0,0.0,1.0,0.0,0.0,0.0,0.0,0.0,0.0,1.0,0.0,0.0,1.0,1.0,0.0,1.0,0.0,1.0,0.0,1.0,0.0,0.0,0.0,0.0,0.0,0.0,0.0,0.0,0.0,0.0,0.0,0.0,0.0,0.0,0.0,1.0,1.0,0.0,0.0,0.0,0.0,0.0,0.0,1.0,0.0,0.0,0.0,1.0,1.0,0.0,0.0,0.0,0.0,0.0,0.0,0.0,0.0,1.0,0.0,1.0,1.0,0.0,1.0,0.0,0.0,0.0,1.0,0.0,1.0,0.0,0.0,0.0,0.0,0.0,1.0,1.0,0.0,0.0,0.0,0.0,0.0,0.0,0.0,0.0,0.0,0.0,1.0,0.0,0.0,0.0,1.0,0.0,0.0,1.0,0.72,0.84,0.64,0.64,0.64,0.6799999999999999,0.8,0.6,0.6,0.6,0.64,0.76,0.56,0.56,0.56,0.6,0.72,0.52,0.52,0.56,0.56,0.6799999999999999,0.52,0.52,0.52,0.52,0.64,0.48,0.48,0.52,0.52,0.6,0.48,0.48,0.48,1.0,0.72,0.84,0.64,0.64,0.64,0.6799999999999999,0.8,0.6,0.6,0.6,0.64,0.76,0.56,0.56,0.56,0.6,0.72,0.52,0.52,0.56,0.56,0.6799999999999999,0.52,0.52,0.52,0.52,0.64,0.48,0.48,0.52,0.52,0.6,0.48,0.48,0.48
396,0.0,0.0,1.0,0.0,0.0,0.0,0.0,1.0,0.0,0.0,0.0,0.0,0.0,1.0,0.0,0.0,1.0,0.0,0.0,1.0,1.0,0.0,0.0,0.0,1.0,0.0,0.0,0.0,0.0,1.0,0.0,0.0,1.0,0.0,0.0,1.0,0.0,0.0,1.0,0.0,1.0,0.0,0.0,0.0,0.0,1.0,0.0,0.0,0.0,0.0,0.0,0.0,0.0,1.0,0.0,0.0,0.0,0.0,1.0,0.0,0.0,0.0,1.0,0.0,0.0,0.0,0.0,0.0,0.0,0.0,0.0,0.0,0.0,0.0,1.0,0.0,0.0,1.0,0.0,0.0,1.0,0.0,1.0,1.0,0.0,0.0,0.0,0.0,1.0,0.0,0.0,0.0,0.0,0.0,1.0,1.0,0.0,0.0,0.0,0.0,1.0,1.0,0.0,0.0,0.84,0.76,0.92,1.0,0.8,0.84,0.72,0.84,1.0,0.76,0.76,0.6799999999999999,0.8,0.84,0.72,0.72,0.64,0.72,0.76,0.6799999999999999,0.6799999999999999,0.6,0.6799999999999999,0.72,0.64,0.64,0.56,0.64,0.6799999999999999,0.6,0.6,0.52,0.6,0.64,0.56,0.56,0.84,0.76,0.92,1.0,0.8,0.84,0.72,0.84,1.0,0.76,0.76,0.6799999999999999,0.8,0.84,0.72,0.72,0.64,0.72,0.76,0.6799999999999999,0.6799999999999999,0.6,0.6799999999999999,0.72,0.64,0.64,0.56,0.64,0.6799999999999999,0.6,0.6,0.52,0.6,0.64,0.56,0.56
397,1.0,0.0,0.0,0.0,0.0,1.0,0.0,1.0,0.0,0.0,0.0,1.0,0.0,1.0,0.0,1.0,1.0,0.0,0.0,0.0,0.0,0.0,0.0,0.0,0.0,1.0,0.0,0.0,0.0,0.0,0.0,0.0,0.0,0.0,1.0,0.0,0.0,0.0,0.0,1.0,0.0,0.0,0.0,0.0,1.0,1.0,0.0,0.0,0.0,1.0,0.0,0.0,0.0,0.0,0.0,0.0,1.0,0.0,0.0,0.0,0.0,1.0,0.0,0.0,0.0,0.0,0.0,0.0,0.0,0.0,1.0,0.0,1.0,1.0,1.0,1.0,0.0,0.0,0.0,1.0,0.0,0.0,0.0,0.0,1.0,0.0,0.0,1.0,0.0,1.0,0.0,0.0,0.0,0.0,1.0,1.0,0.0,0.0,0.0,0.0,0.0,0.0,0.0,0.0,0.88,0.76,1.0,0.72,0.76,0.84,0.72,0.92,0.6799999999999999,0.6799999999999999,0.76,0.6799999999999999,0.8,0.64,0.64,0.72,0.64,0.76,0.6,0.6,0.6799999999999999,0.6,0.72,0.56,0.6,0.64,0.56,0.6799999999999999,0.56,0.56,0.6,0.52,0.64,0.52,0.52,0.56,0.88,0.76,1.0,0.72,0.76,0.84,0.72,0.92,0.6799999999999999,0.6799999999999999,0.76,0.6799999999999999,0.8,0.64,0.64,0.72,0.64,0.76,0.6,0.6,0.6799999999999999,0.6,0.72,0.56,0.6,0.64,0.56,0.6799999999999999,0.56,0.56,0.6,0.52,0.64,0.52,0.52,0.56
398,0.0,0.0,0.0,1.0,0.0,0.0,0.0,1.0,0.0,1.0,0.0,0.0,1.0,0.0,1.0,0.0,0.0,0.0,1.0,0.0,0.0,0.0,0.0,0.0,0.0,0.0,0.0,0.0,0.0,0.0,0.0,0.0,0.0,1.0,0.0,0.0,0.0,1.0,0.0,0.0,0.0,0.0,0.0,1.0,1.0,1.0,0.0,0.0,0.0,0.0,1.0,1.0,0.0,1.0,0.0,0.0,1.0,0.0,1.0,0.0,0.0,0.0,1.0,0.0,0.0,1.0,0.0,0.0,0.0,0.0,0.0,0.0,0.0,0.0,1.0,1.0,1.0,0.0,0.0,1.0,0.0,0.0,0.0,0.0,0.0,0.0,1.0,0.0,0.0,0.0,0.0,1.0,0.0,0.0,1.0,0.0,0.0,0.0,1.0,0.0,0.0,0.0,0.0,0.0,0.8,0.92,0.88,0.76,1.0,0.88,0.92,0.84,0.72,1.0,0.8,0.92,0.76,0.6799999999999999,0.92,0.72,0.84,0.72,0.64,0.84,0.6799999999999999,0.76,0.6799999999999999,0.6,0.72,0.64,0.6799999999999999,0.64,0.56,0.6799999999999999,0.6,0.64,0.6,0.56,0.64,0.56,0.8,0.92,0.88,0.76,1.0,0.88,0.92,0.84,0.72,1.0,0.8,0.92,0.76,0.6799999999999999,0.92,0.72,0.84,0.72,0.64,0.84,0.6799999999999999,0.76,0.6799999999999999,0.6,0.72,0.64,0.6799999999999999,0.64,0.56,0.6799999999999999,0.6,0.64,0.6,0.56,0.64,0.56
399,0.0,0.0,1.0,0.0,1.0,0.0,0.0,1.0,0.0,1.0,0.0,0.0,0.0,1.0,0.0,0.0,0.0,0.0,0.0,1.0,0.0,0.0,0.0,0.0,0.0,0.0,1.0,0.0,1.0,1.0,0.0,0.0,0.0,0.0,1.0,0.0,0.0,0.0,0.0,0.0,1.0,0.0,0.0,0.0,0.0,0.0,0.0,1.0,0.0,0.0,1.0,0.0,1.0,0.0,0.0,1.0,0.0,0.0,1.0,0.0,0.0,0.0,0.0,1.0,0.0,0.0,0.0,0.0,0.0,0.0,1.0,0.0,0.0,0.0,0.0,1.0,1.0,0.0,0.0,0.0,0.0,0.0,0.0,1.0,1.0,0.0,0.0,1.0,0.0,1.0,1.0,0.0,0.0,0.0,1.0,0.0,0.0,0.0,0.0,0.0,0.0,0.0,0.0,0.0,0.84,0.92,0.6799999999999999,1.0,0.64,0.76,0.88,0.64,0.92,0.6,0.6799999999999999,0.8,0.6,0.88,0.6,0.64,0.72,0.56,0.76,0.56,0.6,0.6799999999999999,0.52,0.72,0.52,0.6,0.64,0.52,0.6799999999999999,0.52,0.56,0.6,0.48,0.64,0.48,0.52,0.84,0.92,0.6799999999999999,1.0,0.64,0.76,0.88,0.64,0.92,0.6,0.6799999999999999,0.8,0.6,0.88,0.6,0.64,0.72,0.56,0.76,0.56,0.6,0.6799999999999999,0.52,0.72,0.52,0.6,0.64,0.52,0.6799999999999999,0.52,0.56,0.6,0.48,0.64,0.48,0.52
400,0.0,1.0,0.0,1.0,0.0,1.0,0.0,0.0,0.0,0.0,1.0,0.0,0.0,0.0,0.0,1.0,0.0,0.0,0.0,0.0,0.0,0.0,0.0,0.0,0.0,1.0,0.0,0.0,1.0,0.0,0.0,0.0,0.0,0.0,0.0,1.0,0.0,0.0,1.0,1.0,0.0,0.0,0.0,0.0,0.0,0.0,0.0,0.0,1.0,0.0,1.0,1.0,0.0,0.0,0.0,0.0,0.0,0.0,0.0,1.0,0.0,1.0,0.0,0.0,0.0,0.0,1.0,0.0,1.0,0.0,0.0,0.0,0.0,1.0,1.0,0.0,0.0,0.0,0.0,0.0,0.0,0.0,1.0,0.0,1.0,1.0,1.0,0.0,0.0,0.0,0.0,0.0,0.0,1.0,0.0,0.0,0.0,1.0,0.0,0.0,0.0,1.0,0.0,0.0,0.84,0.84,0.8,0.88,0.92,1.0,0.76,0.76,0.8,0.88,0.92,0.72,0.6799999999999999,0.76,0.76,0.88,0.6799999999999999,0.64,0.6799999999999999,0.72,0.76,0.64,0.6,0.64,0.6799999999999999,0.6799999999999999,0.6,0.6,0.6,0.64,0.64,0.56,0.56,0.6,0.6,0.6,0.84,0.84,0.8,0.88,0.92,1.0,0.76,0.76,0.8,0.88,0.92,0.72,0.6799999999999999,0.76,0.76,0.88,0.6799999999999999,0.64,0.6799999999999999,0.72,0.76,0.64,0.6,0.64,0.6799999999999999,0.6799999999999999,0.6,0.6,0.6,0.64,0.64,0.56,0.56,0.6,0.6,0.6
401,0.0,0.0,0.0,0.0,0.0,0.0,0.0,1.0,0.0,0.0,1.0,0.0,1.0,0.0,1.0,0.0,1.0,1.0,0.0,1.0,0.0,1.0,0.0,0.0,0.0,0.0,0.0,0.0,0.0,0.0,1.0,1.0,0.0,0.0,0.0,1.0,0.0,1.0,0.0,0.0,0.0,0.0,0.0,0.0,0.0,0.0,0.0,0.0,0.0,0.0,0.0,1.0,0.0,0.0,0.0,0.0,0.0,1.0,1.0,0.0,0.0,1.0,0.0,0.0,0.0,1.0,0.0,0.0,0.0,0.0,0.0,0.0,0.0,0.0,0.0,1.0,0.0,0.0,1.0,1.0,1.0,0.0,0.0,0.0,0.0,0.0,0.0,0.0,1.0,0.0,0.0,1.0,0.0,1.0,1.0,0.0,0.0,0.0,0.0,0.0,1.0,0.0,0.0,0.0,0.84,0.76,0.92,1.0,0.72,0.76,0.72,0.84,0.92,0.6799999999999999,0.72,0.6799999999999999,0.76,0.8,0.64,0.6799999999999999,0.64,0.72,0.76,0.6,0.64,0.6,0.6799999999999999,0.6799999999999999,0.56,0.6,0.56,0.64,0.64,0.52,0.56,0.52,0.6,0.6,0.52,0.52,0.84,0.76,0.92,1.0,0.72,0.76,0.72,0.84,0.92,0.6799999999999999,0.72,0.6799999999999999,0.76,0.8,0.64,0.6799999999999999,0.64,0.72,0.76,0.6,0.64,0.6,0.6799999999999999,0.6799999999999999,0.56,0.6,0.56,0.64,0.64,0.52,0.56,0.52,0.6,0.6,0.52,0.52
402,0.0,0.0,0.0,1.0,1.0,0.0,1.0,1.0,0.0,0.0,0.0,0.0,0.0,0.0,0.0,0.0,0.0,0.0,1.0,1.0,1.0,0.0,0.0,1.0,0.0,0.0,0.0,1.0,0.0,0.0,0.0,0.0,0.0,1.0,0.0,0.0,1.0,0.0,0.0,0.0,0.0,1.0,0.0,0.0,0.0,0.0,0.0,0.0,0.0,1.0,0.0,0.0,1.0,1.0,0.0,0.0,0.0,0.0,0.0,0.0,0.0,0.0,1.0,1.0,0.0,0.0,1.0,1.0,0.0,0.0,0.0,0.0,0.0,0.0,0.0,0.0,0.0,0.0,0.0,0.0,0.0,1.0,0.0,0.0,0.0,0.0,1.0,0.0,0.0,0.0,0.0,1.0,1.0,0.0,1.0,1.0,1.0,0.0,0.0,0.0,0.0,0.0,0.0,0.0,1.0,0.84,0.6799999999999999,0.6799999999999999,0.72,0.6799999999999999,0.76,0.64,0.64,0.6799999999999999,0.64,0.72,0.6,0.6,0.64,0.6,0.6799999999999999,0.56,0.56,0.6,0.56,0.64,0.56,0.52,0.56,0.56,0.6,0.52,0.52,0.56,0.52,0.56,0.52,0.48,0.52,0.52,1.0,0.84,0.6799999999999999,0.6799999999999999,0.72,0.6799999999999999,0.76,0.64,0.64,0.6799999999999999,0.64,0.72,0.6,0.6,0.64,0.6,0.6799999999999999,0.56,0.56,0.6,0.56,0.64,0.56,0.52,0.56,0.56,0.6,0.52,0.52,0.56,0.52,0.56,0.52,0.48,0.52,0.52
403,0.0,0.0,0.0,0.0,0.0,1.0,0.0,0.0,0.0,0.0,1.0,1.0,1.0,0.0,0.0,0.0,0.0,0.0,1.0,0.0,0.0,0.0,0.0,0.0,0.0,0.0,0.0,0.0,0.0,0.0,0.0,1.0,0.0,0.0,0.0,1.0,0.0,0.0,0.0,0.0,0.0,1.0,0.0,0.0,1.0,1.0,0.0,0.0,1.0,1.0,0.0,1.0,0.0,1.0,0.0,1.0,0.0,0.0,0.0,1.0,0.0,0.0,0.0,0.0,0.0,1.0,0.0,0.0,1.0,1.0,0.0,0.0,0.0,0.0,0.0,0.0,0.0,0.0,1.0,0.0,0.0,1.0,1.0,0.0,1.0,0.0,0.0,0.0,1.0,0.0,0.0,0.0,1.0,0.0,1.0,0.0,0.0,0.0,0.0,0.0,0.0,0.0,0.0,0.0,0.84,0.84,0.64,0.84,1.0,0.76,0.8,0.6,0.76,1.0,0.6799999999999999,0.72,0.56,0.72,0.88,0.64,0.6799999999999999,0.56,0.6799999999999999,0.76,0.6,0.64,0.52,0.64,0.72,0.6,0.6,0.52,0.6,0.6799999999999999,0.56,0.56,0.48,0.56,0.64,0.52,0.84,0.84,0.64,0.84,1.0,0.76,0.8,0.6,0.76,1.0,0.6799999999999999,0.72,0.56,0.72,0.88,0.64,0.6799999999999999,0.56,0.6799999999999999,0.76,0.6,0.64,0.52,0.64,0.72,0.6,0.6,0.52,0.6,0.6799999999999999,0.56,0.56,0.48,0.56,0.64,0.52
404,0.0,0.0,0.0,0.0,1.0,1.0,1.0,0.0,0.0,0.0,0.0,0.0,1.0,1.0,1.0,0.0,0.0,0.0,0.0,0.0,0.0,0.0,0.0,1.0,0.0,0.0,1.0,0.0,0.0,0.0,1.0,0.0,0.0,1.0,0.0,0.0,0.0,0.0,0.0,0.0,1.0,1.0,0.0,0.0,0.0,0.0,0.0,0.0,0.0,1.0,0.0,0.0,1.0,0.0,0.0,1.0,0.0,0.0,0.0,0.0,0.0,0.0,1.0,0.0,0.0,0.0,0.0,1.0,0.0,1.0,1.0,0.0,1.0,0.0,0.0,0.0,0.0,0.0,0.0,1.0,0.0,0.0,0.0,0.0,1.0,0.0,0.0,0.0,0.0,0.0,1.0,1.0,0.0,0.0,0.0,0.0,0.0,1.0,0.0,0.0,0.0,0.0,1.0,0.0,1.0,0.84,0.8,0.76,0.8,0.8,0.76,0.76,0.72,0.76,0.76,0.72,0.72,0.6799999999999999,0.6799999999999999,0.72,0.6799999999999999,0.6799999999999999,0.64,0.64,0.6799999999999999,0.64,0.64,0.6,0.6,0.64,0.6,0.6,0.56,0.6,0.6,0.56,0.56,0.52,0.56,0.56,1.0,0.84,0.8,0.76,0.8,0.8,0.76,0.76,0.72,0.76,0.76,0.72,0.72,0.6799999999999999,0.6799999999999999,0.72,0.6799999999999999,0.6799999999999999,0.64,0.64,0.6799999999999999,0.64,0.64,0.6,0.6,0.64,0.6,0.6,0.56,0.6,0.6,0.56,0.56,0.52,0.56,0.56
405,0.0,1.0,0.0,0.0,0.0,0.0,1.0,0.0,1.0,0.0,0.0,0.0,0.0,0.0,0.0,0.0,1.0,0.0,0.0,0.0,0.0,1.0,1.0,0.0,0.0,0.0,1.0,1.0,0.0,0.0,0.0,0.0,1.0,0.0,1.0,0.0,0.0,0.0,1.0,1.0,0.0,0.0,0.0,0.0,1.0,0.0,0.0,0.0,0.0,0.0,0.0,0.0,1.0,0.0,0.0,1.0,1.0,0.0,0.0,0.0,0.0,1.0,1.0,0.0,0.0,0.0,1.0,1.0,0.0,0.0,0.0,0.0,0.0,0.0,0.0,0.0,0.0,0.0,0.0,0.0,0.0,0.0,0.0,0.0,0.0,0.0,0.0,0.0,0.0,0.0,0.0,0.0,1.0,0.0,1.0,0.0,0.0,1.0,0.0,0.0,1.0,1.0,1.0,0.0,0.88,1.0,0.64,0.6799999999999999,0.88,0.64,0.84,0.6,0.64,0.8,0.6,0.8,0.56,0.6,0.76,0.56,0.76,0.56,0.56,0.72,0.56,0.6799999999999999,0.52,0.52,0.6799999999999999,0.52,0.64,0.52,0.52,0.64,0.52,0.6,0.48,0.48,0.6,0.48,0.88,1.0,0.64,0.6799999999999999,0.88,0.64,0.84,0.6,0.64,0.8,0.6,0.8,0.56,0.6,0.76,0.56,0.76,0.56,0.56,0.72,0.56,0.6799999999999999,0.52,0.52,0.6799999999999999,0.52,0.64,0.52,0.52,0.64,0.52,0.6,0.48,0.48,0.6,0.48
406,1.0,0.0,1.0,1.0,0.0,0.0,0.0,0.0,0.0,0.0,1.0,1.0,0.0,0.0,0.0,0.0,0.0,0.0,0.0,0.0,0.0,0.0,0.0,0.0,0.0,0.0,1.0,1.0,0.0,1.0,0.0,1.0,0.0,1.0,0.0,0.0,0.0,0.0,0.0,0.0,0.0,1.0,0.0,0.0,0.0,0.0,0.0,0.0,1.0,1.0,0.0,0.0,0.0,0.0,0.0,0.0,0.0,1.0,1.0,0.0,1.0,0.0,0.0,0.0,0.0,1.0,1.0,0.0,0.0,0.0,0.0,0.0,0.0,1.0,0.0,0.0,0.0,1.0,0.0,0.0,0.0,0.0,1.0,0.0,1.0,0.0,1.0,0.0,0.0,0.0,1.0,0.0,0.0,0.0,1.0,0.0,0.0,1.0,0.0,0.0,0.0,0.0,0.0,0.0,0.84,0.88,0.64,1.0,0.6799999999999999,0.76,0.8,0.6,0.88,0.64,0.6799999999999999,0.76,0.56,0.76,0.6,0.64,0.6799999999999999,0.56,0.72,0.56,0.6,0.64,0.52,0.6799999999999999,0.52,0.6,0.6,0.52,0.64,0.52,0.56,0.6,0.48,0.6,0.48,0.52,0.84,0.88,0.64,1.0,0.6799999999999999,0.76,0.8,0.6,0.88,0.64,0.6799999999999999,0.76,0.56,0.76,0.6,0.64,0.6799999999999999,0.56,0.72,0.56,0.6,0.64,0.52,0.6799999999999999,0.52,0.6,0.6,0.52,0.64,0.52,0.56,0.6,0.48,0.6,0.48,0.52
407,0.0,1.0,0.0,0.0,0.0,0.0,0.0,1.0,0.0,0.0,0.0,1.0,1.0,0.0,0.0,1.0,1.0,0.0,0.0,0.0,0.0,0.0,0.0,1.0,0.0,1.0,0.0,0.0,0.0,0.0,0.0,0.0,0.0,1.0,1.0,0.0,1.0,0.0,0.0,0.0,0.0,1.0,0.0,0.0,1.0,0.0,0.0,0.0,0.0,0.0,0.0,0.0,0.0,0.0,0.0,0.0,0.0,0.0,0.0,0.0,1.0,1.0,0.0,0.0,0.0,0.0,0.0,0.0,0.0,0.0,1.0,0.0,1.0,1.0,1.0,0.0,0.0,0.0,0.0,1.0,0.0,1.0,1.0,1.0,0.0,0.0,0.0,1.0,0.0,0.0,1.0,0.0,0.0,0.0,0.0,0.0,0.0,0.0,0.0,0.0,0.0,0.0,0.0,1.0,0.4,0.43999999999999995,0.43999999999999995,0.43999999999999995,0.4,0.43999999999999995,0.43999999999999995,0.43999999999999995,0.43999999999999995,0.36,0.43999999999999995,0.43999999999999995,0.43999999999999995,0.43999999999999995,0.36,0.43999999999999995,0.4,0.43999999999999995,0.52,0.36,0.43999999999999995,0.4,0.52,0.52,0.36,0.43999999999999995,0.36,0.88,1.0,0.31999999999999995,0.48,0.36,0.56,0.6,0.31999999999999995,0.52,0.4,0.43999999999999995,0.43999999999999995,0.43999999999999995,0.4,0.43999999999999995,0.43999999999999995,0.43999999999999995,0.43999999999999995,0.36,0.43999999999999995,0.43999999999999995,0.43999999999999995,0.43999999999999995,0.36,0.43999999999999995,0.4,0.43999999999999995,0.52,0.36,0.43999999999999995,0.4,0.52,0.52,0.36,0.43999999999999995,0.36,0.88,1.0,0.31999999999999995,0.48,0.36,0.56,0.6,0.31999999999999995,0.52
408,0.0,0.0,1.0,0.0,0.0,1.0,0.0,1.0,0.0,0.0,1.0,0.0,0.0,1.0,0.0,0.0,1.0,0.0,0.0,0.0,0.0,0.0,0.0,1.0,0.0,0.0,1.0,0.0,0.0,0.0,0.0,0.0,1.0,0.0,1.0,0.0,0.0,0.0,1.0,0.0,0.0,0.0,0.0,0.0,0.0,1.0,0.0,0.0,0.0,0.0,1.0,0.0,1.0,0.0,0.0,1.0,0.0,0.0,0.0,0.0,0.0,0.0,0.0,0.0,1.0,0.0,1.0,1.0,0.0,0.0,1.0,1.0,0.0,0.0,0.0,0.0,0.0,0.0,0.0,0.0,0.0,0.0,0.0,0.0,0.0,0.0,0.0,0.0,0.0,1.0,0.0,0.0,0.0,1.0,0.0,1.0,1.0,0.0,0.0,1.0,0.0,0.0,0.0,1.0,0.84,0.96,0.96,0.84,1.0,0.92,0.92,0.88,0.76,0.88,0.84,0.8,0.8,0.72,0.76,0.76,0.76,0.76,0.6799999999999999,0.72,0.72,0.72,0.6799999999999999,0.64,0.6799999999999999,0.6799999999999999,0.6799999999999999,0.64,0.6,0.64,0.64,0.64,0.6,0.56,0.6,0.6,0.84,0.96,0.96,0.84,1.0,0.92,0.92,0.88,0.76,0.88,0.84,0.8,0.8,0.72,0.76,0.76,0.76,0.76,0.6799999999999999,0.72,0.72,0.72,0.6799999999999999,0.64,0.6799999999999999,0.6799999999999999,0.6799999999999999,0.64,0.6,0.64,0.64,0.64,0.6,0.56,0.6,0.6
409,0.0,0.0,0.0,0.0,0.0,1.0,1.0,0.0,0.0,0.0,0.0,0.0,0.0,0.0,0.0,1.0,1.0,0.0,1.0,0.0,1.0,0.0,0.0,0.0,0.0,0.0,0.0,0.0,0.0,0.0,0.0,0.0,0.0,1.0,0.0,0.0,1.0,1.0,1.0,0.0,1.0,0.0,1.0,0.0,0.0,0.0,0.0,1.0,0.0,0.0,0.0,0.0,1.0,1.0,1.0,0.0,0.0,0.0,0.0,1.0,1.0,0.0,0.0,0.0,1.0,0.0,0.0,0.0,0.0,1.0,0.0,0.0,0.0,0.0,1.0,0.0,0.0,0.0,0.0,0.0,0.0,0.0,1.0,0.0,0.0,0.0,0.0,0.0,0.0,0.0,0.0,1.0,0.0,1.0,0.0,0.0,1.0,0.0,0.0,0.0,0.0,0.0,0.0,1.0,0.88,1.0,0.76,0.76,0.8,0.76,1.0,0.72,0.72,0.76,0.72,0.8,0.6799999999999999,0.6799999999999999,0.72,0.6799999999999999,0.76,0.64,0.64,0.6799999999999999,0.64,0.72,0.6,0.6,0.64,0.6,0.6799999999999999,0.56,0.56,0.6,0.56,0.64,0.56,0.56,0.56,0.56,0.88,1.0,0.76,0.76,0.8,0.76,1.0,0.72,0.72,0.76,0.72,0.8,0.6799999999999999,0.6799999999999999,0.72,0.6799999999999999,0.76,0.64,0.64,0.6799999999999999,0.64,0.72,0.6,0.6,0.64,0.6,0.6799999999999999,0.56,0.56,0.6,0.56,0.64,0.56,0.56,0.56,0.56
410,0.0,0.0,1.0,0.0,0.0,0.0,1.0,0.0,1.0,0.0,0.0,0.0,0.0,1.0,1.0,0.0,1.0,0.0,1.0,0.0,0.0,0.0,0.0,1.0,0.0,0.0,0.0,0.0,1.0,0.0,0.0,0.0,0.0,0.0,0.0,0.0,0.0,0.0,0.0,0.0,0.0,1.0,0.0,0.0,0.0,1.0,0.0,0.0,0.0,0.0,1.0,1.0,0.0,1.0,0.0,0.0,1.0,1.0,0.0,0.0,0.0,0.0,0.0,1.0,0.0,0.0,0.0,0.0,0.0,0.0,0.0,0.0,0.0,0.0,0.0,0.0,1.0,1.0,1.0,0.0,0.0,0.0,1.0,1.0,1.0,1.0,0.0,0.0,0.0,0.0,1.0,0.0,1.0,0.0,0.0,0.0,0.0,0.0,0.0,0.0,0.0,0.0,0.0,0.0,0.84,0.96,0.96,1.0,0.96,0.96,0.96,0.96,0.92,0.88,0.88,0.88,0.88,0.8,0.76,0.76,0.76,0.76,0.76,0.72,0.72,0.72,0.72,0.6799999999999999,0.6799999999999999,0.6799999999999999,0.6799999999999999,0.6799999999999999,0.64,0.64,0.64,0.64,0.64,0.6,0.6,0.6,0.84,0.96,0.96,1.0,0.96,0.96,0.96,0.96,0.92,0.88,0.88,0.88,0.88,0.8,0.76,0.76,0.76,0.76,0.76,0.72,0.72,0.72,0.72,0.6799999999999999,0.6799999999999999,0.6799999999999999,0.6799999999999999,0.6799999999999999,0.64,0.64,0.64,0.64,0.64,0.6,0.6,0.6
411,1.0,0.0,0.0,0.0,0.0,0.0,0.0,0.0,0.0,0.0,0.0,0.0,0.0,0.0,0.0,1.0,0.0,0.0,0.0,0.0,1.0,0.0,0.0,0.0,0.0,1.0,1.0,0.0,0.0,1.0,0.0,1.0,1.0,0.0,0.0,0.0,0.0,1.0,1.0,0.0,1.0,1.0,0.0,0.0,0.0,0.0,0.0,1.0,0.0,0.0,0.0,0.0,0.0,1.0,1.0,0.0,0.0,0.0,0.0,1.0,0.0,0.0,0.0,0.0,0.0,1.0,0.0,0.0,0.0,0.0,0.0,0.0,0.0,0.0,0.0,1.0,1.0,0.0,0.0,1.0,0.0,0.0,0.0,0.0,0.0,1.0,0.0,1.0,0.0,0.0,0.0,0.0,0.0,0.0,1.0,1.0,0.0,0.0,1.0,0.0,1.0,0.0,0.0,0.0,0.84,0.6799999999999999,0.76,1.0,0.84,0.72,0.64,0.72,1.0,0.76,0.6799999999999999,0.6,0.6799999999999999,0.88,0.6799999999999999,0.64,0.56,0.64,0.76,0.64,0.6,0.56,0.6,0.72,0.6,0.56,0.52,0.56,0.6799999999999999,0.6,0.52,0.52,0.52,0.64,0.56,0.52,0.84,0.6799999999999999,0.76,1.0,0.84,0.72,0.64,0.72,1.0,0.76,0.6799999999999999,0.6,0.6799999999999999,0.88,0.6799999999999999,0.64,0.56,0.64,0.76,0.64,0.6,0.56,0.6,0.72,0.6,0.56,0.52,0.56,0.6799999999999999,0.6,0.52,0.52,0.52,0.64,0.56,0.52
412,0.0,0.0,0.0,0.0,1.0,0.0,0.0,1.0,0.0,0.0,0.0,0.0,0.0,1.0,1.0,0.0,0.0,0.0,0.0,0.0,0.0,1.0,1.0,1.0,1.0,1.0,0.0,0.0,0.0,0.0,1.0,0.0,0.0,0.0,0.0,0.0,0.0,0.0,1.0,0.0,0.0,0.0,0.0,0.0,0.0,1.0,1.0,0.0,0.0,0.0,0.0,0.0,0.0,0.0,1.0,0.0,0.0,1.0,1.0,0.0,1.0,1.0,0.0,0.0,1.0,0.0,0.0,0.0,0.0,0.0,0.0,0.0,0.0,0.0,0.0,0.0,0.0,0.0,1.0,0.0,0.0,0.0,0.0,0.0,1.0,0.0,0.0,0.0,1.0,1.0,0.0,0.0,0.0,1.0,0.0,0.0,0.0,0.0,0.0,0.0,1.0,1.0,0.0,0.0,0.56,0.64,0.6799999999999999,0.64,0.6,0.72,0.64,0.6799999999999999,0.64,0.6,0.72,0.64,0.6799999999999999,0.64,0.52,1.0,0.6,0.6799999999999999,0.52,0.52,1.0,0.52,0.88,0.52,0.48,1.0,0.52,0.52,0.48,0.48,0.52,0.48,0.52,0.48,0.48,0.52,0.56,0.64,0.6799999999999999,0.64,0.6,0.72,0.64,0.6799999999999999,0.64,0.6,0.72,0.64,0.6799999999999999,0.64,0.52,1.0,0.6,0.6799999999999999,0.52,0.52,1.0,0.52,0.88,0.52,0.48,1.0,0.52,0.52,0.48,0.48,0.52,0.48,0.52,0.48,0.48,0.52
413,1.0,0.0,0.0,1.0,0.0,0.0,0.0,0.0,0.0,0.0,0.0,0.0,0.0,0.0,0.0,0.0,1.0,0.0,0.0,0.0,0.0,0.0,0.0,1.0,0.0,1.0,0.0,1.0,1.0,0.0,0.0,0.0,0.0,0.0,1.0,0.0,1.0,0.0,1.0,0.0,1.0,0.0,0.0,0.0,0.0,1.0,1.0,0.0,0.0,0.0,0.0,0.0,0.0,0.0,0.0,0.0,0.0,0.0,0.0,1.0,0.0,0.0,0.0,0.0,0.0,1.0,0.0,1.0,0.0,0.0,0.0,0.0,0.0,0.0,0.0,0.0,0.0,0.0,1.0,0.0,0.0,1.0,0.0,0.0,1.0,1.0,0.0,1.0,0.0,0.0,0.0,0.0,0.0,1.0,0.0,1.0,1.0,0.0,0.0,0.0,0.0,1.0,0.0,1.0,0.64,0.56,0.56,0.8,0.8,0.6799999999999999,0.52,0.52,0.8,0.8,0.6,0.52,0.52,0.76,0.76,0.56,0.48,0.48,1.0,0.96,0.52,0.48,0.48,0.76,0.6799999999999999,0.52,0.48,0.48,0.56,0.56,0.48,0.43999999999999995,0.43999999999999995,0.56,0.56,0.48,0.64,0.56,0.56,0.8,0.8,0.6799999999999999,0.52,0.52,0.8,0.8,0.6,0.52,0.52,0.76,0.76,0.56,0.48,0.48,1.0,0.96,0.52,0.48,0.48,0.76,0.6799999999999999,0.52,0.48,0.48,0.56,0.56,0.48,0.43999999999999995,0.43999999999999995,0.56,0.56,0.48
414,0.0,0.0,0.0,1.0,0.0,0.0,1.0,0.0,0.0,1.0,0.0,0.0,0.0,1.0,0.0,0.0,0.0,1.0,1.0,0.0,1.0,1.0,0.0,0.0,0.0,0.0,0.0,0.0,0.0,0.0,0.0,0.0,0.0,0.0,0.0,0.0,1.0,0.0,1.0,0.0,0.0,0.0,1.0,0.0,0.0,0.0,1.0,1.0,0.0,0.0,0.0,0.0,1.0,0.0,0.0,0.0,0.0,1.0,0.0,0.0,0.0,0.0,1.0,1.0,0.0,0.0,0.0,0.0,0.0,0.0,0.0,0.0,0.0,0.0,0.0,0.0,0.0,0.0,0.0,1.0,1.0,1.0,1.0,1.0,0.0,0.0,1.0,0.0,0.0,1.0,0.0,0.0,0.0,0.0,0.0,0.0,0.0,1.0,0.0,0.0,0.0,0.0,1.0,0.0,0.64,0.6799999999999999,0.56,0.8,0.52,0.64,0.6,0.52,0.8,0.52,0.56,0.56,0.52,0.8,0.48,0.52,0.52,0.48,1.0,0.48,0.52,0.52,0.48,0.6,0.48,0.48,0.48,0.48,0.56,0.43999999999999995,0.48,0.48,0.43999999999999995,0.56,0.43999999999999995,0.48,0.64,0.6799999999999999,0.56,0.8,0.52,0.64,0.6,0.52,0.8,0.52,0.56,0.56,0.52,0.8,0.48,0.52,0.52,0.48,1.0,0.48,0.52,0.52,0.48,0.6,0.48,0.48,0.48,0.48,0.56,0.43999999999999995,0.48,0.48,0.43999999999999995,0.56,0.43999999999999995,0.48
415,1.0,0.0,0.0,0.0,0.0,1.0,0.0,0.0,0.0,0.0,0.0,1.0,0.0,0.0,0.0,1.0,0.0,0.0,0.0,0.0,1.0,0.0,0.0,0.0,0.0,0.0,0.0,0.0,1.0,1.0,0.0,0.0,0.0,0.0,0.0,0.0,0.0,1.0,0.0,0.0,0.0,0.0,1.0,0.0,1.0,1.0,1.0,0.0,0.0,0.0,1.0,0.0,0.0,1.0,0.0,0.0,1.0,0.0,0.0,0.0,0.0,0.0,0.0,0.0,0.0,1.0,0.0,0.0,0.0,0.0,0.0,0.0,0.0,0.0,0.0,1.0,0.0,0.0,1.0,0.0,0.0,0.0,1.0,0.0,1.0,1.0,1.0,0.0,1.0,0.0,1.0,0.0,0.0,0.0,0.0,0.0,0.0,0.0,0.0,0.0,1.0,0.0,0.0,1.0,0.72,0.6,0.56,0.88,0.8,0.6,0.56,0.56,0.88,0.76,0.56,0.52,0.52,0.88,0.6799999999999999,0.56,0.52,0.52,1.0,0.64,0.52,0.48,0.48,0.6799999999999999,0.6,0.52,0.48,0.48,0.64,0.56,0.48,0.48,0.48,0.6,0.52,0.48,0.72,0.6,0.56,0.88,0.8,0.6,0.56,0.56,0.88,0.76,0.56,0.52,0.52,0.88,0.6799999999999999,0.56,0.52,0.52,1.0,0.64,0.52,0.48,0.48,0.6799999999999999,0.6,0.52,0.48,0.48,0.64,0.56,0.48,0.48,0.48,0.6,0.52,0.48
416,0.0,0.0,0.0,1.0,1.0,1.0,1.0,1.0,0.0,0.0,0.0,0.0,0.0,0.0,0.0,0.0,0.0,0.0,0.0,0.0,1.0,0.0,0.0,1.0,1.0,1.0,0.0,0.0,0.0,1.0,0.0,0.0,0.0,0.0,1.0,0.0,0.0,0.0,0.0,0.0,0.0,0.0,0.0,1.0,0.0,0.0,0.0,0.0,0.0,0.0,0.0,1.0,1.0,1.0,0.0,0.0,0.0,0.0,0.0,0.0,0.0,0.0,0.0,0.0,0.0,1.0,1.0,1.0,1.0,0.0,0.0,1.0,0.0,0.0,1.0,0.0,0.0,0.0,0.0,1.0,0.0,0.0,0.0,0.0,0.0,1.0,0.0,0.0,1.0,0.0,0.0,1.0,0.0,0.0,1.0,0.0,0.0,0.0,0.0,0.0,0.0,0.0,0.0,0.0,0.88,0.8,1.0,0.64,0.64,0.84,0.76,1.0,0.6,0.6,0.76,0.6799999999999999,0.8,0.6,0.6,0.72,0.64,0.76,0.56,0.56,0.6799999999999999,0.6,0.72,0.52,0.52,0.64,0.6,0.6799999999999999,0.52,0.52,0.6,0.56,0.64,0.48,0.48,0.56,0.88,0.8,1.0,0.64,0.64,0.84,0.76,1.0,0.6,0.6,0.76,0.6799999999999999,0.8,0.6,0.6,0.72,0.64,0.76,0.56,0.56,0.6799999999999999,0.6,0.72,0.52,0.52,0.64,0.6,0.6799999999999999,0.52,0.52,0.6,0.56,0.64,0.48,0.48,0.56
417,0.0,0.0,0.0,0.0,0.0,0.0,0.0,1.0,1.0,1.0,1.0,0.0,0.0,1.0,1.0,0.0,0.0,0.0,0.0,1.0,0.0,1.0,0.0,0.0,0.0,1.0,0.0,0.0,0.0,1.0,0.0,0.0,0.0,0.0,0.0,0.0,0.0,0.0,1.0,0.0,1.0,1.0,0.0,0.0,0.0,0.0,0.0,0.0,0.0,0.0,0.0,0.0,1.0,1.0,1.0,0.0,0.0,1.0,0.0,0.0,0.0,0.0,0.0,0.0,0.0,0.0,0.0,1.0,0.0,0.0,0.0,0.0,1.0,0.0,0.0,0.0,1.0,0.0,1.0,0.0,0.0,0.0,0.0,0.0,0.0,0.0,1.0,0.0,0.0,0.0,0.0,0.0,0.0,0.0,0.0,0.0,0.0,0.0,0.0,1.0,1.0,0.0,1.0,1.0,0.84,1.0,1.0,0.72,0.8,0.92,1.0,1.0,0.6799999999999999,0.76,0.84,0.92,0.92,0.64,0.72,0.84,0.84,0.84,0.6,0.6799999999999999,0.8,0.76,0.76,0.56,0.64,0.6799999999999999,0.72,0.72,0.52,0.6,0.64,0.6799999999999999,0.6799999999999999,0.52,0.56,0.6,0.84,1.0,1.0,0.72,0.8,0.92,1.0,1.0,0.6799999999999999,0.76,0.84,0.92,0.92,0.64,0.72,0.84,0.84,0.84,0.6,0.6799999999999999,0.8,0.76,0.76,0.56,0.64,0.6799999999999999,0.72,0.72,0.52,0.6,0.64,0.6799999999999999,0.6799999999999999,0.52,0.56,0.6
418,1.0,1.0,1.0,0.0,0.0,0.0,0.0,1.0,0.0,0.0,0.0,1.0,0.0,0.0,1.0,0.0,0.0,0.0,0.0,1.0,0.0,1.0,0.0,0.0,0.0,0.0,0.0,1.0,1.0,0.0,0.0,0.0,0.0,0.0,0.0,0.0,0.0,1.0,0.0,1.0,0.0,0.0,0.0,0.0,1.0,0.0,0.0,0.0,0.0,0.0,0.0,0.0,0.0,0.0,0.0,0.0,1.0,0.0,1.0,0.0,0.0,1.0,0.0,0.0,0.0,0.0,0.0,0.0,1.0,1.0,0.0,0.0,1.0,0.0,1.0,1.0,0.0,0.0,0.0,0.0,0.0,0.0,0.0,1.0,0.0,0.0,0.0,0.0,0.0,0.0,1.0,0.0,0.0,0.0,0.0,1.0,0.0,0.0,1.0,0.0,0.0,0.0,0.0,1.0,0.92,1.0,0.96,0.76,0.76,0.8,0.88,0.84,0.72,0.6799999999999999,0.76,0.8,0.8,0.6799999999999999,0.64,0.72,0.76,0.76,0.64,0.6,0.6799999999999999,0.72,0.72,0.6,0.6,0.64,0.6799999999999999,0.6799999999999999,0.56,0.56,0.6,0.64,0.64,0.52,0.52,0.56,0.92,1.0,0.96,0.76,0.76,0.8,0.88,0.84,0.72,0.6799999999999999,0.76,0.8,0.8,0.6799999999999999,0.64,0.72,0.76,0.76,0.64,0.6,0.6799999999999999,0.72,0.72,0.6,0.6,0.64,0.6799999999999999,0.6799999999999999,0.56,0.56,0.6,0.64,0.64,0.52,0.52,0.56
419,1.0,0.0,1.0,0.0,1.0,1.0,0.0,1.0,0.0,0.0,0.0,1.0,0.0,0.0,1.0,1.0,1.0,0.0,0.0,0.0,0.0,0.0,0.0,0.0,0.0,0.0,1.0,0.0,0.0,1.0,0.0,0.0,0.0,0.0,1.0,0.0,0.0,0.0,0.0,0.0,0.0,0.0,0.0,0.0,0.0,0.0,0.0,0.0,1.0,0.0,0.0,0.0,0.0,1.0,0.0,0.0,0.0,0.0,0.0,0.0,0.0,0.0,0.0,0.0,0.0,0.0,0.0,0.0,0.0,0.0,0.0,0.0,0.0,0.0,1.0,0.0,1.0,0.0,0.0,1.0,1.0,0.0,1.0,0.0,0.0,1.0,0.0,0.0,1.0,0.0,0.0,0.0,0.0,1.0,0.0,1.0,0.0,1.0,1.0,1.0,0.0,0.0,0.0,0.0,1.0,0.8,0.6799999999999999,0.8,0.76,0.6799999999999999,0.76,0.64,0.76,0.72,0.64,0.6799999999999999,0.6,0.6799999999999999,0.6799999999999999,0.6,0.64,0.56,0.64,0.64,0.56,0.6,0.52,0.6,0.6,0.56,0.6,0.52,0.6,0.56,0.52,0.56,0.48,0.56,0.52,0.52,1.0,0.8,0.6799999999999999,0.8,0.76,0.6799999999999999,0.76,0.64,0.76,0.72,0.64,0.6799999999999999,0.6,0.6799999999999999,0.6799999999999999,0.6,0.64,0.56,0.64,0.64,0.56,0.6,0.52,0.6,0.6,0.56,0.6,0.52,0.6,0.56,0.52,0.56,0.48,0.56,0.52,0.52
420,0.0,1.0,1.0,0.0,1.0,0.0,0.0,0.0,0.0,0.0,0.0,0.0,1.0,0.0,1.0,0.0,0.0,1.0,0.0,0.0,0.0,0.0,1.0,1.0,0.0,1.0,1.0,0.0,0.0,0.0,0.0,0.0,0.0,0.0,1.0,1.0,0.0,0.0,1.0,0.0,0.0,0.0,0.0,0.0,0.0,0.0,0.0,0.0,0.0,0.0,0.0,0.0,1.0,0.0,0.0,0.0,0.0,0.0,0.0,1.0,1.0,0.0,0.0,0.0,0.0,0.0,0.0,0.0,0.0,0.0,0.0,0.0,0.0,0.0,0.0,0.0,1.0,0.0,0.0,0.0,0.0,0.0,0.0,0.0,0.0,0.0,0.0,0.0,0.0,0.0,0.0,1.0,1.0,0.0,1.0,1.0,1.0,1.0,1.0,0.0,1.0,0.0,0.0,1.0,0.56,0.64,0.64,0.6,0.72,0.64,0.64,0.64,0.56,0.72,0.64,0.64,0.64,0.52,0.72,0.64,0.56,0.56,0.48,1.0,0.52,0.52,0.52,0.48,1.0,0.52,0.52,0.48,0.48,0.6799999999999999,0.48,0.48,0.48,0.43999999999999995,0.52,0.48,0.56,0.64,0.64,0.6,0.72,0.64,0.64,0.64,0.56,0.72,0.64,0.64,0.64,0.52,0.72,0.64,0.56,0.56,0.48,1.0,0.52,0.52,0.52,0.48,1.0,0.52,0.52,0.48,0.48,0.6799999999999999,0.48,0.48,0.48,0.43999999999999995,0.52,0.48
421,0.0,1.0,0.0,1.0,0.0,0.0,1.0,0.0,1.0,0.0,0.0,0.0,0.0,0.0,0.0,0.0,0.0,0.0,1.0,0.0,0.0,1.0,0.0,1.0,1.0,0.0,0.0,0.0,0.0,0.0,1.0,1.0,0.0,1.0,0.0,1.0,0.0,0.0,0.0,0.0,0.0,0.0,1.0,0.0,0.0,0.0,0.0,0.0,0.0,0.0,0.0,0.0,0.0,0.0,1.0,0.0,0.0,0.0,0.0,0.0,0.0,0.0,0.0,1.0,1.0,0.0,0.0,1.0,1.0,0.0,0.0,0.0,0.0,0.0,1.0,0.0,0.0,1.0,0.0,1.0,0.0,0.0,0.0,0.0,0.0,0.0,0.0,0.0,0.0,0.0,1.0,0.0,0.0,0.0,0.0,0.0,0.0,0.0,1.0,0.0,0.0,1.0,1.0,1.0,0.48,0.52,0.52,0.52,0.52,0.52,0.52,0.52,0.52,0.52,0.52,0.52,0.52,0.52,0.48,0.6799999999999999,0.52,0.52,0.52,0.6,0.6799999999999999,0.48,0.6799999999999999,0.43999999999999995,0.43999999999999995,0.56,0.43999999999999995,1.0,0.43999999999999995,0.43999999999999995,0.43999999999999995,0.43999999999999995,0.43999999999999995,0.4,0.4,0.43999999999999995,0.48,0.52,0.52,0.52,0.52,0.52,0.52,0.52,0.52,0.52,0.52,0.52,0.52,0.52,0.48,0.6799999999999999,0.52,0.52,0.52,0.6,0.6799999999999999,0.48,0.6799999999999999,0.43999999999999995,0.43999999999999995,0.56,0.43999999999999995,1.0,0.43999999999999995,0.43999999999999995,0.43999999999999995,0.43999999999999995,0.43999999999999995,0.4,0.4,0.43999999999999995
422,1.0,0.0,0.0,1.0,0.0,0.0,0.0,0.0,0.0,0.0,1.0,0.0,1.0,0.0,1.0,0.0,1.0,0.0,0.0,0.0,1.0,0.0,0.0,1.0,0.0,0.0,0.0,0.0,0.0,0.0,1.0,0.0,1.0,0.0,0.0,0.0,0.0,0.0,0.0,0.0,1.0,0.0,0.0,0.0,1.0,0.0,1.0,0.0,0.0,0.0,0.0,0.0,0.0,0.0,0.0,0.0,0.0,0.0,0.0,1.0,0.0,1.0,0.0,0.0,0.0,0.0,0.0,0.0,0.0,0.0,1.0,0.0,0.0,1.0,0.0,0.0,0.0,0.0,1.0,0.0,0.0,1.0,0.0,1.0,0.0,1.0,1.0,0.0,0.0,0.0,0.0,1.0,0.0,0.0,1.0,1.0,0.0,0.0,0.0,0.0,0.0,1.0,0.0,0.0,1.0,0.76,0.72,0.76,0.76,0.72,0.72,0.6799999999999999,0.72,0.6799999999999999,0.6799999999999999,0.6799999999999999,0.64,0.6799999999999999,0.64,0.64,0.64,0.6,0.64,0.6,0.6,0.6,0.56,0.6,0.6,0.56,0.56,0.52,0.56,0.56,0.52,0.52,0.52,0.52,0.52,0.52,1.0,0.76,0.72,0.76,0.76,0.72,0.72,0.6799999999999999,0.72,0.6799999999999999,0.6799999999999999,0.6799999999999999,0.64,0.6799999999999999,0.64,0.64,0.64,0.6,0.64,0.6,0.6,0.6,0.56,0.6,0.6,0.56,0.56,0.52,0.56,0.56,0.52,0.52,0.52,0.52,0.52,0.52
423,0.0,0.0,0.0,1.0,0.0,0.0,0.0,0.0,0.0,1.0,0.0,1.0,0.0,1.0,0.0,0.0,0.0,0.0,0.0,0.0,0.0,0.0,0.0,0.0,0.0,1.0,0.0,0.0,0.0,1.0,1.0,0.0,0.0,0.0,1.0,0.0,0.0,0.0,0.0,1.0,0.0,0.0,1.0,0.0,1.0,0.0,0.0,0.0,0.0,1.0,1.0,0.0,0.0,1.0,0.0,0.0,0.0,1.0,1.0,1.0,0.0,0.0,0.0,0.0,1.0,0.0,1.0,1.0,1.0,1.0,1.0,0.0,0.0,0.0,1.0,0.0,0.0,0.0,0.0,0.0,1.0,0.0,0.0,0.0,0.0,0.0,0.0,0.0,0.0,0.0,0.0,0.0,0.0,0.0,0.0,0.0,0.0,1.0,0.0,0.0,0.0,0.0,0.0,0.0,0.84,1.0,0.96,0.72,0.76,0.72,1.0,0.92,0.6799999999999999,0.72,0.6799999999999999,0.92,0.88,0.64,0.6799999999999999,0.64,0.8,0.8,0.6,0.64,0.6,0.76,0.72,0.56,0.6,0.56,0.72,0.6799999999999999,0.52,0.56,0.56,0.6799999999999999,0.64,0.52,0.56,0.52,0.84,1.0,0.96,0.72,0.76,0.72,1.0,0.92,0.6799999999999999,0.72,0.6799999999999999,0.92,0.88,0.64,0.6799999999999999,0.64,0.8,0.8,0.6,0.64,0.6,0.76,0.72,0.56,0.6,0.56,0.72,0.6799999999999999,0.52,0.56,0.56,0.6799999999999999,0.64,0.52,0.56,0.52
424,1.0,0.0,0.0,1.0,0.0,0.0,0.0,0.0,0.0,1.0,1.0,0.0,0.0,0.0,0.0,0.0,0.0,0.0,0.0,0.0,1.0,0.0,0.0,1.0,0.0,1.0,0.0,0.0,1.0,0.0,0.0,0.0,0.0,1.0,1.0,0.0,0.0,1.0,0.0,0.0,0.0,1.0,0.0,0.0,0.0,0.0,0.0,0.0,1.0,0.0,0.0,0.0,0.0,0.0,0.0,0.0,1.0,0.0,1.0,0.0,0.0,0.0,0.0,1.0,0.0,1.0,0.0,0.0,0.0,0.0,0.0,0.0,0.0,0.0,1.0,0.0,0.0,0.0,0.0,0.0,0.0,0.0,0.0,1.0,1.0,0.0,0.0,0.0,0.0,0.0,0.0,0.0,1.0,0.0,1.0,0.0,1.0,1.0,0.0,0.0,0.0,1.0,1.0,0.0,0.84,0.92,0.76,0.88,1.0,0.96,0.88,0.72,0.76,1.0,0.92,0.76,0.6799999999999999,0.72,0.84,0.84,0.72,0.64,0.6799999999999999,0.84,0.72,0.6799999999999999,0.6,0.64,0.72,0.6799999999999999,0.64,0.56,0.6,0.6799999999999999,0.64,0.6,0.52,0.56,0.64,0.6,0.84,0.92,0.76,0.88,1.0,0.96,0.88,0.72,0.76,1.0,0.92,0.76,0.6799999999999999,0.72,0.84,0.84,0.72,0.64,0.6799999999999999,0.84,0.72,0.6799999999999999,0.6,0.64,0.72,0.6799999999999999,0.64,0.56,0.6,0.6799999999999999,0.64,0.6,0.52,0.56,0.64,0.6
425,0.0,0.0,1.0,0.0,0.0,1.0,1.0,1.0,0.0,0.0,0.0,0.0,0.0,1.0,1.0,0.0,0.0,1.0,0.0,0.0,0.0,0.0,1.0,1.0,0.0,0.0,0.0,0.0,0.0,0.0,0.0,0.0,0.0,0.0,0.0,0.0,0.0,0.0,1.0,0.0,0.0,0.0,0.0,0.0,0.0,1.0,1.0,0.0,0.0,0.0,1.0,0.0,1.0,1.0,0.0,1.0,0.0,0.0,0.0,0.0,0.0,1.0,0.0,0.0,0.0,0.0,0.0,0.0,0.0,0.0,1.0,0.0,1.0,0.0,0.0,0.0,0.0,0.0,1.0,0.0,1.0,0.0,0.0,0.0,0.0,1.0,0.0,0.0,0.0,0.0,0.0,0.0,1.0,0.0,1.0,1.0,0.0,0.0,0.0,0.0,1.0,0.0,0.0,0.0,1.0,0.8,0.8,0.6799999999999999,0.76,0.6799999999999999,0.76,0.76,0.64,0.72,0.64,0.72,0.6799999999999999,0.6,0.6799999999999999,0.6,0.6799999999999999,0.64,0.56,0.64,0.6,0.64,0.6,0.56,0.6,0.56,0.6,0.6,0.52,0.56,0.52,0.56,0.56,0.52,0.56,0.52,1.0,0.8,0.8,0.6799999999999999,0.76,0.6799999999999999,0.76,0.76,0.64,0.72,0.64,0.72,0.6799999999999999,0.6,0.6799999999999999,0.6,0.6799999999999999,0.64,0.56,0.64,0.6,0.64,0.6,0.56,0.6,0.56,0.6,0.6,0.52,0.56,0.52,0.56,0.56,0.52,0.56,0.52
426,1.0,0.0,0.0,0.0,0.0,0.0,1.0,0.0,0.0,1.0,0.0,0.0,0.0,0.0,0.0,0.0,0.0,1.0,0.0,0.0,1.0,0.0,0.0,0.0,0.0,0.0,0.0,1.0,0.0,1.0,1.0,1.0,0.0,1.0,0.0,1.0,1.0,0.0,1.0,0.0,0.0,0.0,0.0,0.0,0.0,0.0,0.0,0.0,0.0,0.0,0.0,0.0,0.0,1.0,0.0,1.0,0.0,1.0,0.0,1.0,0.0,0.0,0.0,0.0,0.0,0.0,0.0,0.0,0.0,0.0,1.0,1.0,0.0,1.0,0.0,0.0,0.0,0.0,1.0,0.0,0.0,0.0,0.0,0.0,0.0,0.0,0.0,0.0,0.0,0.0,0.0,1.0,0.0,0.0,1.0,1.0,0.0,0.0,0.0,0.0,1.0,0.0,1.0,0.0,0.88,0.6799999999999999,0.64,1.0,0.64,0.64,0.64,0.6,0.84,0.6,0.6,0.6,0.56,0.8,0.6,0.56,0.56,0.52,0.76,0.56,0.56,0.52,0.52,0.6799999999999999,0.52,0.52,0.52,0.48,0.64,0.52,0.52,0.48,0.48,0.6,0.48,0.48,0.88,0.6799999999999999,0.64,1.0,0.64,0.64,0.64,0.6,0.84,0.6,0.6,0.6,0.56,0.8,0.6,0.56,0.56,0.52,0.76,0.56,0.56,0.52,0.52,0.6799999999999999,0.52,0.52,0.52,0.48,0.64,0.52,0.52,0.48,0.48,0.6,0.48,0.48
427,0.0,0.0,0.0,1.0,0.0,0.0,1.0,0.0,0.0,0.0,0.0,0.0,0.0,0.0,1.0,1.0,0.0,0.0,0.0,0.0,0.0,1.0,1.0,0.0,1.0,0.0,0.0,1.0,1.0,1.0,0.0,0.0,0.0,0.0,0.0,0.0,0.0,0.0,0.0,1.0,0.0,0.0,0.0,1.0,0.0,0.0,0.0,0.0,0.0,1.0,0.0,0.0,0.0,0.0,1.0,0.0,0.0,0.0,0.0,0.0,1.0,0.0,0.0,1.0,0.0,1.0,0.0,0.0,1.0,0.0,0.0,0.0,0.0,0.0,0.0,0.0,0.0,0.0,0.0,0.0,0.0,0.0,0.0,0.0,0.0,0.0,1.0,1.0,1.0,0.0,1.0,0.0,0.0,0.0,0.0,0.0,0.0,0.0,1.0,1.0,1.0,0.0,0.0,1.0,0.84,0.76,0.96,1.0,1.0,0.8,0.72,0.92,0.88,0.88,0.76,0.6799999999999999,0.84,0.84,0.84,0.72,0.64,0.76,0.76,0.76,0.6799999999999999,0.6,0.72,0.72,0.72,0.64,0.56,0.6799999999999999,0.6799999999999999,0.6799999999999999,0.6,0.56,0.64,0.64,0.64,0.56,0.84,0.76,0.96,1.0,1.0,0.8,0.72,0.92,0.88,0.88,0.76,0.6799999999999999,0.84,0.84,0.84,0.72,0.64,0.76,0.76,0.76,0.6799999999999999,0.6,0.72,0.72,0.72,0.64,0.56,0.6799999999999999,0.6799999999999999,0.6799999999999999,0.6,0.56,0.64,0.64,0.64,0.56
428,0.0,1.0,0.0,0.0,1.0,1.0,1.0,1.0,0.0,0.0,0.0,1.0,0.0,0.0,0.0,0.0,0.0,0.0,0.0,0.0,0.0,0.0,0.0,0.0,1.0,0.0,1.0,0.0,0.0,1.0,1.0,0.0,1.0,0.0,0.0,0.0,0.0,0.0,0.0,1.0,0.0,1.0,0.0,0.0,0.0,0.0,0.0,0.0,0.0,0.0,0.0,0.0,1.0,0.0,0.0,1.0,0.0,0.0,0.0,0.0,1.0,0.0,0.0,0.0,0.0,0.0,0.0,0.0,0.0,0.0,0.0,0.0,0.0,0.0,0.0,0.0,0.0,0.0,0.0,0.0,1.0,0.0,0.0,1.0,0.0,1.0,1.0,0.0,0.0,1.0,1.0,0.0,0.0,0.0,0.0,1.0,1.0,1.0,0.0,0.0,0.0,0.0,1.0,0.0,0.6,0.6799999999999999,0.48,0.72,0.48,0.48,0.6799999999999999,0.43999999999999995,0.72,0.48,0.48,0.6799999999999999,0.43999999999999995,0.72,0.43999999999999995,0.43999999999999995,0.6,0.43999999999999995,1.0,0.43999999999999995,0.43999999999999995,0.52,0.4,0.56,0.43999999999999995,0.43999999999999995,0.52,0.4,0.52,0.4,0.4,0.48,0.4,0.52,0.4,0.4,0.6,0.6799999999999999,0.48,0.72,0.48,0.48,0.6799999999999999,0.43999999999999995,0.72,0.48,0.48,0.6799999999999999,0.43999999999999995,0.72,0.43999999999999995,0.43999999999999995,0.6,0.43999999999999995,1.0,0.43999999999999995,0.43999999999999995,0.52,0.4,0.56,0.43999999999999995,0.43999999999999995,0.52,0.4,0.52,0.4,0.4,0.48,0.4,0.52,0.4,0.4
429,1.0,0.0,0.0,0.0,0.0,1.0,0.0,0.0,1.0,0.0,0.0,1.0,1.0,0.0,0.0,0.0,0.0,1.0,1.0,1.0,0.0,0.0,0.0,1.0,0.0,0.0,0.0,0.0,0.0,0.0,0.0,0.0,0.0,0.0,0.0,1.0,1.0,0.0,0.0,0.0,0.0,0.0,0.0,0.0,0.0,0.0,0.0,0.0,0.0,0.0,1.0,1.0,0.0,0.0,0.0,0.0,0.0,0.0,0.0,0.0,0.0,0.0,0.0,0.0,0.0,0.0,1.0,0.0,0.0,0.0,0.0,0.0,0.0,1.0,0.0,0.0,0.0,0.0,0.0,1.0,1.0,0.0,1.0,1.0,0.0,1.0,1.0,0.0,0.0,1.0,0.0,1.0,1.0,1.0,0.0,0.0,0.0,0.0,1.0,0.0,0.0,0.0,0.0,0.0,0.6,0.56,0.56,0.72,0.6,0.6,0.52,0.52,0.72,0.56,0.56,0.52,0.52,0.72,0.52,0.56,0.48,0.48,1.0,0.52,0.52,0.48,0.48,0.56,0.48,0.48,0.48,0.48,0.52,0.48,0.48,0.43999999999999995,0.43999999999999995,0.52,0.48,0.48,0.6,0.56,0.56,0.72,0.6,0.6,0.52,0.52,0.72,0.56,0.56,0.52,0.52,0.72,0.52,0.56,0.48,0.48,1.0,0.52,0.52,0.48,0.48,0.56,0.48,0.48,0.48,0.48,0.52,0.48,0.48,0.43999999999999995,0.43999999999999995,0.52,0.48,0.48
430,0.0,0.0,0.0,0.0,0.0,1.0,0.0,0.0,0.0,1.0,0.0,0.0,0.0,0.0,0.0,1.0,0.0,1.0,0.0,1.0,0.0,1.0,1.0,0.0,0.0,0.0,0.0,0.0,0.0,0.0,0.0,0.0,0.0,0.0,0.0,0.0,0.0,0.0,0.0,1.0,0.0,0.0,0.0,1.0,1.0,0.0,0.0,0.0,0.0,1.0,1.0,1.0,0.0,0.0,1.0,1.0,0.0,0.0,0.0,1.0,1.0,0.0,1.0,1.0,1.0,0.0,0.0,0.0,0.0,0.0,1.0,0.0,0.0,0.0,0.0,0.0,0.0,1.0,0.0,1.0,0.0,0.0,1.0,0.0,0.0,0.0,0.0,0.0,0.0,0.0,0.0,0.0,0.0,0.0,0.0,0.0,0.0,0.0,1.0,0.0,1.0,0.0,0.0,0.0,0.28,0.31999999999999995,0.31999999999999995,0.28,0.36,0.28,0.31999999999999995,0.31999999999999995,0.28,0.36,0.28,0.31999999999999995,0.31999999999999995,0.24,0.36,0.28,0.31999999999999995,0.31999999999999995,0.24,0.4,0.28,0.4,0.31999999999999995,0.24,0.4,0.24,0.52,0.28,0.24,0.52,0.24,0.88,0.28,0.24,1.0,0.24,0.28,0.31999999999999995,0.31999999999999995,0.28,0.36,0.28,0.31999999999999995,0.31999999999999995,0.28,0.36,0.28,0.31999999999999995,0.31999999999999995,0.24,0.36,0.28,0.31999999999999995,0.31999999999999995,0.24,0.4,0.28,0.4,0.31999999999999995,0.24,0.4,0.24,0.52,0.28,0.24,0.52,0.24,0.88,0.28,0.24,1.0,0.24
431,1.0,0.0,0.0,0.0,1.0,0.0,0.0,1.0,0.0,1.0,0.0,0.0,0.0,0.0,0.0,1.0,0.0,0.0,1.0,1.0,0.0,0.0,1.0,0.0,0.0,0.0,0.0,0.0,0.0,0.0,1.0,0.0,0.0,0.0,0.0,0.0,0.0,1.0,0.0,1.0,0.0,1.0,0.0,0.0,0.0,0.0,0.0,0.0,0.0,0.0,0.0,1.0,0.0,0.0,1.0,1.0,0.0,0.0,0.0,0.0,1.0,0.0,0.0,0.0,0.0,0.0,0.0,0.0,1.0,1.0,0.0,0.0,0.0,0.0,0.0,1.0,1.0,0.0,0.0,0.0,1.0,0.0,0.0,0.0,0.0,0.0,0.0,1.0,0.0,0.0,0.0,0.0,0.0,0.0,0.0,0.0,1.0,1.0,0.0,1.0,0.0,0.0,1.0,0.0,0.92,0.88,1.0,0.72,0.88,0.76,0.8,0.88,0.6799999999999999,0.8,0.72,0.76,0.8,0.64,0.76,0.6799999999999999,0.72,0.76,0.6,0.72,0.64,0.6799999999999999,0.72,0.56,0.6799999999999999,0.6,0.64,0.6799999999999999,0.56,0.64,0.56,0.6,0.64,0.52,0.6,0.56,0.92,0.88,1.0,0.72,0.88,0.76,0.8,0.88,0.6799999999999999,0.8,0.72,0.76,0.8,0.64,0.76,0.6799999999999999,0.72,0.76,0.6,0.72,0.64,0.6799999999999999,0.72,0.56,0.6799999999999999,0.6,0.64,0.6799999999999999,0.56,0.64,0.56,0.6,0.64,0.52,0.6,0.56
432,0.0,0.0,0.0,1.0,0.0,0.0,0.0,1.0,0.0,0.0,0.0,0.0,0.0,1.0,1.0,0.0,0.0,1.0,1.0,0.0,1.0,1.0,1.0,1.0,0.0,0.0,0.0,0.0,0.0,0.0,0.0,1.0,0.0,1.0,0.0,0.0,0.0,0.0,0.0,0.0,0.0,0.0,0.0,0.0,0.0,0.0,1.0,0.0,0.0,0.0,0.0,0.0,0.0,1.0,0.0,0.0,0.0,1.0,0.0,0.0,0.0,0.0,1.0,0.0,0.0,0.0,0.0,1.0,0.0,0.0,0.0,0.0,0.0,0.0,0.0,0.0,1.0,0.0,0.0,1.0,0.0,0.0,1.0,0.0,1.0,0.0,0.0,1.0,0.0,1.0,1.0,0.0,0.0,1.0,0.0,1.0,0.0,0.0,0.0,0.0,0.0,0.0,0.0,0.0,0.84,0.6,1.0,0.8,0.6,0.6,0.56,1.0,0.76,0.56,0.56,0.52,1.0,0.72,0.52,0.56,0.52,0.8,0.6799999999999999,0.52,0.52,0.48,0.76,0.64,0.48,0.52,0.48,0.72,0.6,0.48,0.48,0.48,0.6799999999999999,0.56,0.48,0.48,0.84,0.6,1.0,0.8,0.6,0.6,0.56,1.0,0.76,0.56,0.56,0.52,1.0,0.72,0.52,0.56,0.52,0.8,0.6799999999999999,0.52,0.52,0.48,0.76,0.64,0.48,0.52,0.48,0.72,0.6,0.48,0.48,0.48,0.6799999999999999,0.56,0.48,0.48
433,1.0,0.0,0.0,0.0,0.0,1.0,0.0,0.0,0.0,1.0,1.0,0.0,0.0,1.0,0.0,0.0,0.0,1.0,0.0,0.0,0.0,0.0,0.0,0.0,0.0,0.0,1.0,1.0,0.0,0.0,1.0,0.0,0.0,1.0,0.0,0.0,0.0,0.0,0.0,1.0,0.0,0.0,0.0,0.0,1.0,0.0,0.0,0.0,1.0,0.0,0.0,0.0,0.0,1.0,1.0,0.0,0.0,0.0,0.0,0.0,0.0,0.0,0.0,0.0,0.0,0.0,0.0,0.0,0.0,0.0,0.0,1.0,1.0,0.0,1.0,1.0,1.0,0.0,0.0,0.0,0.0,0.0,0.0,1.0,0.0,0.0,1.0,0.0,1.0,1.0,0.0,0.0,0.0,1.0,0.0,0.0,0.0,1.0,0.0,0.0,0.0,0.0,0.0,0.0,1.0,0.72,0.84,0.88,0.6799999999999999,0.76,0.6799999999999999,0.76,0.84,0.64,0.72,0.64,0.72,0.76,0.6,0.6799999999999999,0.6,0.6799999999999999,0.72,0.56,0.64,0.56,0.64,0.6799999999999999,0.56,0.6,0.56,0.6,0.64,0.52,0.56,0.52,0.56,0.6,0.52,0.52,1.0,0.72,0.84,0.88,0.6799999999999999,0.76,0.6799999999999999,0.76,0.84,0.64,0.72,0.64,0.72,0.76,0.6,0.6799999999999999,0.6,0.6799999999999999,0.72,0.56,0.64,0.56,0.64,0.6799999999999999,0.56,0.6,0.56,0.6,0.64,0.52,0.56,0.52,0.56,0.6,0.52,0.52
434,0.0,0.0,0.0,0.0,0.0,0.0,1.0,0.0,0.0,0.0,0.0,0.0,0.0,0.0,0.0,0.0,0.0,1.0,0.0,1.0,0.0,0.0,0.0,0.0,1.0,0.0,1.0,0.0,1.0,0.0,0.0,0.0,0.0,0.0,0.0,0.0,1.0,1.0,0.0,1.0,1.0,0.0,0.0,1.0,0.0,0.0,0.0,0.0,0.0,1.0,1.0,0.0,0.0,1.0,0.0,0.0,0.0,1.0,0.0,0.0,0.0,0.0,1.0,1.0,0.0,0.0,1.0,1.0,0.0,0.0,1.0,0.0,0.0,1.0,0.0,0.0,0.0,1.0,0.0,0.0,0.0,0.0,0.0,0.0,0.0,0.0,0.0,0.0,0.0,0.0,0.0,0.0,0.0,0.0,1.0,0.0,0.0,1.0,1.0,0.0,0.0,0.0,0.0,1.0,0.52,0.52,0.56,0.52,0.64,0.6,0.52,0.56,0.48,0.64,0.56,0.48,0.56,0.48,0.64,0.72,0.48,0.56,0.43999999999999995,0.84,0.56,0.43999999999999995,0.72,0.43999999999999995,0.84,0.48,0.43999999999999995,0.48,0.43999999999999995,1.0,0.48,0.43999999999999995,0.48,0.4,0.48,0.43999999999999995,0.52,0.52,0.56,0.52,0.64,0.6,0.52,0.56,0.48,0.64,0.56,0.48,0.56,0.48,0.64,0.72,0.48,0.56,0.43999999999999995,0.84,0.56,0.43999999999999995,0.72,0.43999999999999995,0.84,0.48,0.43999999999999995,0.48,0.43999999999999995,1.0,0.48,0.43999999999999995,0.48,0.4,0.48,0.43999999999999995
435,0.0,0.0,1.0,1.0,0.0,0.0,0.0,0.0,0.0,0.0,0.0,0.0,0.0,0.0,0.0,0.0,0.0,1.0,0.0,0.0,0.0,0.0,0.0,0.0,1.0,1.0,0.0,1.0,0.0,1.0,0.0,0.0,0.0,0.0,0.0,1.0,1.0,0.0,0.0,1.0,0.0,0.0,0.0,0.0,0.0,0.0,0.0,0.0,0.0,1.0,1.0,1.0,1.0,0.0,0.0,0.0,1.0,0.0,1.0,0.0,0.0,1.0,0.0,0.0,1.0,0.0,0.0,0.0,0.0,0.0,0.0,0.0,0.0,0.0,1.0,1.0,0.0,0.0,0.0,0.0,0.0,0.0,1.0,0.0,0.0,0.0,0.0,0.0,0.0,0.0,0.0,0.0,0.0,0.0,1.0,1.0,1.0,0.0,1.0,0.0,1.0,0.0,0.0,0.0,0.56,0.64,0.6,0.56,0.72,0.6799999999999999,0.6,0.52,0.56,0.72,0.6799999999999999,0.6,0.52,0.52,0.72,0.92,0.56,0.48,0.48,1.0,0.76,0.52,0.48,0.48,1.0,0.52,0.48,0.48,0.48,0.52,0.52,0.48,0.43999999999999995,0.43999999999999995,0.52,0.48,0.56,0.64,0.6,0.56,0.72,0.6799999999999999,0.6,0.52,0.56,0.72,0.6799999999999999,0.6,0.52,0.52,0.72,0.92,0.56,0.48,0.48,1.0,0.76,0.52,0.48,0.48,1.0,0.52,0.48,0.48,0.48,0.52,0.52,0.48,0.43999999999999995,0.43999999999999995,0.52,0.48
436,0.0,0.0,0.0,0.0,0.0,1.0,0.0,0.0,1.0,0.0,0.0,0.0,0.0,1.0,0.0,1.0,1.0,0.0,0.0,1.0,0.0,0.0,0.0,0.0,0.0,1.0,0.0,0.0,0.0,1.0,1.0,0.0,0.0,0.0,0.0,0.0,0.0,0.0,0.0,0.0,0.0,0.0,0.0,0.0,0.0,1.0,1.0,1.0,0.0,1.0,0.0,0.0,0.0,0.0,1.0,1.0,1.0,0.0,0.0,0.0,0.0,1.0,0.0,0.0,1.0,0.0,0.0,0.0,0.0,0.0,1.0,0.0,0.0,0.0,0.0,0.0,0.0,0.0,0.0,0.0,1.0,0.0,0.0,0.0,1.0,0.0,0.0,0.0,0.0,1.0,1.0,0.0,1.0,1.0,1.0,0.0,0.0,0.0,0.0,0.0,0.0,0.0,0.0,0.0,0.88,1.0,0.8,0.84,0.88,0.84,0.92,0.76,0.76,0.8,0.8,0.8,0.72,0.72,0.76,0.72,0.76,0.6799999999999999,0.6799999999999999,0.72,0.6799999999999999,0.72,0.64,0.64,0.6799999999999999,0.64,0.6799999999999999,0.6,0.6,0.64,0.6,0.64,0.56,0.56,0.6,0.56,0.88,1.0,0.8,0.84,0.88,0.84,0.92,0.76,0.76,0.8,0.8,0.8,0.72,0.72,0.76,0.72,0.76,0.6799999999999999,0.6799999999999999,0.72,0.6799999999999999,0.72,0.64,0.64,0.6799999999999999,0.64,0.6799999999999999,0.6,0.6,0.64,0.6,0.64,0.56,0.56,0.6,0.56
437,1.0,1.0,0.0,0.0,0.0,0.0,1.0,0.0,0.0,0.0,0.0,1.0,0.0,0.0,0.0,0.0,0.0,0.0,0.0,0.0,0.0,1.0,0.0,1.0,1.0,0.0,0.0,0.0,0.0,0.0,0.0,0.0,1.0,0.0,1.0,0.0,0.0,1.0,0.0,1.0,1.0,0.0,0.0,0.0,0.0,0.0,0.0,1.0,0.0,0.0,0.0,0.0,0.0,0.0,1.0,1.0,1.0,1.0,0.0,0.0,0.0,0.0,0.0,0.0,1.0,0.0,0.0,0.0,1.0,0.0,0.0,0.0,0.0,0.0,0.0,0.0,0.0,0.0,0.0,1.0,1.0,0.0,0.0,0.0,0.0,1.0,0.0,0.0,1.0,0.0,0.0,0.0,0.0,0.0,0.0,1.0,0.0,0.0,1.0,0.0,0.0,0.0,0.0,1.0,0.84,0.96,0.76,0.96,0.88,1.0,0.96,0.6799999999999999,0.92,0.76,0.92,0.8,0.64,0.76,0.72,0.76,0.76,0.6,0.72,0.6799999999999999,0.72,0.72,0.6,0.6799999999999999,0.64,0.6799999999999999,0.6799999999999999,0.56,0.64,0.6,0.64,0.64,0.52,0.6,0.56,0.6,0.84,0.96,0.76,0.96,0.88,1.0,0.96,0.6799999999999999,0.92,0.76,0.92,0.8,0.64,0.76,0.72,0.76,0.76,0.6,0.72,0.6799999999999999,0.72,0.72,0.6,0.6799999999999999,0.64,0.6799999999999999,0.6799999999999999,0.56,0.64,0.6,0.64,0.64,0.52,0.6,0.56,0.6
438,0.0,0.0,1.0,1.0,0.0,1.0,0.0,0.0,1.0,0.0,0.0,0.0,0.0,0.0,0.0,0.0,1.0,0.0,1.0,0.0,0.0,0.0,0.0,1.0,1.0,0.0,0.0,0.0,0.0,0.0,0.0,1.0,0.0,0.0,1.0,1.0,1.0,0.0,0.0,0.0,0.0,0.0,0.0,0.0,0.0,0.0,0.0,0.0,0.0,0.0,1.0,0.0,0.0,1.0,0.0,0.0,1.0,0.0,1.0,0.0,0.0,0.0,0.0,0.0,1.0,0.0,0.0,0.0,0.0,0.0,0.0,1.0,1.0,0.0,1.0,0.0,0.0,0.0,1.0,1.0,0.0,1.0,0.0,0.0,0.0,0.0,0.0,0.0,0.0,1.0,0.0,0.0,0.0,0.0,0.0,0.0,0.0,0.0,0.0,0.0,0.0,1.0,0.0,1.0,0.84,0.92,0.92,1.0,0.6799999999999999,0.92,0.92,0.88,1.0,0.64,0.84,0.8,0.76,0.84,0.6,0.76,0.76,0.72,0.76,0.56,0.6799999999999999,0.6799999999999999,0.6799999999999999,0.72,0.52,0.64,0.64,0.64,0.6799999999999999,0.52,0.6,0.6,0.6,0.64,0.48,0.6,0.84,0.92,0.92,1.0,0.6799999999999999,0.92,0.92,0.88,1.0,0.64,0.84,0.8,0.76,0.84,0.6,0.76,0.76,0.72,0.76,0.56,0.6799999999999999,0.6799999999999999,0.6799999999999999,0.72,0.52,0.64,0.64,0.64,0.6799999999999999,0.52,0.6,0.6,0.6,0.64,0.48,0.6
439,0.0,0.0,0.0,0.0,0.0,1.0,0.0,0.0,1.0,1.0,0.0,1.0,0.0,0.0,0.0,0.0,0.0,0.0,0.0,1.0,1.0,0.0,0.0,0.0,0.0,0.0,1.0,0.0,0.0,0.0,0.0,1.0,0.0,0.0,0.0,1.0,0.0,0.0,0.0,1.0,0.0,0.0,0.0,0.0,0.0,0.0,1.0,0.0,0.0,1.0,1.0,0.0,1.0,1.0,0.0,0.0,0.0,0.0,1.0,0.0,0.0,0.0,0.0,0.0,1.0,0.0,0.0,1.0,0.0,0.0,0.0,0.0,0.0,1.0,0.0,0.0,0.0,0.0,0.0,1.0,0.0,1.0,0.0,0.0,0.0,0.0,0.0,0.0,1.0,0.0,0.0,0.0,0.0,1.0,0.0,1.0,1.0,0.0,0.0,0.0,1.0,0.0,0.0,0.0,0.92,0.88,0.64,0.76,1.0,0.8,0.8,0.6,0.72,0.84,0.76,0.76,0.6,0.6799999999999999,0.8,0.6799999999999999,0.72,0.56,0.64,0.76,0.64,0.6799999999999999,0.52,0.6,0.72,0.6,0.64,0.52,0.56,0.6799999999999999,0.6,0.6,0.48,0.52,0.64,0.56,0.92,0.88,0.64,0.76,1.0,0.8,0.8,0.6,0.72,0.84,0.76,0.76,0.6,0.6799999999999999,0.8,0.6799999999999999,0.72,0.56,0.64,0.76,0.64,0.6799999999999999,0.52,0.6,0.72,0.6,0.64,0.52,0.56,0.6799999999999999,0.6,0.6,0.48,0.52,0.64,0.56
440,0.0,0.0,0.0,0.0,0.0,1.0,0.0,0.0,0.0,0.0,0.0,1.0,0.0,1.0,0.0,0.0,0.0,0.0,0.0,0.0,1.0,1.0,0.0,1.0,0.0,0.0,0.0,0.0,0.0,0.0,0.0,1.0,0.0,0.0,0.0,1.0,0.0,0.0,0.0,0.0,1.0,0.0,0.0,0.0,1.0,0.0,1.0,1.0,0.0,1.0,0.0,0.0,1.0,0.0,0.0,0.0,1.0,0.0,1.0,1.0,0.0,0.0,1.0,0.0,0.0,0.0,1.0,0.0,0.0,1.0,0.0,1.0,0.0,0.0,0.0,0.0,1.0,0.0,0.0,0.0,1.0,0.0,0.0,0.0,0.0,0.0,1.0,0.0,0.0,0.0,1.0,1.0,0.0,0.0,0.0,0.0,0.0,0.0,0.0,0.0,0.0,0.0,0.0,0.0,0.84,0.92,1.0,0.72,0.76,0.8,0.84,0.92,0.6799999999999999,0.72,0.76,0.76,0.88,0.64,0.6799999999999999,0.6799999999999999,0.72,0.76,0.6,0.64,0.64,0.6799999999999999,0.72,0.56,0.6,0.6,0.64,0.6799999999999999,0.56,0.56,0.6,0.6,0.64,0.52,0.56,0.56,0.84,0.92,1.0,0.72,0.76,0.8,0.84,0.92,0.6799999999999999,0.72,0.76,0.76,0.88,0.64,0.6799999999999999,0.6799999999999999,0.72,0.76,0.6,0.64,0.64,0.6799999999999999,0.72,0.56,0.6,0.6,0.64,0.6799999999999999,0.56,0.56,0.6,0.6,0.64,0.52,0.56,0.56
441,0.0,0.0,0.0,1.0,1.0,0.0,0.0,1.0,0.0,1.0,0.0,0.0,0.0,0.0,0.0,0.0,0.0,0.0,0.0,0.0,0.0,0.0,1.0,1.0,0.0,0.0,1.0,0.0,0.0,1.0,0.0,0.0,0.0,1.0,1.0,0.0,0.0,1.0,0.0,0.0,0.0,1.0,0.0,0.0,0.0,1.0,0.0,0.0,0.0,0.0,0.0,0.0,0.0,0.0,0.0,0.0,0.0,0.0,1.0,0.0,1.0,0.0,0.0,0.0,0.0,1.0,0.0,1.0,1.0,1.0,0.0,0.0,0.0,0.0,0.0,0.0,1.0,0.0,0.0,0.0,0.0,0.0,0.0,1.0,0.0,0.0,0.0,1.0,0.0,0.0,1.0,0.0,0.0,0.0,0.0,0.0,0.0,0.0,0.0,1.0,0.0,0.0,1.0,1.0,0.6,0.64,0.6799999999999999,0.72,0.56,0.72,0.56,0.64,0.72,0.52,0.72,0.52,0.6,0.6799999999999999,0.52,1.0,0.52,0.56,0.88,0.48,0.56,0.48,0.52,0.56,0.48,0.52,0.48,0.52,0.52,0.48,0.52,0.48,0.48,0.52,0.43999999999999995,0.48,0.6,0.64,0.6799999999999999,0.72,0.56,0.72,0.56,0.64,0.72,0.52,0.72,0.52,0.6,0.6799999999999999,0.52,1.0,0.52,0.56,0.88,0.48,0.56,0.48,0.52,0.56,0.48,0.52,0.48,0.52,0.52,0.48,0.52,0.48,0.48,0.52,0.43999999999999995,0.48
442,1.0,0.0,0.0,0.0,0.0,1.0,0.0,1.0,0.0,1.0,1.0,0.0,0.0,0.0,1.0,0.0,0.0,0.0,0.0,1.0,0.0,1.0,1.0,1.0,0.0,0.0,0.0,0.0,0.0,0.0,1.0,0.0,0.0,0.0,0.0,0.0,0.0,1.0,0.0,0.0,0.0,1.0,0.0,0.0,0.0,0.0,0.0,0.0,0.0,0.0,0.0,0.0,0.0,0.0,0.0,0.0,1.0,0.0,0.0,0.0,1.0,0.0,0.0,1.0,0.0,0.0,0.0,0.0,0.0,0.0,0.0,0.0,1.0,0.0,0.0,0.0,0.0,0.0,0.0,1.0,0.0,1.0,0.0,0.0,1.0,0.0,0.0,0.0,1.0,0.0,0.0,0.0,0.0,0.0,0.0,1.0,0.0,1.0,1.0,1.0,0.0,0.0,0.0,1.0,0.84,1.0,0.8,0.76,0.76,0.76,1.0,0.76,0.72,0.72,0.72,0.92,0.72,0.6799999999999999,0.6799999999999999,0.6799999999999999,0.8,0.6799999999999999,0.64,0.64,0.64,0.76,0.64,0.6,0.6,0.6,0.6799999999999999,0.6,0.56,0.56,0.56,0.64,0.56,0.52,0.52,0.56,0.84,1.0,0.8,0.76,0.76,0.76,1.0,0.76,0.72,0.72,0.72,0.92,0.72,0.6799999999999999,0.6799999999999999,0.6799999999999999,0.8,0.6799999999999999,0.64,0.64,0.64,0.76,0.64,0.6,0.6,0.6,0.6799999999999999,0.6,0.56,0.56,0.56,0.64,0.56,0.52,0.52,0.56
443,0.0,0.0,0.0,0.0,0.0,0.0,0.0,0.0,1.0,1.0,1.0,0.0,0.0,0.0,0.0,0.0,0.0,0.0,1.0,1.0,0.0,0.0,1.0,0.0,0.0,0.0,0.0,0.0,0.0,0.0,0.0,0.0,1.0,0.0,0.0,1.0,1.0,0.0,1.0,0.0,1.0,0.0,0.0,0.0,0.0,0.0,0.0,0.0,1.0,0.0,0.0,1.0,0.0,0.0,0.0,0.0,0.0,0.0,0.0,0.0,0.0,0.0,0.0,0.0,1.0,0.0,1.0,1.0,0.0,1.0,0.0,0.0,1.0,0.0,0.0,0.0,1.0,0.0,0.0,0.0,1.0,0.0,0.0,0.0,0.0,0.0,0.0,0.0,0.0,1.0,0.0,1.0,0.0,0.0,0.0,1.0,0.0,1.0,0.0,1.0,0.0,0.0,1.0,0.0,0.56,0.6,0.6799999999999999,0.6799999999999999,0.72,0.72,0.56,0.6799999999999999,0.6799999999999999,0.72,0.72,0.52,0.6799999999999999,0.6799999999999999,0.72,0.96,0.52,0.6799999999999999,0.96,1.0,0.96,0.48,0.88,0.76,0.84,0.84,0.48,0.52,0.52,0.84,0.52,0.48,0.52,0.52,0.52,0.52,0.56,0.6,0.6799999999999999,0.6799999999999999,0.72,0.72,0.56,0.6799999999999999,0.6799999999999999,0.72,0.72,0.52,0.6799999999999999,0.6799999999999999,0.72,0.96,0.52,0.6799999999999999,0.96,1.0,0.96,0.48,0.88,0.76,0.84,0.84,0.48,0.52,0.52,0.84,0.52,0.48,0.52,0.52,0.52,0.52
444,0.0,0.0,0.0,1.0,0.0,1.0,0.0,0.0,0.0,0.0,1.0,1.0,0.0,0.0,1.0,0.0,1.0,0.0,0.0,0.0,0.0,0.0,0.0,0.0,0.0,0.0,0.0,1.0,0.0,0.0,0.0,0.0,0.0,0.0,1.0,1.0,0.0,1.0,0.0,1.0,1.0,0.0,0.0,1.0,0.0,0.0,0.0,0.0,0.0,0.0,0.0,0.0,1.0,0.0,0.0,0.0,0.0,0.0,0.0,1.0,0.0,0.0,0.0,0.0,0.0,0.0,0.0,0.0,0.0,1.0,0.0,0.0,0.0,0.0,0.0,1.0,0.0,1.0,1.0,0.0,1.0,0.0,1.0,0.0,1.0,0.0,0.0,0.0,1.0,0.0,0.0,0.0,0.0,1.0,0.0,0.0,1.0,0.0,0.0,0.0,0.0,0.0,1.0,0.0,0.84,0.72,0.6799999999999999,1.0,0.72,0.76,0.6799999999999999,0.64,0.88,0.6799999999999999,0.6799999999999999,0.64,0.6,0.8,0.64,0.64,0.6,0.56,0.76,0.6,0.6,0.56,0.52,0.6799999999999999,0.56,0.6,0.56,0.52,0.64,0.52,0.56,0.52,0.48,0.6,0.52,0.52,0.84,0.72,0.6799999999999999,1.0,0.72,0.76,0.6799999999999999,0.64,0.88,0.6799999999999999,0.6799999999999999,0.64,0.6,0.8,0.64,0.64,0.6,0.56,0.76,0.6,0.6,0.56,0.52,0.6799999999999999,0.56,0.6,0.56,0.52,0.64,0.52,0.56,0.52,0.48,0.6,0.52,0.52
445,0.0,0.0,0.0,1.0,0.0,0.0,0.0,1.0,0.0,0.0,1.0,0.0,0.0,0.0,0.0,0.0,0.0,0.0,0.0,0.0,0.0,0.0,0.0,1.0,0.0,1.0,0.0,0.0,1.0,1.0,1.0,0.0,0.0,0.0,1.0,0.0,0.0,0.0,0.0,0.0,0.0,0.0,1.0,1.0,0.0,1.0,0.0,0.0,0.0,1.0,0.0,0.0,1.0,0.0,0.0,0.0,0.0,1.0,0.0,0.0,1.0,1.0,0.0,0.0,1.0,0.0,0.0,0.0,0.0,1.0,0.0,0.0,0.0,1.0,0.0,0.0,0.0,0.0,1.0,1.0,0.0,0.0,0.0,1.0,1.0,0.0,0.0,1.0,0.0,0.0,0.0,0.0,0.0,0.0,0.0,0.0,0.0,0.0,0.0,0.0,0.0,0.0,0.0,1.0,0.64,0.76,0.56,0.8,0.56,0.72,0.76,0.52,0.8,0.56,0.64,0.72,0.52,0.8,0.52,0.6,0.6799999999999999,0.48,1.0,0.52,0.56,0.64,0.48,0.6799999999999999,0.48,0.52,0.56,0.48,0.56,0.48,0.52,0.52,0.43999999999999995,0.56,0.48,0.48,0.64,0.76,0.56,0.8,0.56,0.72,0.76,0.52,0.8,0.56,0.64,0.72,0.52,0.8,0.52,0.6,0.6799999999999999,0.48,1.0,0.52,0.56,0.64,0.48,0.6799999999999999,0.48,0.52,0.56,0.48,0.56,0.48,0.52,0.52,0.43999999999999995,0.56,0.48,0.48
446,0.0,1.0,1.0,0.0,0.0,0.0,0.0,1.0,0.0,0.0,0.0,0.0,0.0,1.0,0.0,0.0,0.0,0.0,1.0,0.0,0.0,1.0,1.0,1.0,1.0,0.0,0.0,1.0,1.0,0.0,0.0,0.0,0.0,0.0,0.0,0.0,0.0,0.0,0.0,0.0,1.0,0.0,0.0,1.0,0.0,0.0,0.0,0.0,0.0,0.0,0.0,0.0,0.0,0.0,0.0,0.0,0.0,0.0,0.0,0.0,1.0,0.0,1.0,0.0,1.0,0.0,1.0,0.0,0.0,0.0,0.0,0.0,1.0,0.0,0.0,0.0,0.0,0.0,0.0,0.0,0.0,1.0,0.0,0.0,1.0,0.0,0.0,0.0,0.0,0.0,1.0,1.0,0.0,1.0,0.0,0.0,0.0,1.0,0.0,1.0,0.0,0.0,0.0,1.0,0.84,0.8,1.0,0.72,0.8,0.76,0.72,1.0,0.6799999999999999,0.76,0.6799999999999999,0.6799999999999999,0.88,0.64,0.6799999999999999,0.64,0.64,0.8,0.6,0.64,0.6,0.6,0.76,0.56,0.6,0.6,0.56,0.6799999999999999,0.56,0.6,0.56,0.56,0.64,0.52,0.56,0.52,0.84,0.8,1.0,0.72,0.8,0.76,0.72,1.0,0.6799999999999999,0.76,0.6799999999999999,0.6799999999999999,0.88,0.64,0.6799999999999999,0.64,0.64,0.8,0.6,0.64,0.6,0.6,0.76,0.56,0.6,0.6,0.56,0.6799999999999999,0.56,0.6,0.56,0.56,0.64,0.52,0.56,0.52
447,0.0,1.0,0.0,0.0,0.0,0.0,0.0,0.0,1.0,1.0,0.0,0.0,1.0,0.0,0.0,0.0,0.0,0.0,1.0,1.0,0.0,0.0,1.0,0.0,0.0,0.0,0.0,0.0,0.0,0.0,0.0,0.0,0.0,0.0,0.0,1.0,0.0,0.0,0.0,0.0,0.0,0.0,1.0,0.0,1.0,1.0,0.0,0.0,0.0,1.0,0.0,1.0,0.0,0.0,1.0,1.0,1.0,0.0,0.0,1.0,0.0,0.0,0.0,0.0,0.0,1.0,1.0,0.0,0.0,0.0,0.0,0.0,0.0,0.0,0.0,0.0,1.0,0.0,0.0,0.0,0.0,1.0,0.0,0.0,0.0,0.0,1.0,0.0,0.0,0.0,1.0,0.0,1.0,1.0,0.0,1.0,0.0,0.0,0.0,0.0,0.0,0.0,0.0,0.0,0.84,0.96,0.76,0.72,1.0,0.84,0.88,0.72,0.6799999999999999,0.88,0.76,0.76,0.6799999999999999,0.64,0.76,0.72,0.72,0.64,0.6,0.72,0.6799999999999999,0.6799999999999999,0.6,0.56,0.6799999999999999,0.64,0.64,0.56,0.56,0.64,0.6,0.6,0.56,0.52,0.6,0.56,0.84,0.96,0.76,0.72,1.0,0.84,0.88,0.72,0.6799999999999999,0.88,0.76,0.76,0.6799999999999999,0.64,0.76,0.72,0.72,0.64,0.6,0.72,0.6799999999999999,0.6799999999999999,0.6,0.56,0.6799999999999999,0.64,0.64,0.56,0.56,0.64,0.6,0.6,0.56,0.52,0.6,0.56
448,0.0,0.0,0.0,1.0,1.0,1.0,0.0,1.0,0.0,0.0,0.0,1.0,0.0,0.0,0.0,0.0,0.0,0.0,0.0,0.0,1.0,0.0,0.0,1.0,1.0,0.0,1.0,0.0,1.0,0.0,0.0,0.0,1.0,0.0,0.0,0.0,0.0,0.0,0.0,0.0,0.0,0.0,0.0,0.0,1.0,1.0,0.0,0.0,0.0,0.0,0.0,0.0,0.0,0.0,1.0,0.0,0.0,0.0,0.0,0.0,1.0,0.0,0.0,0.0,1.0,0.0,0.0,0.0,0.0,1.0,0.0,0.0,0.0,0.0,0.0,0.0,0.0,0.0,0.0,1.0,0.0,1.0,0.0,0.0,0.0,1.0,0.0,0.0,0.0,1.0,1.0,0.0,0.0,0.0,0.0,1.0,0.0,0.0,0.0,1.0,0.0,1.0,0.0,1.0,0.6,0.6799999999999999,0.56,0.72,0.6799999999999999,0.72,0.6799999999999999,0.56,0.72,0.6799999999999999,0.72,0.6799999999999999,0.52,0.6799999999999999,0.64,1.0,0.64,0.52,0.84,0.56,0.6799999999999999,0.6,0.48,0.6,0.52,0.6,0.52,0.48,0.52,0.52,0.52,0.52,0.48,0.52,0.48,0.52,0.6,0.6799999999999999,0.56,0.72,0.6799999999999999,0.72,0.6799999999999999,0.56,0.72,0.6799999999999999,0.72,0.6799999999999999,0.52,0.6799999999999999,0.64,1.0,0.64,0.52,0.84,0.56,0.6799999999999999,0.6,0.48,0.6,0.52,0.6,0.52,0.48,0.52,0.52,0.52,0.52,0.48,0.52,0.48,0.52
449,1.0,0.0,0.0,0.0,0.0,0.0,0.0,0.0,0.0,1.0,1.0,0.0,0.0,0.0,0.0,0.0,0.0,0.0,1.0,0.0,0.0,0.0,0.0,1.0,0.0,1.0,0.0,0.0,1.0,1.0,0.0,0.0,0.0,0.0,0.0,0.0,0.0,0.0,0.0,1.0,1.0,1.0,1.0,0.0,0.0,0.0,0.0,0.0,0.0,1.0,0.0,0.0,0.0,1.0,0.0,0.0,0.0,1.0,1.0,1.0,0.0,0.0,0.0,1.0,1.0,1.0,0.0,0.0,0.0,0.0,0.0,0.0,0.0,0.0,0.0,0.0,0.0,0.0,1.0,0.0,0.0,0.0,0.0,0.0,0.0,0.0,0.0,1.0,0.0,0.0,1.0,0.0,0.0,0.0,0.0,1.0,0.0,0.0,0.0,0.0,1.0,0.0,0.0,1.0,0.56,0.6799999999999999,0.56,0.6,0.6799999999999999,0.72,0.6799999999999999,0.52,0.52,0.6799999999999999,0.72,0.6799999999999999,0.48,0.52,0.6799999999999999,1.0,0.6799999999999999,0.48,0.48,0.84,0.88,0.92,0.48,0.48,0.84,0.84,0.84,0.43999999999999995,0.48,0.52,0.64,0.52,0.43999999999999995,0.43999999999999995,0.52,0.52,0.56,0.6799999999999999,0.56,0.6,0.6799999999999999,0.72,0.6799999999999999,0.52,0.52,0.6799999999999999,0.72,0.6799999999999999,0.48,0.52,0.6799999999999999,1.0,0.6799999999999999,0.48,0.48,0.84,0.88,0.92,0.48,0.48,0.84,0.84,0.84,0.43999999999999995,0.48,0.52,0.64,0.52,0.43999999999999995,0.43999999999999995,0.52,0.52
450,0.0,0.0,0.0,0.0,0.0,0.0,0.0,1.0,0.0,1.0,0.0,1.0,0.0,0.0,0.0,0.0,1.0,1.0,0.0,0.0,0.0,0.0,0.0,1.0,0.0,0.0,1.0,0.0,1.0,0.0,0.0,0.0,0.0,0.0,0.0,0.0,1.0,0.0,0.0,0.0,0.0,0.0,0.0,1.0,1.0,0.0,0.0,0.0,0.0,1.0,0.0,1.0,0.0,1.0,1.0,0.0,0.0,0.0,1.0,0.0,0.0,0.0,0.0,0.0,0.0,0.0,0.0,1.0,0.0,0.0,0.0,0.0,0.0,1.0,1.0,0.0,0.0,1.0,0.0,0.0,0.0,0.0,1.0,0.0,0.0,0.0,0.0,0.0,0.0,0.0,0.0,1.0,1.0,1.0,0.0,0.0,0.0,1.0,0.0,0.0,0.0,0.0,1.0,0.0,0.64,0.64,0.72,0.6,0.8,0.72,0.6,0.72,0.56,0.8,0.6799999999999999,0.56,0.6799999999999999,0.52,0.8,0.72,0.52,0.64,0.52,1.0,0.6799999999999999,0.52,0.64,0.48,0.96,0.56,0.48,0.56,0.48,0.6,0.52,0.48,0.52,0.48,0.56,0.52,0.64,0.64,0.72,0.6,0.8,0.72,0.6,0.72,0.56,0.8,0.6799999999999999,0.56,0.6799999999999999,0.52,0.8,0.72,0.52,0.64,0.52,1.0,0.6799999999999999,0.52,0.64,0.48,0.96,0.56,0.48,0.56,0.48,0.6,0.52,0.48,0.52,0.48,0.56,0.52
451,0.0,0.0,0.0,0.0,0.0,1.0,0.0,0.0,0.0,0.0,0.0,0.0,0.0,0.0,0.0,0.0,0.0,0.0,0.0,1.0,0.0,0.0,0.0,0.0,0.0,0.0,1.0,0.0,1.0,0.0,0.0,1.0,1.0,0.0,0.0,0.0,1.0,1.0,1.0,1.0,0.0,1.0,1.0,0.0,0.0,1.0,0.0,0.0,0.0,0.0,0.0,0.0,0.0,1.0,0.0,0.0,0.0,0.0,1.0,0.0,1.0,0.0,1.0,0.0,1.0,1.0,0.0,1.0,1.0,0.0,1.0,0.0,0.0,0.0,0.0,0.0,0.0,0.0,0.0,1.0,0.0,0.0,0.0,0.0,0.0,0.0,1.0,1.0,0.0,0.0,0.0,0.0,0.0,0.0,0.0,0.0,0.0,0.0,0.0,1.0,0.0,0.0,0.0,0.0,0.56,0.52,0.48,0.72,0.48,0.48,0.52,0.48,0.72,0.48,0.48,0.48,0.43999999999999995,0.72,0.48,0.48,0.48,0.43999999999999995,1.0,0.43999999999999995,0.43999999999999995,0.48,0.43999999999999995,0.76,0.43999999999999995,0.43999999999999995,0.43999999999999995,0.4,0.52,0.43999999999999995,0.43999999999999995,0.43999999999999995,0.4,0.52,0.4,0.4,0.56,0.52,0.48,0.72,0.48,0.48,0.52,0.48,0.72,0.48,0.48,0.48,0.43999999999999995,0.72,0.48,0.48,0.48,0.43999999999999995,1.0,0.43999999999999995,0.43999999999999995,0.48,0.43999999999999995,0.76,0.43999999999999995,0.43999999999999995,0.43999999999999995,0.4,0.52,0.43999999999999995,0.43999999999999995,0.43999999999999995,0.4,0.52,0.4,0.4
452,0.0,1.0,1.0,0.0,0.0,0.0,0.0,0.0,1.0,0.0,0.0,0.0,0.0,0.0,0.0,0.0,1.0,0.0,0.0,0.0,0.0,0.0,0.0,0.0,0.0,1.0,1.0,0.0,1.0,0.0,0.0,0.0,0.0,0.0,1.0,0.0,0.0,0.0,0.0,0.0,0.0,1.0,1.0,0.0,0.0,1.0,1.0,0.0,0.0,0.0,1.0,0.0,0.0,0.0,0.0,0.0,1.0,0.0,0.0,1.0,0.0,0.0,1.0,1.0,0.0,0.0,1.0,0.0,0.0,0.0,1.0,1.0,0.0,0.0,0.0,1.0,0.0,0.0,0.0,1.0,0.0,0.0,1.0,1.0,0.0,0.0,0.0,0.0,0.0,0.0,1.0,0.0,0.0,0.0,0.0,0.0,0.0,0.0,0.0,0.0,0.0,0.0,0.0,1.0,0.84,0.96,0.88,1.0,0.92,0.92,0.92,0.76,0.88,0.8,0.84,0.8,0.72,0.8,0.76,0.76,0.76,0.6799999999999999,0.76,0.72,0.72,0.72,0.64,0.6799999999999999,0.6799999999999999,0.6799999999999999,0.6799999999999999,0.6,0.64,0.64,0.64,0.64,0.56,0.6,0.6,0.6,0.84,0.96,0.88,1.0,0.92,0.92,0.92,0.76,0.88,0.8,0.84,0.8,0.72,0.8,0.76,0.76,0.76,0.6799999999999999,0.76,0.72,0.72,0.72,0.64,0.6799999999999999,0.6799999999999999,0.6799999999999999,0.6799999999999999,0.6,0.64,0.64,0.64,0.64,0.56,0.6,0.6,0.6
453,1.0,0.0,0.0,0.0,0.0,0.0,0.0,0.0,0.0,1.0,1.0,0.0,0.0,0.0,0.0,0.0,0.0,0.0,0.0,0.0,1.0,1.0,0.0,0.0,1.0,0.0,0.0,1.0,1.0,0.0,0.0,0.0,0.0,1.0,0.0,0.0,0.0,0.0,0.0,0.0,1.0,0.0,1.0,0.0,0.0,0.0,0.0,1.0,0.0,0.0,0.0,1.0,0.0,0.0,0.0,0.0,1.0,1.0,0.0,0.0,1.0,0.0,0.0,0.0,0.0,1.0,1.0,0.0,1.0,0.0,1.0,0.0,0.0,0.0,1.0,0.0,0.0,1.0,0.0,0.0,0.0,1.0,0.0,0.0,0.0,0.0,1.0,0.0,0.0,0.0,0.0,0.0,0.0,1.0,0.0,1.0,0.0,0.0,0.0,0.0,0.0,0.0,0.0,0.0,0.88,0.6799999999999999,1.0,0.6799999999999999,0.72,0.88,0.64,0.92,0.64,0.6799999999999999,0.76,0.6,0.8,0.6,0.64,0.72,0.6,0.76,0.56,0.6,0.6799999999999999,0.56,0.72,0.52,0.56,0.64,0.52,0.6799999999999999,0.52,0.52,0.6,0.52,0.64,0.48,0.52,0.56,0.88,0.6799999999999999,1.0,0.6799999999999999,0.72,0.88,0.64,0.92,0.64,0.6799999999999999,0.76,0.6,0.8,0.6,0.64,0.72,0.6,0.76,0.56,0.6,0.6799999999999999,0.56,0.72,0.52,0.56,0.64,0.52,0.6799999999999999,0.52,0.52,0.6,0.52,0.64,0.48,0.52,0.56
454,0.0,1.0,1.0,0.0,0.0,0.0,0.0,0.0,1.0,0.0,0.0,1.0,0.0,0.0,0.0,1.0,1.0,0.0,0.0,1.0,0.0,0.0,0.0,0.0,0.0,0.0,1.0,0.0,0.0,0.0,1.0,0.0,0.0,0.0,0.0,0.0,1.0,1.0,0.0,0.0,1.0,0.0,0.0,0.0,1.0,0.0,0.0,0.0,0.0,0.0,0.0,0.0,1.0,0.0,0.0,0.0,0.0,0.0,1.0,0.0,0.0,1.0,0.0,0.0,1.0,0.0,0.0,0.0,0.0,0.0,1.0,0.0,1.0,0.0,0.0,1.0,1.0,0.0,0.0,0.0,1.0,0.0,0.0,1.0,1.0,0.0,0.0,0.0,0.0,0.0,0.0,0.0,0.0,0.0,0.0,0.0,0.0,0.0,0.0,0.0,1.0,0.0,1.0,0.0,0.84,0.96,0.92,1.0,0.72,0.84,0.96,0.88,0.88,0.6799999999999999,0.76,0.88,0.76,0.8,0.64,0.72,0.76,0.72,0.76,0.6,0.6799999999999999,0.72,0.6799999999999999,0.6799999999999999,0.56,0.64,0.6799999999999999,0.64,0.64,0.52,0.6,0.64,0.6,0.6,0.52,0.56,0.84,0.96,0.92,1.0,0.72,0.84,0.96,0.88,0.88,0.6799999999999999,0.76,0.88,0.76,0.8,0.64,0.72,0.76,0.72,0.76,0.6,0.6799999999999999,0.72,0.6799999999999999,0.6799999999999999,0.56,0.64,0.6799999999999999,0.64,0.64,0.52,0.6,0.64,0.6,0.6,0.52,0.56
455,0.0,0.0,1.0,0.0,0.0,0.0,0.0,0.0,1.0,0.0,0.0,1.0,0.0,0.0,0.0,0.0,0.0,1.0,0.0,1.0,1.0,0.0,0.0,1.0,0.0,1.0,1.0,0.0,0.0,0.0,0.0,1.0,0.0,0.0,0.0,0.0,0.0,0.0,1.0,0.0,0.0,0.0,0.0,0.0,0.0,1.0,0.0,0.0,0.0,0.0,1.0,0.0,0.0,0.0,0.0,1.0,0.0,1.0,1.0,1.0,0.0,0.0,0.0,0.0,0.0,1.0,0.0,0.0,0.0,0.0,0.0,0.0,0.0,0.0,0.0,0.0,1.0,0.0,0.0,0.0,1.0,0.0,0.0,0.0,0.0,0.0,1.0,1.0,1.0,0.0,0.0,1.0,0.0,0.0,0.0,0.0,1.0,0.0,0.0,0.0,0.0,1.0,0.0,0.0,0.6799999999999999,0.76,0.76,0.76,0.64,0.8,0.72,0.76,0.76,0.6,0.8,0.64,0.6799999999999999,0.6799999999999999,0.56,1.0,0.6,0.6,0.6,0.52,0.6,0.56,0.56,0.56,0.52,0.6,0.52,0.56,0.52,0.48,0.56,0.52,0.52,0.52,0.48,0.52,0.6799999999999999,0.76,0.76,0.76,0.64,0.8,0.72,0.76,0.76,0.6,0.8,0.64,0.6799999999999999,0.6799999999999999,0.56,1.0,0.6,0.6,0.6,0.52,0.6,0.56,0.56,0.56,0.52,0.6,0.52,0.56,0.52,0.48,0.56,0.52,0.52,0.52,0.48,0.52
456,0.0,0.0,0.0,1.0,0.0,0.0,0.0,1.0,0.0,1.0,1.0,0.0,0.0,0.0,0.0,0.0,0.0,0.0,1.0,1.0,0.0,0.0,1.0,1.0,0.0,0.0,0.0,0.0,0.0,0.0,0.0,0.0,1.0,0.0,0.0,0.0,0.0,0.0,0.0,1.0,1.0,0.0,0.0,1.0,0.0,0.0,0.0,0.0,0.0,0.0,0.0,1.0,0.0,0.0,0.0,0.0,0.0,1.0,0.0,0.0,1.0,0.0,0.0,1.0,1.0,0.0,0.0,0.0,0.0,1.0,0.0,0.0,0.0,0.0,0.0,0.0,0.0,1.0,1.0,0.0,0.0,0.0,0.0,1.0,0.0,0.0,1.0,1.0,0.0,0.0,0.0,0.0,0.0,1.0,1.0,0.0,0.0,0.0,0.0,0.0,0.0,0.0,1.0,0.0,0.76,0.88,0.84,0.76,0.88,0.88,0.88,0.76,0.6799999999999999,0.88,0.88,0.88,0.72,0.64,0.84,0.88,0.88,0.64,0.6,0.6799999999999999,0.6799999999999999,1.0,0.6,0.56,0.64,0.64,0.6799999999999999,0.6,0.52,0.6,0.6,0.64,0.56,0.52,0.56,0.56,0.76,0.88,0.84,0.76,0.88,0.88,0.88,0.76,0.6799999999999999,0.88,0.88,0.88,0.72,0.64,0.84,0.88,0.88,0.64,0.6,0.6799999999999999,0.6799999999999999,1.0,0.6,0.56,0.64,0.64,0.6799999999999999,0.6,0.52,0.6,0.6,0.64,0.56,0.52,0.56,0.56
457,0.0,1.0,0.0,0.0,1.0,0.0,1.0,0.0,0.0,0.0,0.0,0.0,0.0,0.0,0.0,0.0,1.0,0.0,1.0,0.0,0.0,0.0,0.0,1.0,1.0,1.0,1.0,1.0,0.0,0.0,0.0,0.0,0.0,0.0,0.0,0.0,0.0,0.0,0.0,1.0,1.0,0.0,0.0,1.0,0.0,0.0,0.0,0.0,0.0,0.0,0.0,0.0,1.0,0.0,1.0,0.0,0.0,0.0,0.0,0.0,1.0,0.0,0.0,0.0,1.0,0.0,1.0,0.0,0.0,0.0,0.0,0.0,0.0,0.0,0.0,0.0,0.0,0.0,0.0,0.0,0.0,0.0,0.0,0.0,0.0,1.0,0.0,0.0,1.0,0.0,1.0,0.0,0.0,1.0,0.0,0.0,0.0,1.0,1.0,1.0,0.0,0.0,0.0,1.0,0.8,0.88,0.88,0.8,1.0,0.92,0.84,0.84,0.72,1.0,0.88,0.8,0.8,0.6799999999999999,0.92,0.76,0.72,0.72,0.64,0.96,0.72,0.6799999999999999,0.6799999999999999,0.6,0.72,0.6799999999999999,0.64,0.64,0.56,0.6799999999999999,0.64,0.6,0.6,0.56,0.64,0.6,0.8,0.88,0.88,0.8,1.0,0.92,0.84,0.84,0.72,1.0,0.88,0.8,0.8,0.6799999999999999,0.92,0.76,0.72,0.72,0.64,0.96,0.72,0.6799999999999999,0.6799999999999999,0.6,0.72,0.6799999999999999,0.64,0.64,0.56,0.6799999999999999,0.64,0.6,0.6,0.56,0.64,0.6
458,0.0,1.0,1.0,1.0,0.0,0.0,0.0,0.0,0.0,0.0,1.0,0.0,0.0,0.0,0.0,0.0,0.0,1.0,0.0,0.0,0.0,1.0,1.0,0.0,0.0,0.0,0.0,0.0,0.0,0.0,1.0,0.0,0.0,0.0,0.0,0.0,1.0,0.0,0.0,0.0,0.0,1.0,0.0,0.0,0.0,1.0,0.0,0.0,1.0,0.0,1.0,0.0,1.0,0.0,0.0,0.0,0.0,0.0,1.0,1.0,1.0,1.0,0.0,0.0,0.0,0.0,1.0,0.0,0.0,0.0,0.0,1.0,0.0,0.0,0.0,0.0,0.0,0.0,0.0,0.0,1.0,1.0,0.0,0.0,0.0,0.0,1.0,0.0,0.0,1.0,0.0,0.0,0.0,0.0,0.0,1.0,0.0,0.0,0.0,0.0,0.0,1.0,0.0,0.0,0.92,1.0,0.6799999999999999,0.6799999999999999,0.72,0.72,0.84,0.64,0.64,0.6799999999999999,0.6799999999999999,0.8,0.6,0.6,0.64,0.64,0.76,0.6,0.6,0.6,0.6,0.72,0.56,0.56,0.56,0.56,0.6799999999999999,0.52,0.52,0.56,0.52,0.64,0.52,0.52,0.52,0.52,0.92,1.0,0.6799999999999999,0.6799999999999999,0.72,0.72,0.84,0.64,0.64,0.6799999999999999,0.6799999999999999,0.8,0.6,0.6,0.64,0.64,0.76,0.6,0.6,0.6,0.6,0.72,0.56,0.56,0.56,0.56,0.6799999999999999,0.52,0.52,0.56,0.52,0.64,0.52,0.52,0.52,0.52
459,0.0,0.0,1.0,0.0,0.0,0.0,0.0,1.0,1.0,1.0,1.0,1.0,1.0,0.0,0.0,0.0,0.0,0.0,0.0,0.0,0.0,0.0,0.0,1.0,0.0,0.0,0.0,0.0,0.0,0.0,1.0,0.0,0.0,0.0,0.0,1.0,0.0,0.0,1.0,0.0,1.0,0.0,1.0,0.0,0.0,0.0,0.0,0.0,0.0,0.0,0.0,0.0,0.0,0.0,0.0,0.0,0.0,0.0,0.0,0.0,0.0,0.0,0.0,0.0,0.0,1.0,0.0,0.0,0.0,0.0,0.0,1.0,0.0,1.0,1.0,0.0,1.0,0.0,1.0,0.0,1.0,0.0,0.0,0.0,1.0,0.0,1.0,0.0,1.0,0.0,0.0,1.0,0.0,0.0,0.0,0.0,0.0,0.0,0.0,0.0,1.0,1.0,0.0,0.0,0.6799999999999999,0.76,0.76,0.8,0.64,0.8,0.76,0.6799999999999999,0.8,0.6,0.8,0.76,0.64,0.8,0.56,1.0,0.64,0.6,0.6799999999999999,0.52,0.6,0.6,0.56,0.6,0.52,0.6,0.56,0.52,0.56,0.48,0.56,0.52,0.52,0.52,0.48,0.52,0.6799999999999999,0.76,0.76,0.8,0.64,0.8,0.76,0.6799999999999999,0.8,0.6,0.8,0.76,0.64,0.8,0.56,1.0,0.64,0.6,0.6799999999999999,0.52,0.6,0.6,0.56,0.6,0.52,0.6,0.56,0.52,0.56,0.48,0.56,0.52,0.52,0.52,0.48,0.52
460,0.0,0.0,1.0,0.0,1.0,1.0,0.0,0.0,0.0,0.0,0.0,0.0,1.0,0.0,0.0,1.0,0.0,0.0,0.0,1.0,0.0,0.0,0.0,1.0,0.0,0.0,0.0,1.0,0.0,0.0,0.0,1.0,0.0,1.0,0.0,0.0,0.0,0.0,1.0,0.0,0.0,0.0,1.0,0.0,0.0,0.0,0.0,0.0,1.0,0.0,0.0,0.0,1.0,0.0,0.0,0.0,0.0,0.0,0.0,1.0,0.0,0.0,1.0,1.0,0.0,1.0,0.0,0.0,0.0,0.0,1.0,0.0,0.0,0.0,0.0,0.0,0.0,1.0,0.0,0.0,0.0,0.0,0.0,0.0,0.0,0.0,0.0,0.0,1.0,1.0,0.0,0.0,1.0,0.0,0.0,1.0,0.0,1.0,1.0,0.0,0.0,0.0,0.0,0.0,0.84,0.96,0.88,0.92,0.88,1.0,0.96,0.84,0.88,0.84,0.92,0.96,0.76,0.8,0.76,0.88,0.84,0.72,0.72,0.72,0.76,0.76,0.6799999999999999,0.6799999999999999,0.6799999999999999,0.6799999999999999,0.72,0.64,0.64,0.64,0.64,0.6799999999999999,0.6,0.6,0.6,0.6,0.84,0.96,0.88,0.92,0.88,1.0,0.96,0.84,0.88,0.84,0.92,0.96,0.76,0.8,0.76,0.88,0.84,0.72,0.72,0.72,0.76,0.76,0.6799999999999999,0.6799999999999999,0.6799999999999999,0.6799999999999999,0.72,0.64,0.64,0.64,0.64,0.6799999999999999,0.6,0.6,0.6,0.6
461,1.0,0.0,0.0,0.0,0.0,1.0,1.0,0.0,0.0,0.0,0.0,0.0,0.0,0.0,0.0,1.0,0.0,0.0,1.0,0.0,0.0,0.0,0.0,0.0,1.0,1.0,0.0,0.0,0.0,0.0,0.0,1.0,0.0,0.0,0.0,0.0,1.0,0.0,0.0,1.0,0.0,0.0,0.0,1.0,0.0,0.0,0.0,1.0,0.0,0.0,0.0,1.0,0.0,0.0,0.0,0.0,1.0,0.0,0.0,0.0,1.0,0.0,0.0,0.0,0.0,1.0,0.0,0.0,0.0,1.0,0.0,1.0,0.0,1.0,1.0,0.0,0.0,0.0,0.0,0.0,0.0,0.0,0.0,0.0,0.0,0.0,0.0,1.0,0.0,1.0,0.0,0.0,1.0,0.0,0.0,0.0,0.0,1.0,1.0,0.0,1.0,0.0,0.0,0.0,0.84,0.6799999999999999,0.96,0.6799999999999999,1.0,0.84,0.64,0.96,0.64,1.0,0.76,0.6,0.96,0.6,0.84,0.72,0.56,0.8,0.56,0.76,0.6799999999999999,0.56,0.76,0.56,0.72,0.64,0.52,0.6799999999999999,0.52,0.6799999999999999,0.6,0.52,0.64,0.52,0.64,0.56,0.84,0.6799999999999999,0.96,0.6799999999999999,1.0,0.84,0.64,0.96,0.64,1.0,0.76,0.6,0.96,0.6,0.84,0.72,0.56,0.8,0.56,0.76,0.6799999999999999,0.56,0.76,0.56,0.72,0.64,0.52,0.6799999999999999,0.52,0.6799999999999999,0.6,0.52,0.64,0.52,0.64,0.56
462,0.0,0.0,0.0,0.0,1.0,1.0,0.0,0.0,0.0,0.0,0.0,1.0,0.0,0.0,0.0,0.0,0.0,0.0,1.0,1.0,0.0,1.0,0.0,0.0,0.0,0.0,0.0,0.0,0.0,0.0,1.0,1.0,1.0,1.0,0.0,0.0,1.0,0.0,0.0,1.0,0.0,0.0,0.0,0.0,0.0,0.0,0.0,0.0,0.0,1.0,0.0,0.0,0.0,1.0,0.0,0.0,0.0,0.0,0.0,1.0,0.0,0.0,0.0,0.0,1.0,0.0,1.0,0.0,0.0,1.0,0.0,0.0,0.0,0.0,0.0,1.0,1.0,0.0,0.0,0.0,1.0,0.0,0.0,0.0,0.0,0.0,1.0,0.0,0.0,0.0,0.0,0.0,0.0,1.0,1.0,1.0,0.0,0.0,0.0,0.0,0.0,0.0,0.0,1.0,0.92,0.8,0.92,1.0,0.84,0.84,0.76,0.84,0.84,0.76,0.8,0.72,0.8,0.8,0.72,0.76,0.6799999999999999,0.76,0.76,0.6799999999999999,0.72,0.64,0.72,0.72,0.64,0.6799999999999999,0.6,0.6799999999999999,0.6799999999999999,0.6,0.64,0.56,0.64,0.64,0.56,0.6,0.92,0.8,0.92,1.0,0.84,0.84,0.76,0.84,0.84,0.76,0.8,0.72,0.8,0.8,0.72,0.76,0.6799999999999999,0.76,0.76,0.6799999999999999,0.72,0.64,0.72,0.72,0.64,0.6799999999999999,0.6,0.6799999999999999,0.6799999999999999,0.6,0.64,0.56,0.64,0.64,0.56,0.6
463,1.0,1.0,0.0,0.0,0.0,0.0,0.0,0.0,0.0,0.0,0.0,0.0,1.0,0.0,0.0,0.0,0.0,0.0,1.0,0.0,0.0,1.0,0.0,1.0,0.0,1.0,0.0,1.0,0.0,0.0,1.0,0.0,0.0,0.0,0.0,1.0,0.0,1.0,0.0,0.0,1.0,0.0,0.0,0.0,0.0,0.0,0.0,1.0,0.0,0.0,0.0,0.0,0.0,0.0,1.0,0.0,1.0,0.0,0.0,1.0,1.0,1.0,0.0,1.0,0.0,0.0,1.0,1.0,0.0,1.0,0.0,0.0,0.0,0.0,0.0,0.0,0.0,0.0,0.0,0.0,1.0,0.0,0.0,0.0,0.0,1.0,0.0,0.0,0.0,0.0,1.0,0.0,0.0,0.0,1.0,0.0,0.0,0.0,0.0,0.0,0.0,0.0,0.0,0.0,0.6,0.72,0.6799999999999999,0.76,0.56,0.6799999999999999,0.72,0.6799999999999999,0.76,0.52,0.64,0.72,0.6799999999999999,0.76,0.52,0.56,0.72,0.6,0.92,0.48,0.52,1.0,0.6799999999999999,0.8,0.48,0.52,0.56,0.52,0.88,0.48,0.48,0.52,0.52,0.52,0.43999999999999995,0.48,0.6,0.72,0.6799999999999999,0.76,0.56,0.6799999999999999,0.72,0.6799999999999999,0.76,0.52,0.64,0.72,0.6799999999999999,0.76,0.52,0.56,0.72,0.6,0.92,0.48,0.52,1.0,0.6799999999999999,0.8,0.48,0.52,0.56,0.52,0.88,0.48,0.48,0.52,0.52,0.52,0.43999999999999995,0.48
464,0.0,0.0,1.0,0.0,0.0,0.0,1.0,0.0,0.0,1.0,1.0,0.0,0.0,1.0,1.0,0.0,0.0,0.0,0.0,0.0,0.0,0.0,1.0,0.0,0.0,0.0,0.0,0.0,0.0,0.0,0.0,0.0,1.0,0.0,0.0,0.0,0.0,0.0,0.0,1.0,0.0,0.0,1.0,0.0,1.0,0.0,1.0,0.0,0.0,0.0,0.0,1.0,1.0,0.0,0.0,1.0,0.0,1.0,0.0,1.0,1.0,0.0,0.0,0.0,1.0,0.0,0.0,0.0,0.0,0.0,0.0,1.0,0.0,0.0,0.0,0.0,1.0,0.0,0.0,0.0,0.0,0.0,0.0,0.0,0.0,0.0,0.0,0.0,0.0,1.0,0.0,0.0,1.0,1.0,0.0,0.0,0.0,0.0,0.0,0.0,1.0,1.0,0.0,0.0,0.72,0.84,0.56,0.56,0.88,0.64,0.84,0.56,0.56,0.88,0.6,0.84,0.52,0.52,0.88,0.56,0.76,0.52,0.52,1.0,0.56,0.76,0.48,0.48,0.76,0.52,0.64,0.48,0.48,0.64,0.52,0.6,0.48,0.48,0.6,0.48,0.72,0.84,0.56,0.56,0.88,0.64,0.84,0.56,0.56,0.88,0.6,0.84,0.52,0.52,0.88,0.56,0.76,0.52,0.52,1.0,0.56,0.76,0.48,0.48,0.76,0.52,0.64,0.48,0.48,0.64,0.52,0.6,0.48,0.48,0.6,0.48
465,1.0,1.0,0.0,0.0,1.0,0.0,1.0,0.0,0.0,0.0,0.0,0.0,1.0,0.0,0.0,0.0,1.0,1.0,0.0,1.0,0.0,1.0,0.0,0.0,0.0,0.0,0.0,0.0,0.0,0.0,1.0,0.0,0.0,0.0,0.0,0.0,0.0,0.0,0.0,0.0,0.0,0.0,0.0,0.0,1.0,0.0,1.0,0.0,0.0,0.0,0.0,1.0,0.0,0.0,1.0,0.0,0.0,1.0,0.0,0.0,0.0,1.0,1.0,1.0,0.0,0.0,0.0,0.0,0.0,0.0,0.0,0.0,1.0,0.0,0.0,1.0,0.0,0.0,0.0,0.0,0.0,0.0,0.0,0.0,0.0,0.0,0.0,0.0,0.0,0.0,0.0,1.0,1.0,1.0,1.0,0.0,0.0,1.0,0.0,0.0,0.0,1.0,0.0,0.0,0.72,0.84,0.56,0.52,0.88,0.6,0.84,0.56,0.52,0.88,0.56,0.84,0.52,0.48,0.88,0.52,0.8,0.52,0.48,1.0,0.52,0.6799999999999999,0.48,0.48,0.6799999999999999,0.48,0.64,0.48,0.43999999999999995,0.64,0.48,0.6,0.48,0.43999999999999995,0.6,0.48,0.72,0.84,0.56,0.52,0.88,0.6,0.84,0.56,0.52,0.88,0.56,0.84,0.52,0.48,0.88,0.52,0.8,0.52,0.48,1.0,0.52,0.6799999999999999,0.48,0.48,0.6799999999999999,0.48,0.64,0.48,0.43999999999999995,0.64,0.48,0.6,0.48,0.43999999999999995,0.6,0.48
466,0.0,0.0,0.0,0.0,1.0,0.0,0.0,0.0,0.0,1.0,0.0,1.0,1.0,0.0,0.0,0.0,0.0,0.0,0.0,0.0,0.0,0.0,0.0,1.0,0.0,0.0,1.0,0.0,1.0,0.0,0.0,0.0,0.0,0.0,1.0,0.0,0.0,0.0,0.0,1.0,0.0,0.0,0.0,1.0,0.0,0.0,0.0,1.0,0.0,1.0,0.0,1.0,1.0,0.0,1.0,0.0,0.0,0.0,0.0,0.0,0.0,0.0,0.0,0.0,0.0,1.0,0.0,1.0,0.0,0.0,0.0,1.0,0.0,1.0,1.0,0.0,0.0,0.0,0.0,1.0,0.0,0.0,0.0,0.0,0.0,1.0,0.0,0.0,0.0,0.0,1.0,0.0,0.0,0.0,1.0,0.0,0.0,1.0,1.0,0.0,0.0,0.0,0.0,0.0,0.8,0.84,0.88,0.88,1.0,0.88,0.76,0.88,0.8,1.0,0.8,0.72,0.76,0.76,0.92,0.8,0.6799999999999999,0.72,0.6799999999999999,0.96,0.6799999999999999,0.64,0.6799999999999999,0.64,0.72,0.64,0.6,0.64,0.6,0.6799999999999999,0.6,0.56,0.6,0.56,0.64,0.56,0.8,0.84,0.88,0.88,1.0,0.88,0.76,0.88,0.8,1.0,0.8,0.72,0.76,0.76,0.92,0.8,0.6799999999999999,0.72,0.6799999999999999,0.96,0.6799999999999999,0.64,0.6799999999999999,0.64,0.72,0.64,0.6,0.64,0.6,0.6799999999999999,0.6,0.56,0.6,0.56,0.64,0.56
467,0.0,0.0,0.0,0.0,1.0,1.0,0.0,0.0,0.0,1.0,0.0,0.0,1.0,1.0,0.0,0.0,0.0,0.0,0.0,0.0,0.0,0.0,0.0,0.0,0.0,0.0,1.0,1.0,1.0,0.0,0.0,0.0,0.0,1.0,0.0,1.0,0.0,0.0,0.0,1.0,0.0,0.0,1.0,0.0,0.0,0.0,1.0,0.0,0.0,0.0,0.0,0.0,1.0,0.0,0.0,0.0,0.0,0.0,1.0,1.0,0.0,0.0,0.0,1.0,0.0,0.0,1.0,1.0,0.0,0.0,1.0,0.0,0.0,0.0,0.0,0.0,0.0,1.0,0.0,0.0,0.0,0.0,0.0,0.0,1.0,0.0,0.0,0.0,0.0,1.0,1.0,0.0,0.0,0.0,0.0,1.0,0.0,0.0,0.0,0.0,0.0,1.0,0.0,0.0,0.64,0.76,0.6,0.8,0.56,0.72,0.76,0.56,0.8,0.56,0.72,0.72,0.52,0.76,0.52,0.8,0.72,0.52,1.0,0.52,0.56,0.84,0.48,0.76,0.48,0.56,0.6,0.48,0.56,0.48,0.52,0.56,0.48,0.56,0.48,0.52,0.64,0.76,0.6,0.8,0.56,0.72,0.76,0.56,0.8,0.56,0.72,0.72,0.52,0.76,0.52,0.8,0.72,0.52,1.0,0.52,0.56,0.84,0.48,0.76,0.48,0.56,0.6,0.48,0.56,0.48,0.52,0.56,0.48,0.56,0.48,0.52
468,0.0,0.0,0.0,0.0,0.0,0.0,1.0,0.0,0.0,0.0,0.0,0.0,0.0,0.0,0.0,0.0,0.0,0.0,0.0,0.0,0.0,1.0,0.0,1.0,1.0,0.0,1.0,1.0,0.0,0.0,0.0,1.0,1.0,1.0,1.0,0.0,0.0,0.0,0.0,0.0,1.0,0.0,1.0,0.0,0.0,0.0,1.0,0.0,0.0,0.0,0.0,0.0,1.0,1.0,0.0,0.0,1.0,0.0,0.0,0.0,0.0,0.0,0.0,0.0,0.0,0.0,0.0,0.0,1.0,1.0,1.0,1.0,0.0,0.0,1.0,0.0,0.0,0.0,0.0,0.0,0.0,1.0,0.0,0.0,0.0,0.0,0.0,0.0,0.0,0.0,1.0,0.0,0.0,0.0,0.0,0.0,1.0,0.0,0.0,0.0,0.0,1.0,0.0,1.0,0.84,0.64,0.92,1.0,0.72,0.72,0.6,0.8,0.88,0.6799999999999999,0.6799999999999999,0.6,0.76,0.76,0.64,0.64,0.56,0.72,0.72,0.6,0.6,0.52,0.6799999999999999,0.6799999999999999,0.56,0.56,0.52,0.64,0.64,0.56,0.52,0.48,0.6,0.6,0.52,0.52,0.84,0.64,0.92,1.0,0.72,0.72,0.6,0.8,0.88,0.6799999999999999,0.6799999999999999,0.6,0.76,0.76,0.64,0.64,0.56,0.72,0.72,0.6,0.6,0.52,0.6799999999999999,0.6799999999999999,0.56,0.56,0.52,0.64,0.64,0.56,0.52,0.48,0.6,0.6,0.52,0.52
469,0.0,0.0,1.0,1.0,0.0,0.0,0.0,0.0,0.0,0.0,1.0,0.0,0.0,1.0,0.0,0.0,0.0,0.0,0.0,0.0,0.0,0.0,1.0,0.0,1.0,0.0,1.0,0.0,1.0,0.0,0.0,0.0,0.0,0.0,0.0,0.0,1.0,0.0,1.0,0.0,0.0,1.0,0.0,0.0,1.0,0.0,1.0,0.0,0.0,0.0,0.0,0.0,0.0,0.0,0.0,0.0,1.0,0.0,0.0,1.0,0.0,1.0,0.0,1.0,0.0,0.0,0.0,0.0,1.0,1.0,0.0,0.0,0.0,1.0,0.0,0.0,0.0,0.0,0.0,0.0,0.0,1.0,1.0,0.0,0.0,0.0,0.0,0.0,0.0,0.0,0.0,0.0,1.0,0.0,0.0,0.0,0.0,1.0,0.0,0.0,1.0,0.0,1.0,0.0,0.92,1.0,0.8,0.8,0.92,0.88,0.84,0.76,0.76,0.84,0.8,0.8,0.72,0.72,0.8,0.76,0.76,0.6799999999999999,0.6799999999999999,0.76,0.72,0.72,0.64,0.64,0.6799999999999999,0.6799999999999999,0.6799999999999999,0.6,0.6,0.64,0.64,0.64,0.56,0.56,0.6,0.6,0.92,1.0,0.8,0.8,0.92,0.88,0.84,0.76,0.76,0.84,0.8,0.8,0.72,0.72,0.8,0.76,0.76,0.6799999999999999,0.6799999999999999,0.76,0.72,0.72,0.64,0.64,0.6799999999999999,0.6799999999999999,0.6799999999999999,0.6,0.6,0.64,0.64,0.64,0.56,0.56,0.6,0.6
470,0.0,0.0,0.0,0.0,0.0,0.0,1.0,1.0,0.0,0.0,0.0,0.0,0.0,0.0,0.0,0.0,0.0,0.0,0.0,0.0,0.0,0.0,0.0,0.0,0.0,1.0,0.0,0.0,1.0,1.0,0.0,0.0,0.0,1.0,1.0,1.0,1.0,1.0,0.0,0.0,0.0,1.0,0.0,0.0,0.0,0.0,0.0,1.0,0.0,0.0,0.0,1.0,1.0,0.0,1.0,1.0,0.0,0.0,0.0,0.0,0.0,0.0,1.0,1.0,0.0,0.0,0.0,0.0,0.0,1.0,0.0,1.0,1.0,1.0,0.0,0.0,0.0,0.0,0.0,0.0,0.0,0.0,1.0,0.0,0.0,0.0,0.0,0.0,0.0,0.0,0.0,0.0,0.0,0.0,1.0,1.0,0.0,0.0,0.0,0.0,1.0,0.0,0.0,0.0,0.8,0.84,0.6799999999999999,1.0,0.76,0.84,0.76,0.64,1.0,0.6799999999999999,0.8,0.72,0.6,1.0,0.64,0.72,0.6799999999999999,0.6,0.76,0.6,0.6799999999999999,0.64,0.56,0.72,0.6,0.64,0.6,0.52,0.6799999999999999,0.56,0.6,0.56,0.52,0.64,0.52,0.56,0.8,0.84,0.6799999999999999,1.0,0.76,0.84,0.76,0.64,1.0,0.6799999999999999,0.8,0.72,0.6,1.0,0.64,0.72,0.6799999999999999,0.6,0.76,0.6,0.6799999999999999,0.64,0.56,0.72,0.6,0.64,0.6,0.52,0.6799999999999999,0.56,0.6,0.56,0.52,0.64,0.52,0.56
471,1.0,0.0,0.0,0.0,0.0,0.0,0.0,1.0,1.0,0.0,1.0,0.0,0.0,0.0,0.0,0.0,1.0,0.0,0.0,0.0,0.0,0.0,0.0,1.0,1.0,0.0,0.0,0.0,0.0,0.0,0.0,0.0,0.0,0.0,1.0,0.0,0.0,0.0,1.0,0.0,0.0,0.0,1.0,0.0,0.0,0.0,0.0,0.0,1.0,1.0,1.0,0.0,0.0,0.0,1.0,1.0,0.0,1.0,0.0,0.0,0.0,0.0,0.0,0.0,0.0,1.0,1.0,0.0,0.0,0.0,1.0,1.0,0.0,0.0,0.0,0.0,0.0,0.0,1.0,0.0,0.0,1.0,0.0,0.0,1.0,0.0,0.0,0.0,0.0,0.0,0.0,0.0,0.0,1.0,0.0,0.0,0.0,1.0,0.0,1.0,0.0,0.0,0.0,0.0,1.0,0.88,0.84,0.76,0.88,0.8,0.84,0.8,0.72,0.8,0.76,0.76,0.76,0.6799999999999999,0.76,0.72,0.72,0.72,0.64,0.72,0.6799999999999999,0.6799999999999999,0.6799999999999999,0.6,0.6799999999999999,0.64,0.64,0.64,0.56,0.64,0.6,0.6,0.6,0.56,0.6,0.56,1.0,0.88,0.84,0.76,0.88,0.8,0.84,0.8,0.72,0.8,0.76,0.76,0.76,0.6799999999999999,0.76,0.72,0.72,0.72,0.64,0.72,0.6799999999999999,0.6799999999999999,0.6799999999999999,0.6,0.6799999999999999,0.64,0.64,0.64,0.56,0.64,0.6,0.6,0.6,0.56,0.6,0.56
472,0.0,1.0,0.0,1.0,0.0,0.0,1.0,0.0,0.0,0.0,0.0,1.0,1.0,1.0,0.0,0.0,0.0,0.0,0.0,0.0,0.0,1.0,1.0,0.0,0.0,0.0,0.0,0.0,0.0,0.0,0.0,0.0,0.0,1.0,0.0,0.0,0.0,0.0,0.0,0.0,1.0,0.0,0.0,0.0,0.0,0.0,1.0,1.0,1.0,0.0,0.0,0.0,0.0,0.0,0.0,0.0,0.0,0.0,0.0,0.0,1.0,1.0,0.0,0.0,0.0,0.0,0.0,0.0,0.0,0.0,0.0,0.0,1.0,0.0,0.0,0.0,1.0,1.0,0.0,0.0,1.0,1.0,0.0,0.0,1.0,0.0,1.0,1.0,0.0,1.0,1.0,0.0,0.0,0.0,1.0,0.0,0.0,0.0,0.0,0.0,0.0,0.0,0.0,0.0,0.56,0.6799999999999999,0.64,0.72,0.6,0.6799999999999999,0.6799999999999999,0.6,0.72,0.56,0.6799999999999999,0.6799999999999999,0.56,0.72,0.52,0.92,0.6799999999999999,0.52,1.0,0.52,0.6799999999999999,0.64,0.52,1.0,0.48,0.56,0.64,0.48,0.52,0.48,0.52,0.52,0.48,0.52,0.48,0.48,0.56,0.6799999999999999,0.64,0.72,0.6,0.6799999999999999,0.6799999999999999,0.6,0.72,0.56,0.6799999999999999,0.6799999999999999,0.56,0.72,0.52,0.92,0.6799999999999999,0.52,1.0,0.52,0.6799999999999999,0.64,0.52,1.0,0.48,0.56,0.64,0.48,0.52,0.48,0.52,0.52,0.48,0.52,0.48,0.48
473,1.0,1.0,0.0,0.0,0.0,0.0,0.0,0.0,0.0,0.0,0.0,0.0,0.0,0.0,1.0,0.0,1.0,1.0,0.0,0.0,1.0,0.0,0.0,0.0,0.0,0.0,1.0,0.0,1.0,1.0,0.0,1.0,1.0,0.0,0.0,0.0,0.0,0.0,0.0,0.0,0.0,0.0,0.0,0.0,1.0,0.0,1.0,0.0,0.0,0.0,0.0,0.0,0.0,0.0,1.0,0.0,0.0,0.0,1.0,1.0,1.0,0.0,0.0,0.0,0.0,0.0,0.0,1.0,0.0,0.0,0.0,0.0,0.0,0.0,0.0,1.0,0.0,0.0,0.0,1.0,0.0,0.0,1.0,0.0,0.0,0.0,0.0,0.0,0.0,0.0,0.0,1.0,1.0,0.0,0.0,0.0,0.0,1.0,0.0,0.0,0.0,1.0,1.0,0.0,1.0,0.64,0.64,0.6799999999999999,0.76,0.64,0.6,0.6,0.64,0.72,0.6,0.56,0.56,0.6,0.6799999999999999,0.56,0.52,0.56,0.56,0.64,0.52,0.52,0.52,0.52,0.6,0.52,0.48,0.52,0.52,0.56,0.48,0.48,0.48,0.48,0.52,0.48,1.0,0.64,0.64,0.6799999999999999,0.76,0.64,0.6,0.6,0.64,0.72,0.6,0.56,0.56,0.6,0.6799999999999999,0.56,0.52,0.56,0.56,0.64,0.52,0.52,0.52,0.52,0.6,0.52,0.48,0.52,0.52,0.56,0.48,0.48,0.48,0.48,0.52,0.48
474,1.0,0.0,0.0,1.0,1.0,0.0,1.0,1.0,0.0,0.0,0.0,0.0,0.0,0.0,0.0,0.0,0.0,1.0,0.0,1.0,0.0,0.0,0.0,0.0,0.0,0.0,0.0,0.0,0.0,0.0,0.0,0.0,0.0,0.0,0.0,0.0,1.0,1.0,0.0,0.0,0.0,0.0,1.0,1.0,1.0,0.0,0.0,0.0,0.0,0.0,0.0,1.0,0.0,0.0,1.0,0.0,0.0,0.0,0.0,0.0,0.0,0.0,0.0,1.0,0.0,0.0,0.0,1.0,1.0,0.0,0.0,0.0,1.0,0.0,1.0,0.0,0.0,0.0,0.0,0.0,0.0,0.0,1.0,0.0,0.0,0.0,0.0,0.0,0.0,0.0,1.0,1.0,1.0,0.0,0.0,0.0,0.0,0.0,1.0,0.0,1.0,0.0,1.0,0.0,0.8,0.84,0.72,0.6799999999999999,1.0,0.88,0.8,0.6799999999999999,0.64,1.0,0.84,0.72,0.64,0.6,0.92,0.72,0.6799999999999999,0.6,0.56,0.96,0.6799999999999999,0.64,0.56,0.56,0.72,0.64,0.6,0.56,0.52,0.6799999999999999,0.6,0.56,0.52,0.52,0.64,0.56,0.8,0.84,0.72,0.6799999999999999,1.0,0.88,0.8,0.6799999999999999,0.64,1.0,0.84,0.72,0.64,0.6,0.92,0.72,0.6799999999999999,0.6,0.56,0.96,0.6799999999999999,0.64,0.56,0.56,0.72,0.64,0.6,0.56,0.52,0.6799999999999999,0.6,0.56,0.52,0.52,0.64,0.56
475,0.0,0.0,0.0,0.0,1.0,0.0,0.0,1.0,0.0,0.0,0.0,1.0,0.0,0.0,0.0,0.0,0.0,0.0,1.0,0.0,0.0,1.0,1.0,0.0,0.0,0.0,0.0,0.0,0.0,1.0,0.0,0.0,1.0,0.0,0.0,0.0,0.0,1.0,0.0,0.0,1.0,0.0,0.0,0.0,1.0,1.0,0.0,0.0,0.0,0.0,1.0,0.0,1.0,0.0,0.0,0.0,0.0,0.0,0.0,0.0,0.0,0.0,1.0,0.0,1.0,1.0,0.0,0.0,0.0,0.0,0.0,1.0,0.0,0.0,0.0,1.0,1.0,0.0,0.0,0.0,0.0,0.0,0.0,0.0,0.0,0.0,0.0,1.0,0.0,0.0,1.0,1.0,0.0,1.0,1.0,0.0,0.0,0.0,1.0,0.0,0.0,0.0,0.0,0.0,0.6,0.64,0.64,0.6,0.6799999999999999,0.72,0.6,0.64,0.56,0.6799999999999999,0.72,0.56,0.6,0.52,0.6799999999999999,1.0,0.52,0.52,0.52,0.56,0.64,0.52,0.52,0.48,0.52,0.52,0.48,0.48,0.48,0.52,0.52,0.48,0.48,0.48,0.48,0.48,0.6,0.64,0.64,0.6,0.6799999999999999,0.72,0.6,0.64,0.56,0.6799999999999999,0.72,0.56,0.6,0.52,0.6799999999999999,1.0,0.52,0.52,0.52,0.56,0.64,0.52,0.52,0.48,0.52,0.52,0.48,0.48,0.48,0.52,0.52,0.48,0.48,0.48,0.48,0.48
476,1.0,0.0,1.0,1.0,0.0,0.0,0.0,1.0,1.0,0.0,0.0,0.0,0.0,0.0,0.0,1.0,1.0,0.0,0.0,0.0,0.0,1.0,0.0,1.0,0.0,0.0,0.0,0.0,0.0,0.0,0.0,0.0,0.0,0.0,0.0,0.0,0.0,1.0,0.0,0.0,1.0,0.0,0.0,0.0,1.0,0.0,0.0,1.0,0.0,0.0,0.0,0.0,0.0,1.0,0.0,0.0,0.0,0.0,0.0,0.0,0.0,0.0,1.0,0.0,0.0,0.0,0.0,0.0,0.0,1.0,0.0,1.0,0.0,0.0,1.0,0.0,0.0,1.0,1.0,1.0,0.0,0.0,0.0,0.0,1.0,1.0,0.0,0.0,0.0,0.0,0.0,1.0,0.0,0.0,1.0,0.0,0.0,0.0,0.0,0.0,0.0,0.0,0.0,1.0,0.92,0.84,1.0,0.6799999999999999,0.6799999999999999,0.6799999999999999,0.76,0.84,0.64,0.64,0.64,0.72,0.8,0.6,0.6,0.6,0.6799999999999999,0.76,0.56,0.56,0.56,0.64,0.72,0.52,0.56,0.56,0.6,0.6799999999999999,0.52,0.52,0.52,0.56,0.64,0.48,0.52,0.52,0.92,0.84,1.0,0.6799999999999999,0.6799999999999999,0.6799999999999999,0.76,0.84,0.64,0.64,0.64,0.72,0.8,0.6,0.6,0.6,0.6799999999999999,0.76,0.56,0.56,0.56,0.64,0.72,0.52,0.56,0.56,0.6,0.6799999999999999,0.52,0.52,0.52,0.56,0.64,0.48,0.52,0.52
477,0.0,0.0,0.0,0.0,0.0,1.0,0.0,0.0,1.0,1.0,1.0,0.0,0.0,0.0,0.0,0.0,0.0,1.0,0.0,0.0,0.0,0.0,1.0,0.0,0.0,1.0,0.0,0.0,0.0,0.0,1.0,0.0,0.0,0.0,0.0,0.0,1.0,1.0,0.0,0.0,0.0,1.0,0.0,0.0,1.0,0.0,0.0,0.0,0.0,1.0,0.0,0.0,1.0,1.0,0.0,0.0,0.0,0.0,0.0,0.0,0.0,0.0,0.0,0.0,1.0,0.0,1.0,0.0,1.0,0.0,1.0,1.0,0.0,1.0,0.0,0.0,1.0,0.0,0.0,0.0,0.0,0.0,0.0,0.0,0.0,1.0,0.0,0.0,0.0,0.0,0.0,1.0,0.0,0.0,1.0,0.0,0.0,0.0,0.0,0.0,0.0,0.0,1.0,0.0,0.8,0.92,0.92,0.6799999999999999,0.88,1.0,0.92,0.92,0.64,0.76,1.0,0.84,0.92,0.6,0.72,0.96,0.8,0.88,0.6,0.6799999999999999,0.92,0.72,0.84,0.56,0.64,0.8,0.6799999999999999,0.72,0.52,0.6,0.6799999999999999,0.64,0.6799999999999999,0.52,0.56,0.64,0.8,0.92,0.92,0.6799999999999999,0.88,1.0,0.92,0.92,0.64,0.76,1.0,0.84,0.92,0.6,0.72,0.96,0.8,0.88,0.6,0.6799999999999999,0.92,0.72,0.84,0.56,0.64,0.8,0.6799999999999999,0.72,0.52,0.6,0.6799999999999999,0.64,0.6799999999999999,0.52,0.56,0.64
478,0.0,0.0,0.0,0.0,0.0,1.0,0.0,1.0,0.0,1.0,0.0,0.0,1.0,1.0,1.0,1.0,0.0,0.0,0.0,0.0,0.0,0.0,0.0,0.0,1.0,1.0,0.0,1.0,0.0,1.0,0.0,1.0,1.0,0.0,0.0,0.0,0.0,0.0,0.0,0.0,0.0,0.0,0.0,0.0,0.0,0.0,0.0,0.0,0.0,0.0,0.0,0.0,1.0,1.0,1.0,0.0,0.0,0.0,0.0,0.0,0.0,0.0,1.0,0.0,0.0,0.0,0.0,0.0,0.0,0.0,0.0,0.0,1.0,1.0,0.0,0.0,0.0,0.0,0.0,0.0,0.0,0.0,0.0,0.0,0.0,0.0,0.0,0.0,0.0,0.0,1.0,0.0,0.0,1.0,1.0,0.0,1.0,0.0,0.0,0.0,1.0,1.0,1.0,0.0,0.72,0.88,0.84,0.6799999999999999,0.88,0.8,0.88,0.84,0.64,0.88,0.6799999999999999,0.88,0.8,0.6,0.8,0.64,0.88,0.72,0.56,0.96,0.6,1.0,0.64,0.56,0.64,0.56,0.84,0.6,0.52,0.6,0.56,0.64,0.56,0.52,0.6,0.52,0.72,0.88,0.84,0.6799999999999999,0.88,0.8,0.88,0.84,0.64,0.88,0.6799999999999999,0.88,0.8,0.6,0.8,0.64,0.88,0.72,0.56,0.96,0.6,1.0,0.64,0.56,0.64,0.56,0.84,0.6,0.52,0.6,0.56,0.64,0.56,0.52,0.6,0.52
479,0.0,0.0,0.0,1.0,0.0,0.0,1.0,1.0,0.0,0.0,1.0,0.0,0.0,0.0,0.0,0.0,0.0,0.0,0.0,0.0,0.0,0.0,0.0,0.0,0.0,0.0,0.0,1.0,1.0,1.0,1.0,1.0,0.0,1.0,0.0,0.0,1.0,0.0,0.0,1.0,0.0,0.0,0.0,0.0,0.0,1.0,0.0,0.0,0.0,0.0,0.0,0.0,0.0,0.0,0.0,0.0,0.0,1.0,0.0,0.0,0.0,0.0,0.0,0.0,0.0,0.0,0.0,0.0,1.0,1.0,1.0,1.0,0.0,0.0,1.0,0.0,0.0,0.0,0.0,0.0,0.0,0.0,0.0,0.0,0.0,0.0,1.0,0.0,0.0,0.0,1.0,0.0,1.0,1.0,0.0,0.0,1.0,0.0,0.0,0.0,1.0,1.0,0.0,0.0,0.96,0.76,0.76,1.0,0.8,0.72,0.6799999999999999,0.72,0.88,0.76,0.6799999999999999,0.64,0.6799999999999999,0.8,0.72,0.64,0.6,0.64,0.76,0.6799999999999999,0.6,0.6,0.6,0.72,0.64,0.56,0.56,0.56,0.6799999999999999,0.6,0.56,0.52,0.52,0.64,0.56,0.52,0.96,0.76,0.76,1.0,0.8,0.72,0.6799999999999999,0.72,0.88,0.76,0.6799999999999999,0.64,0.6799999999999999,0.8,0.72,0.64,0.6,0.64,0.76,0.6799999999999999,0.6,0.6,0.6,0.72,0.64,0.56,0.56,0.56,0.6799999999999999,0.6,0.56,0.52,0.52,0.64,0.56,0.52
480,0.0,0.0,0.0,1.0,1.0,0.0,1.0,0.0,1.0,1.0,0.0,1.0,0.0,0.0,0.0,1.0,0.0,0.0,0.0,0.0,0.0,0.0,0.0,1.0,0.0,0.0,0.0,0.0,0.0,0.0,0.0,0.0,1.0,0.0,0.0,0.0,0.0,1.0,1.0,1.0,0.0,0.0,0.0,0.0,0.0,0.0,0.0,0.0,0.0,0.0,1.0,0.0,0.0,0.0,1.0,0.0,0.0,1.0,0.0,0.0,0.0,0.0,1.0,0.0,0.0,0.0,1.0,0.0,0.0,0.0,0.0,0.0,0.0,1.0,0.0,0.0,0.0,1.0,1.0,0.0,1.0,1.0,0.0,1.0,0.0,1.0,0.0,0.0,0.0,0.0,0.0,0.0,0.0,0.0,0.0,0.0,0.0,0.0,1.0,0.0,0.0,1.0,0.0,0.0,0.8,0.96,0.76,1.0,0.72,0.96,0.96,0.6799999999999999,1.0,0.6799999999999999,0.92,0.96,0.64,0.92,0.64,0.76,0.96,0.6,0.76,0.6,0.72,0.76,0.6,0.72,0.56,0.6799999999999999,0.72,0.56,0.6799999999999999,0.56,0.64,0.6799999999999999,0.52,0.64,0.52,0.6,0.8,0.96,0.76,1.0,0.72,0.96,0.96,0.6799999999999999,1.0,0.6799999999999999,0.92,0.96,0.64,0.92,0.64,0.76,0.96,0.6,0.76,0.6,0.72,0.76,0.6,0.72,0.56,0.6799999999999999,0.72,0.56,0.6799999999999999,0.56,0.64,0.6799999999999999,0.52,0.64,0.52,0.6
481,0.0,0.0,0.0,0.0,0.0,0.0,0.0,0.0,1.0,1.0,0.0,0.0,0.0,0.0,0.0,1.0,0.0,0.0,0.0,0.0,1.0,0.0,0.0,0.0,0.0,1.0,0.0,0.0,1.0,0.0,0.0,0.0,0.0,0.0,1.0,1.0,1.0,1.0,0.0,0.0,0.0,0.0,0.0,0.0,1.0,0.0,0.0,1.0,0.0,0.0,1.0,0.0,0.0,1.0,1.0,0.0,0.0,1.0,0.0,0.0,0.0,0.0,1.0,0.0,0.0,0.0,0.0,0.0,0.0,1.0,1.0,0.0,0.0,1.0,0.0,1.0,1.0,0.0,0.0,0.0,0.0,0.0,0.0,0.0,1.0,0.0,0.0,0.0,0.0,0.0,0.0,1.0,0.0,0.0,0.0,0.0,0.0,1.0,0.0,0.0,0.0,1.0,0.0,0.0,0.8,0.88,0.92,0.92,0.84,1.0,0.8,0.92,0.84,0.8,1.0,0.72,0.88,0.76,0.72,0.96,0.6799999999999999,0.76,0.72,0.6799999999999999,0.76,0.64,0.72,0.6799999999999999,0.64,0.6799999999999999,0.6,0.6799999999999999,0.64,0.6,0.64,0.56,0.64,0.6,0.56,0.6,0.8,0.88,0.92,0.92,0.84,1.0,0.8,0.92,0.84,0.8,1.0,0.72,0.88,0.76,0.72,0.96,0.6799999999999999,0.76,0.72,0.6799999999999999,0.76,0.64,0.72,0.6799999999999999,0.64,0.6799999999999999,0.6,0.6799999999999999,0.64,0.6,0.64,0.56,0.64,0.6,0.56,0.6
482,0.0,0.0,0.0,0.0,0.0,1.0,0.0,0.0,1.0,0.0,0.0,0.0,1.0,0.0,1.0,0.0,0.0,0.0,0.0,0.0,0.0,0.0,1.0,0.0,1.0,1.0,1.0,0.0,1.0,1.0,0.0,0.0,1.0,0.0,0.0,0.0,0.0,1.0,0.0,0.0,0.0,0.0,0.0,0.0,0.0,0.0,0.0,0.0,0.0,1.0,0.0,0.0,0.0,0.0,0.0,0.0,0.0,0.0,1.0,1.0,0.0,1.0,0.0,0.0,0.0,0.0,0.0,0.0,0.0,0.0,0.0,0.0,0.0,1.0,0.0,1.0,0.0,0.0,0.0,0.0,0.0,0.0,0.0,1.0,0.0,0.0,0.0,1.0,0.0,0.0,0.0,0.0,1.0,1.0,0.0,0.0,1.0,0.0,0.0,1.0,0.0,0.0,1.0,1.0,0.56,0.64,0.64,0.6799999999999999,0.72,0.72,0.6,0.64,0.6799999999999999,0.72,0.72,0.6,0.6,0.64,0.72,1.0,0.52,0.56,0.64,0.84,1.0,0.52,0.56,0.56,0.76,0.76,0.48,0.48,0.52,0.64,0.52,0.48,0.48,0.48,0.52,0.52,0.56,0.64,0.64,0.6799999999999999,0.72,0.72,0.6,0.64,0.6799999999999999,0.72,0.72,0.6,0.6,0.64,0.72,1.0,0.52,0.56,0.64,0.84,1.0,0.52,0.56,0.56,0.76,0.76,0.48,0.48,0.52,0.64,0.52,0.48,0.48,0.48,0.52,0.52
483,0.0,0.0,0.0,1.0,1.0,1.0,0.0,0.0,0.0,0.0,0.0,0.0,1.0,0.0,1.0,0.0,0.0,1.0,1.0,1.0,0.0,0.0,0.0,0.0,0.0,1.0,0.0,0.0,0.0,0.0,0.0,0.0,0.0,0.0,0.0,0.0,0.0,1.0,1.0,0.0,0.0,0.0,0.0,0.0,0.0,0.0,1.0,0.0,0.0,1.0,0.0,0.0,1.0,0.0,1.0,0.0,0.0,0.0,0.0,1.0,0.0,0.0,1.0,0.0,0.0,0.0,0.0,1.0,0.0,0.0,0.0,0.0,0.0,1.0,0.0,0.0,1.0,0.0,0.0,0.0,0.0,1.0,0.0,0.0,0.0,0.0,1.0,0.0,1.0,0.0,0.0,0.0,0.0,1.0,0.0,1.0,0.0,0.0,0.0,0.0,1.0,0.0,0.0,0.0,0.8,0.92,0.92,0.8,0.76,1.0,0.92,0.92,0.72,0.72,1.0,0.76,0.84,0.6799999999999999,0.6799999999999999,0.96,0.72,0.76,0.64,0.64,0.76,0.6799999999999999,0.6799999999999999,0.6,0.6,0.6799999999999999,0.64,0.64,0.56,0.56,0.64,0.6,0.6,0.56,0.56,0.6,0.8,0.92,0.92,0.8,0.76,1.0,0.92,0.92,0.72,0.72,1.0,0.76,0.84,0.6799999999999999,0.6799999999999999,0.96,0.72,0.76,0.64,0.64,0.76,0.6799999999999999,0.6799999999999999,0.6,0.6,0.6799999999999999,0.64,0.64,0.56,0.56,0.64,0.6,0.6,0.56,0.56,0.6
484,0.0,0.0,0.0,0.0,0.0,0.0,0.0,1.0,0.0,1.0,0.0,0.0,0.0,0.0,0.0,1.0,0.0,0.0,0.0,1.0,1.0,0.0,1.0,1.0,0.0,0.0,0.0,1.0,1.0,0.0,0.0,0.0,0.0,0.0,0.0,0.0,0.0,1.0,0.0,0.0,1.0,0.0,0.0,0.0,0.0,0.0,1.0,0.0,1.0,0.0,0.0,0.0,0.0,0.0,0.0,1.0,1.0,0.0,0.0,0.0,0.0,0.0,0.0,1.0,0.0,0.0,0.0,0.0,0.0,0.0,0.0,0.0,0.0,0.0,0.0,0.0,1.0,1.0,0.0,0.0,0.0,0.0,0.0,1.0,0.0,0.0,1.0,1.0,0.0,0.0,0.0,1.0,0.0,0.0,0.0,1.0,1.0,0.0,0.0,1.0,0.0,1.0,0.0,0.0,0.92,0.76,0.96,0.8,1.0,0.84,0.72,0.84,0.76,0.88,0.8,0.6799999999999999,0.8,0.72,0.8,0.76,0.64,0.76,0.6799999999999999,0.76,0.72,0.6,0.72,0.64,0.72,0.6799999999999999,0.56,0.6799999999999999,0.6,0.6799999999999999,0.64,0.52,0.64,0.56,0.64,0.6,0.92,0.76,0.96,0.8,1.0,0.84,0.72,0.84,0.76,0.88,0.8,0.6799999999999999,0.8,0.72,0.8,0.76,0.64,0.76,0.6799999999999999,0.76,0.72,0.6,0.72,0.64,0.72,0.6799999999999999,0.56,0.6799999999999999,0.6,0.6799999999999999,0.64,0.52,0.64,0.56,0.64,0.6
485,0.0,0.0,0.0,1.0,1.0,1.0,0.0,0.0,0.0,0.0,0.0,0.0,0.0,0.0,0.0,1.0,0.0,0.0,0.0,0.0,1.0,1.0,0.0,0.0,1.0,0.0,0.0,0.0,0.0,1.0,0.0,1.0,0.0,0.0,1.0,0.0,0.0,1.0,0.0,0.0,0.0,0.0,0.0,0.0,0.0,1.0,0.0,1.0,0.0,0.0,0.0,0.0,1.0,1.0,0.0,0.0,0.0,0.0,0.0,1.0,0.0,1.0,1.0,0.0,0.0,0.0,1.0,0.0,0.0,0.0,0.0,1.0,0.0,0.0,0.0,1.0,0.0,1.0,0.0,0.0,0.0,0.0,1.0,0.0,0.0,0.0,0.0,0.0,0.0,0.0,0.0,1.0,1.0,0.0,0.0,0.0,1.0,0.0,0.0,0.0,0.0,0.0,0.0,0.0,0.92,1.0,1.0,0.72,0.72,0.76,0.84,0.84,0.6799999999999999,0.6799999999999999,0.72,0.8,0.8,0.64,0.64,0.6799999999999999,0.76,0.76,0.6,0.6,0.64,0.72,0.72,0.56,0.56,0.6,0.6799999999999999,0.6799999999999999,0.52,0.52,0.56,0.64,0.64,0.52,0.52,0.56,0.92,1.0,1.0,0.72,0.72,0.76,0.84,0.84,0.6799999999999999,0.6799999999999999,0.72,0.8,0.8,0.64,0.64,0.6799999999999999,0.76,0.76,0.6,0.6,0.64,0.72,0.72,0.56,0.56,0.6,0.6799999999999999,0.6799999999999999,0.52,0.52,0.56,0.64,0.64,0.52,0.52,0.56
486,0.0,0.0,0.0,0.0,0.0,0.0,0.0,0.0,0.0,0.0,1.0,0.0,0.0,1.0,0.0,0.0,0.0,0.0,0.0,1.0,0.0,0.0,1.0,1.0,1.0,0.0,0.0,1.0,0.0,1.0,0.0,1.0,0.0,1.0,0.0,0.0,1.0,0.0,0.0,0.0,1.0,0.0,1.0,0.0,0.0,0.0,0.0,0.0,0.0,0.0,0.0,0.0,0.0,0.0,0.0,0.0,0.0,1.0,1.0,1.0,1.0,1.0,0.0,0.0,0.0,0.0,0.0,1.0,0.0,1.0,1.0,0.0,0.0,0.0,0.0,0.0,0.0,1.0,0.0,0.0,0.0,0.0,1.0,0.0,0.0,0.0,0.0,0.0,0.0,0.0,0.0,1.0,0.0,0.0,0.0,0.0,1.0,0.0,0.0,0.0,0.0,1.0,0.0,0.0,0.84,0.76,1.0,0.76,0.6799999999999999,0.76,0.72,1.0,0.72,0.64,0.72,0.6799999999999999,0.88,0.6799999999999999,0.6,0.6799999999999999,0.64,0.76,0.64,0.56,0.64,0.6,0.72,0.6,0.52,0.6,0.56,0.6799999999999999,0.56,0.52,0.56,0.56,0.64,0.52,0.48,0.52,0.84,0.76,1.0,0.76,0.6799999999999999,0.76,0.72,1.0,0.72,0.64,0.72,0.6799999999999999,0.88,0.6799999999999999,0.6,0.6799999999999999,0.64,0.76,0.64,0.56,0.64,0.6,0.72,0.6,0.52,0.6,0.56,0.6799999999999999,0.56,0.52,0.56,0.56,0.64,0.52,0.48,0.52
487,0.0,0.0,1.0,0.0,0.0,1.0,0.0,0.0,0.0,0.0,0.0,0.0,0.0,0.0,1.0,1.0,0.0,0.0,0.0,0.0,0.0,0.0,0.0,0.0,0.0,0.0,0.0,0.0,1.0,1.0,0.0,1.0,0.0,0.0,1.0,0.0,0.0,0.0,0.0,0.0,0.0,0.0,1.0,0.0,0.0,0.0,0.0,1.0,1.0,0.0,1.0,1.0,0.0,1.0,0.0,1.0,1.0,0.0,0.0,0.0,0.0,0.0,0.0,1.0,0.0,0.0,0.0,0.0,1.0,0.0,1.0,0.0,0.0,0.0,0.0,0.0,1.0,0.0,0.0,0.0,0.0,0.0,0.0,0.0,0.0,1.0,0.0,0.0,1.0,0.0,1.0,1.0,0.0,1.0,0.0,0.0,0.0,1.0,0.0,0.0,0.0,0.0,0.0,0.0,0.84,0.76,0.72,0.88,1.0,0.84,0.72,0.6799999999999999,0.88,0.88,0.84,0.6799999999999999,0.64,0.8,0.84,0.8,0.64,0.6,0.72,0.84,0.6799999999999999,0.6,0.56,0.6799999999999999,0.72,0.64,0.56,0.56,0.64,0.6799999999999999,0.6,0.52,0.52,0.6,0.64,0.56,0.84,0.76,0.72,0.88,1.0,0.84,0.72,0.6799999999999999,0.88,0.88,0.84,0.6799999999999999,0.64,0.8,0.84,0.8,0.64,0.6,0.72,0.84,0.6799999999999999,0.6,0.56,0.6799999999999999,0.72,0.64,0.56,0.56,0.64,0.6799999999999999,0.6,0.52,0.52,0.6,0.64,0.56
488,1.0,0.0,0.0,0.0,0.0,0.0,0.0,0.0,0.0,0.0,0.0,1.0,0.0,0.0,0.0,0.0,1.0,1.0,0.0,1.0,0.0,0.0,1.0,1.0,0.0,0.0,0.0,0.0,0.0,0.0,0.0,0.0,0.0,0.0,0.0,0.0,0.0,0.0,0.0,1.0,0.0,0.0,1.0,1.0,0.0,1.0,1.0,0.0,0.0,0.0,1.0,0.0,0.0,0.0,0.0,1.0,0.0,1.0,0.0,0.0,0.0,0.0,0.0,0.0,0.0,0.0,1.0,0.0,0.0,0.0,0.0,0.0,0.0,1.0,0.0,0.0,0.0,0.0,0.0,0.0,0.0,1.0,1.0,1.0,1.0,0.0,1.0,0.0,0.0,0.0,1.0,0.0,1.0,0.0,0.0,0.0,0.0,0.0,0.0,0.0,1.0,1.0,0.0,0.0,0.84,0.6,0.8,0.72,1.0,0.6799999999999999,0.56,0.76,0.6799999999999999,1.0,0.64,0.56,0.6799999999999999,0.64,0.84,0.6,0.52,0.64,0.6,0.76,0.56,0.52,0.6,0.56,0.72,0.56,0.48,0.56,0.56,0.6799999999999999,0.52,0.48,0.56,0.52,0.64,0.52,0.84,0.6,0.8,0.72,1.0,0.6799999999999999,0.56,0.76,0.6799999999999999,1.0,0.64,0.56,0.6799999999999999,0.64,0.84,0.6,0.52,0.64,0.6,0.76,0.56,0.52,0.6,0.56,0.72,0.56,0.48,0.56,0.56,0.6799999999999999,0.52,0.48,0.56,0.52,0.64,0.52
489,0.0,1.0,1.0,0.0,0.0,0.0,0.0,0.0,0.0,1.0,0.0,0.0,0.0,1.0,1.0,0.0,1.0,0.0,1.0,0.0,0.0,0.0,1.0,1.0,0.0,0.0,0.0,0.0,0.0,0.0,0.0,0.0,0.0,0.0,0.0,1.0,0.0,0.0,0.0,1.0,0.0,0.0,0.0,0.0,1.0,0.0,0.0,0.0,0.0,0.0,0.0,1.0,0.0,0.0,0.0,0.0,0.0,0.0,1.0,0.0,1.0,0.0,0.0,0.0,1.0,0.0,0.0,0.0,0.0,0.0,0.0,1.0,0.0,0.0,0.0,0.0,0.0,1.0,0.0,0.0,1.0,1.0,1.0,1.0,0.0,0.0,0.0,0.0,1.0,0.0,0.0,0.0,0.0,0.0,1.0,0.0,0.0,1.0,0.0,1.0,0.0,0.0,0.0,0.0,0.88,0.76,1.0,0.76,0.72,0.76,0.72,0.92,0.72,0.6799999999999999,0.72,0.6799999999999999,0.8,0.6799999999999999,0.64,0.6799999999999999,0.64,0.76,0.64,0.6,0.64,0.6,0.72,0.6,0.56,0.6,0.56,0.6799999999999999,0.56,0.56,0.56,0.52,0.64,0.52,0.52,0.52,0.88,0.76,1.0,0.76,0.72,0.76,0.72,0.92,0.72,0.6799999999999999,0.72,0.6799999999999999,0.8,0.6799999999999999,0.64,0.6799999999999999,0.64,0.76,0.64,0.6,0.64,0.6,0.72,0.6,0.56,0.6,0.56,0.6799999999999999,0.56,0.56,0.56,0.52,0.64,0.52,0.52,0.52
490,0.0,1.0,0.0,0.0,0.0,0.0,1.0,0.0,0.0,0.0,0.0,1.0,1.0,0.0,0.0,1.0,0.0,0.0,0.0,0.0,0.0,0.0,0.0,0.0,1.0,1.0,0.0,1.0,0.0,1.0,0.0,1.0,0.0,0.0,1.0,0.0,0.0,0.0,0.0,0.0,0.0,0.0,1.0,1.0,0.0,0.0,0.0,0.0,0.0,0.0,0.0,0.0,0.0,0.0,1.0,0.0,0.0,1.0,0.0,0.0,0.0,0.0,0.0,0.0,0.0,0.0,0.0,0.0,0.0,1.0,0.0,1.0,0.0,1.0,1.0,0.0,0.0,0.0,1.0,0.0,0.0,0.0,0.0,0.0,1.0,0.0,0.0,0.0,1.0,0.0,1.0,1.0,1.0,0.0,0.0,0.0,0.0,0.0,0.0,0.0,0.0,0.0,1.0,0.0,0.8,0.84,0.88,1.0,0.8,0.92,0.76,0.88,1.0,0.72,0.8,0.72,0.8,1.0,0.6799999999999999,0.8,0.6799999999999999,0.76,0.96,0.64,0.6799999999999999,0.64,0.6799999999999999,0.8,0.6,0.64,0.6,0.64,0.6799999999999999,0.56,0.6,0.56,0.6,0.64,0.52,0.56,0.8,0.84,0.88,1.0,0.8,0.92,0.76,0.88,1.0,0.72,0.8,0.72,0.8,1.0,0.6799999999999999,0.8,0.6799999999999999,0.76,0.96,0.64,0.6799999999999999,0.64,0.6799999999999999,0.8,0.6,0.64,0.6,0.64,0.6799999999999999,0.56,0.6,0.56,0.6,0.64,0.52,0.56
491,0.0,0.0,0.0,0.0,1.0,1.0,0.0,0.0,0.0,0.0,0.0,0.0,0.0,0.0,0.0,0.0,0.0,1.0,0.0,0.0,0.0,0.0,0.0,0.0,0.0,1.0,0.0,0.0,1.0,0.0,0.0,0.0,1.0,0.0,0.0,0.0,0.0,0.0,1.0,0.0,1.0,0.0,1.0,0.0,0.0,1.0,0.0,1.0,0.0,1.0,0.0,1.0,0.0,0.0,0.0,1.0,0.0,0.0,0.0,0.0,0.0,0.0,0.0,1.0,0.0,1.0,0.0,0.0,0.0,0.0,0.0,1.0,1.0,1.0,0.0,1.0,0.0,0.0,0.0,1.0,0.0,0.0,1.0,0.0,0.0,0.0,0.0,0.0,0.0,1.0,0.0,1.0,0.0,1.0,0.0,0.0,0.0,0.0,1.0,0.0,0.0,0.0,0.0,0.0,0.8,0.6799999999999999,0.88,0.76,1.0,0.84,0.64,0.88,0.72,1.0,0.8,0.6,0.8,0.64,1.0,0.76,0.6,0.76,0.6,0.96,0.76,0.56,0.76,0.6,0.8,0.64,0.52,0.64,0.56,0.6799999999999999,0.6,0.52,0.6,0.52,0.64,0.56,0.8,0.6799999999999999,0.88,0.76,1.0,0.84,0.64,0.88,0.72,1.0,0.8,0.6,0.8,0.64,1.0,0.76,0.6,0.76,0.6,0.96,0.76,0.56,0.76,0.6,0.8,0.64,0.52,0.64,0.56,0.6799999999999999,0.6,0.52,0.6,0.52,0.64,0.56
492,0.0,0.0,0.0,0.0,0.0,0.0,1.0,0.0,0.0,0.0,0.0,0.0,0.0,0.0,1.0,0.0,0.0,0.0,0.0,0.0,0.0,0.0,0.0,0.0,0.0,0.0,1.0,0.0,1.0,0.0,0.0,1.0,1.0,0.0,1.0,0.0,0.0,1.0,0.0,0.0,0.0,0.0,1.0,0.0,0.0,1.0,1.0,1.0,0.0,0.0,0.0,1.0,0.0,1.0,0.0,1.0,1.0,0.0,0.0,0.0,0.0,0.0,0.0,0.0,1.0,0.0,0.0,0.0,0.0,1.0,0.0,1.0,1.0,0.0,0.0,0.0,1.0,0.0,0.0,1.0,0.0,0.0,0.0,0.0,0.0,1.0,0.0,1.0,0.0,0.0,0.0,1.0,0.0,0.0,0.0,0.0,0.0,0.0,0.0,0.0,0.0,1.0,0.0,0.0,0.72,0.6,0.6,0.88,0.84,0.76,0.56,0.56,0.88,0.76,0.64,0.52,0.52,0.88,0.72,0.6,0.52,0.52,1.0,0.72,0.6,0.48,0.48,0.6799999999999999,0.6,0.56,0.48,0.48,0.64,0.56,0.52,0.48,0.48,0.6,0.56,0.52,0.72,0.6,0.6,0.88,0.84,0.76,0.56,0.56,0.88,0.76,0.64,0.52,0.52,0.88,0.72,0.6,0.52,0.52,1.0,0.72,0.6,0.48,0.48,0.6799999999999999,0.6,0.56,0.48,0.48,0.64,0.56,0.52,0.48,0.48,0.6,0.56,0.52
493,0.0,1.0,1.0,0.0,0.0,0.0,0.0,1.0,0.0,0.0,0.0,1.0,1.0,0.0,0.0,0.0,0.0,0.0,0.0,0.0,0.0,1.0,1.0,0.0,0.0,0.0,0.0,0.0,0.0,0.0,0.0,1.0,0.0,0.0,0.0,0.0,1.0,0.0,0.0,0.0,0.0,0.0,0.0,0.0,1.0,1.0,0.0,1.0,0.0,0.0,0.0,1.0,0.0,0.0,0.0,1.0,0.0,0.0,1.0,0.0,1.0,1.0,1.0,0.0,0.0,0.0,0.0,1.0,0.0,0.0,1.0,0.0,1.0,0.0,0.0,0.0,0.0,0.0,0.0,0.0,0.0,0.0,1.0,0.0,1.0,0.0,0.0,0.0,0.0,0.0,1.0,0.0,0.0,0.0,0.0,1.0,0.0,0.0,0.0,0.0,1.0,0.0,0.0,0.0,0.84,1.0,0.6799999999999999,0.6799999999999999,0.76,0.92,1.0,0.64,0.64,0.72,0.8,1.0,0.6,0.6,0.6799999999999999,0.76,0.8,0.6,0.6,0.64,0.6799999999999999,0.76,0.56,0.56,0.6,0.64,0.72,0.52,0.52,0.56,0.6,0.6799999999999999,0.52,0.52,0.56,0.6,0.84,1.0,0.6799999999999999,0.6799999999999999,0.76,0.92,1.0,0.64,0.64,0.72,0.8,1.0,0.6,0.6,0.6799999999999999,0.76,0.8,0.6,0.6,0.64,0.6799999999999999,0.76,0.56,0.56,0.6,0.64,0.72,0.52,0.52,0.56,0.6,0.6799999999999999,0.52,0.52,0.56,0.6
494,0.0,0.0,0.0,0.0,1.0,0.0,0.0,0.0,1.0,1.0,1.0,0.0,1.0,1.0,0.0,0.0,1.0,0.0,1.0,1.0,0.0,0.0,0.0,0.0,1.0,0.0,0.0,0.0,0.0,0.0,1.0,0.0,0.0,0.0,0.0,0.0,0.0,0.0,1.0,0.0,0.0,0.0,1.0,0.0,0.0,0.0,0.0,0.0,0.0,0.0,0.0,0.0,1.0,0.0,0.0,0.0,0.0,1.0,0.0,0.0,0.0,0.0,0.0,1.0,0.0,0.0,0.0,1.0,0.0,0.0,0.0,0.0,0.0,1.0,0.0,0.0,0.0,1.0,0.0,0.0,0.0,0.0,0.0,1.0,0.0,1.0,0.0,0.0,1.0,0.0,0.0,1.0,0.0,1.0,0.0,0.0,1.0,0.0,0.0,0.0,1.0,0.0,0.0,0.0,0.76,0.88,0.88,0.64,0.6799999999999999,0.88,0.88,0.88,0.6,0.64,0.88,0.88,0.88,0.6,0.6,0.76,0.88,0.88,0.56,0.56,0.76,0.76,1.0,0.52,0.56,0.64,0.6799999999999999,0.6799999999999999,0.52,0.52,0.6,0.64,0.64,0.48,0.52,0.56,0.76,0.88,0.88,0.64,0.6799999999999999,0.88,0.88,0.88,0.6,0.64,0.88,0.88,0.88,0.6,0.6,0.76,0.88,0.88,0.56,0.56,0.76,0.76,1.0,0.52,0.56,0.64,0.6799999999999999,0.6799999999999999,0.52,0.52,0.6,0.64,0.64,0.48,0.52,0.56
495,0.0,1.0,0.0,1.0,0.0,0.0,1.0,1.0,0.0,0.0,0.0,0.0,0.0,0.0,0.0,0.0,1.0,1.0,0.0,0.0,0.0,0.0,0.0,0.0,0.0,0.0,1.0,0.0,0.0,0.0,1.0,0.0,0.0,0.0,0.0,0.0,0.0,0.0,1.0,1.0,0.0,0.0,0.0,0.0,1.0,0.0,1.0,0.0,0.0,0.0,0.0,1.0,1.0,0.0,1.0,0.0,1.0,1.0,0.0,0.0,0.0,0.0,1.0,1.0,0.0,1.0,0.0,0.0,0.0,0.0,0.0,0.0,0.0,0.0,0.0,0.0,0.0,0.0,0.0,0.0,1.0,1.0,0.0,0.0,0.0,1.0,1.0,0.0,0.0,1.0,0.0,0.0,0.0,0.0,0.0,0.0,0.0,0.0,0.0,0.0,0.0,0.0,1.0,0.0,0.8,0.96,0.64,1.0,0.6799999999999999,0.72,0.96,0.6,1.0,0.64,0.6799999999999999,0.96,0.56,1.0,0.6,0.64,0.96,0.56,0.84,0.56,0.6,0.76,0.52,0.72,0.52,0.56,0.72,0.52,0.6799999999999999,0.52,0.52,0.6799999999999999,0.48,0.64,0.48,0.52,0.8,0.96,0.64,1.0,0.6799999999999999,0.72,0.96,0.6,1.0,0.64,0.6799999999999999,0.96,0.56,1.0,0.6,0.64,0.96,0.56,0.84,0.56,0.6,0.76,0.52,0.72,0.52,0.56,0.72,0.52,0.6799999999999999,0.52,0.52,0.6799999999999999,0.48,0.64,0.48,0.52
496,0.0,0.0,1.0,0.0,0.0,0.0,1.0,0.0,0.0,0.0,0.0,0.0,1.0,1.0,0.0,1.0,0.0,0.0,1.0,0.0,0.0,0.0,0.0,0.0,0.0,0.0,0.0,1.0,0.0,0.0,0.0,1.0,0.0,0.0,0.0,0.0,1.0,1.0,0.0,1.0,1.0,0.0,0.0,0.0,0.0,0.0,0.0,0.0,0.0,0.0,1.0,0.0,0.0,0.0,0.0,1.0,0.0,0.0,0.0,0.0,1.0,0.0,0.0,1.0,0.0,0.0,1.0,0.0,0.0,1.0,0.0,0.0,0.0,1.0,0.0,0.0,0.0,1.0,0.0,0.0,1.0,0.0,1.0,0.0,1.0,0.0,0.0,0.0,0.0,0.0,0.0,0.0,0.0,0.0,1.0,1.0,0.0,0.0,0.0,0.0,0.0,0.0,0.0,1.0,0.84,0.88,0.96,0.96,0.84,1.0,0.8,0.92,0.88,0.76,0.88,0.76,0.84,0.76,0.72,0.76,0.6799999999999999,0.76,0.72,0.6799999999999999,0.72,0.64,0.72,0.6799999999999999,0.64,0.6799999999999999,0.6,0.6799999999999999,0.64,0.6,0.64,0.6,0.64,0.6,0.56,0.6,0.84,0.88,0.96,0.96,0.84,1.0,0.8,0.92,0.88,0.76,0.88,0.76,0.84,0.76,0.72,0.76,0.6799999999999999,0.76,0.72,0.6799999999999999,0.72,0.64,0.72,0.6799999999999999,0.64,0.6799999999999999,0.6,0.6799999999999999,0.64,0.6,0.64,0.6,0.64,0.6,0.56,0.6
497,0.0,1.0,0.0,0.0,0.0,0.0,1.0,0.0,0.0,0.0,0.0,0.0,1.0,0.0,0.0,1.0,1.0,0.0,1.0,0.0,1.0,1.0,0.0,0.0,0.0,0.0,0.0,0.0,0.0,0.0,0.0,0.0,1.0,1.0,1.0,0.0,0.0,0.0,0.0,0.0,0.0,0.0,0.0,1.0,1.0,0.0,0.0,0.0,0.0,0.0,0.0,0.0,1.0,0.0,0.0,0.0,0.0,1.0,0.0,0.0,1.0,0.0,0.0,0.0,0.0,0.0,0.0,0.0,0.0,1.0,0.0,1.0,0.0,0.0,0.0,0.0,0.0,0.0,0.0,1.0,0.0,1.0,0.0,0.0,0.0,0.0,0.0,0.0,0.0,1.0,0.0,1.0,0.0,0.0,0.0,0.0,0.0,1.0,0.0,1.0,0.0,1.0,1.0,0.0,1.0,0.72,0.8,0.76,0.84,0.76,0.6799999999999999,0.76,0.6799999999999999,0.8,0.6799999999999999,0.64,0.6799999999999999,0.64,0.76,0.64,0.6,0.64,0.6,0.72,0.6,0.56,0.6,0.6,0.6799999999999999,0.6,0.56,0.6,0.56,0.64,0.56,0.52,0.56,0.52,0.6,0.52,1.0,0.72,0.8,0.76,0.84,0.76,0.6799999999999999,0.76,0.6799999999999999,0.8,0.6799999999999999,0.64,0.6799999999999999,0.64,0.76,0.64,0.6,0.64,0.6,0.72,0.6,0.56,0.6,0.6,0.6799999999999999,0.6,0.56,0.6,0.56,0.64,0.56,0.52,0.56,0.52,0.6,0.52
498,0.0,1.0,1.0,0.0,0.0,0.0,0.0,0.0,0.0,1.0,1.0,0.0,0.0,0.0,0.0,1.0,0.0,0.0,0.0,0.0,1.0,0.0,0.0,0.0,0.0,1.0,0.0,0.0,0.0,0.0,0.0,1.0,0.0,0.0,1.0,0.0,0.0,0.0,0.0,0.0,0.0,1.0,1.0,0.0,0.0,1.0,0.0,0.0,0.0,0.0,0.0,1.0,0.0,0.0,0.0,0.0,0.0,1.0,1.0,0.0,0.0,0.0,0.0,0.0,1.0,1.0,1.0,0.0,1.0,0.0,0.0,0.0,0.0,0.0,1.0,1.0,0.0,0.0,0.0,0.0,0.0,0.0,0.0,0.0,0.0,0.0,0.0,0.0,0.0,0.0,1.0,0.0,1.0,0.0,0.0,0.0,1.0,0.0,0.0,1.0,0.0,0.0,1.0,0.0,0.56,0.6799999999999999,0.6799999999999999,0.52,0.72,0.64,0.6799999999999999,0.6799999999999999,0.52,0.72,0.56,0.6799999999999999,0.6799999999999999,0.48,0.72,0.52,0.6799999999999999,0.6799999999999999,0.48,1.0,0.52,0.6,0.6,0.48,0.6799999999999999,0.48,0.52,0.52,0.43999999999999995,0.52,0.48,0.52,0.52,0.43999999999999995,0.52,0.48,0.56,0.6799999999999999,0.6799999999999999,0.52,0.72,0.64,0.6799999999999999,0.6799999999999999,0.52,0.72,0.56,0.6799999999999999,0.6799999999999999,0.48,0.72,0.52,0.6799999999999999,0.6799999999999999,0.48,1.0,0.52,0.6,0.6,0.48,0.6799999999999999,0.48,0.52,0.52,0.43999999999999995,0.52,0.48,0.52,0.52,0.43999999999999995,0.52,0.48
499,1.0,0.0,0.0,0.0,0.0,0.0,0.0,0.0,0.0,1.0,0.0,0.0,0.0,0.0,0.0,0.0,1.0,1.0,0.0,0.0,1.0,0.0,0.0,0.0,0.0,0.0,0.0,0.0,0.0,1.0,0.0,0.0,0.0,0.0,1.0,1.0,0.0,1.0,0.0,0.0,1.0,1.0,1.0,0.0,0.0,0.0,0.0,0.0,0.0,0.0,0.0,1.0,0.0,0.0,0.0,1.0,1.0,1.0,0.0,0.0,0.0,0.0,0.0,0.0,1.0,1.0,0.0,1.0,0.0,0.0,0.0,0.0,0.0,1.0,0.0,0.0,1.0,1.0,0.0,0.0,0.0,0.0,0.0,0.0,0.0,0.0,0.0,0.0,1.0,0.0,0.0,0.0,0.0,0.0,0.0,0.0,0.0,1.0,1.0,1.0,0.0,0.0,0.0,0.0,0.84,0.76,1.0,0.84,0.96,0.92,0.72,0.92,0.76,0.88,0.84,0.6799999999999999,0.84,0.72,0.76,0.76,0.64,0.8,0.6799999999999999,0.72,0.72,0.6,0.72,0.64,0.6799999999999999,0.6799999999999999,0.56,0.6799999999999999,0.6,0.64,0.64,0.56,0.64,0.56,0.6,0.6,0.84,0.76,1.0,0.84,0.96,0.92,0.72,0.92,0.76,0.88,0.84,0.6799999999999999,0.84,0.72,0.76,0.76,0.64,0.8,0.6799999999999999,0.72,0.72,0.6,0.72,0.64,0.6799999999999999,0.6799999999999999,0.56,0.6799999999999999,0.6,0.64,0.64,0.56,0.64,0.56,0.6,0.6
500,0.0,0.0,0.0,0.0,0.0,1.0,0.0,0.0,0.0,1.0,0.0,0.0,1.0,0.0,0.0,0.0,0.0,0.0,0.0,1.0,0.0,0.0,0.0,0.0,0.0,0.0,1.0,0.0,0.0,1.0,0.0,0.0,1.0,0.0,0.0,1.0,1.0,0.0,0.0,0.0,0.0,0.0,0.0,0.0,1.0,0.0,0.0,0.0,0.0,1.0,1.0,1.0,1.0,1.0,0.0,0.0,0.0,0.0,0.0,0.0,0.0,0.0,0.0,0.0,0.0,0.0,0.0,0.0,0.0,0.0,0.0,0.0,0.0,1.0,1.0,0.0,1.0,1.0,0.0,0.0,0.0,0.0,1.0,0.0,0.0,0.0,0.0,0.0,0.0,0.0,1.0,1.0,1.0,1.0,0.0,0.0,0.0,0.0,0.0,1.0,1.0,0.0,0.0,0.0,0.4,0.4,0.43999999999999995,0.43999999999999995,0.43999999999999995,0.43999999999999995,0.4,0.43999999999999995,0.43999999999999995,0.43999999999999995,0.43999999999999995,0.4,0.4,0.43999999999999995,0.43999999999999995,0.52,0.4,0.4,0.52,0.52,0.52,0.4,0.4,0.48,0.52,0.52,0.36,0.36,0.48,1.0,0.48,0.36,0.36,0.4,0.84,0.4,0.4,0.4,0.43999999999999995,0.43999999999999995,0.43999999999999995,0.43999999999999995,0.4,0.43999999999999995,0.43999999999999995,0.43999999999999995,0.43999999999999995,0.4,0.4,0.43999999999999995,0.43999999999999995,0.52,0.4,0.4,0.52,0.52,0.52,0.4,0.4,0.48,0.52,0.52,0.36,0.36,0.48,1.0,0.48,0.36,0.36,0.4,0.84,0.4
501,0.0,1.0,0.0,0.0,1.0,1.0,0.0,1.0,0.0,0.0,0.0,1.0,0.0,0.0,0.0,0.0,0.0,0.0,0.0,0.0,0.0,0.0,0.0,1.0,0.0,1.0,0.0,0.0,0.0,0.0,0.0,1.0,1.0,0.0,0.0,0.0,0.0,0.0,1.0,1.0,0.0,0.0,1.0,0.0,1.0,0.0,0.0,0.0,0.0,0.0,0.0,0.0,0.0,0.0,0.0,1.0,0.0,0.0,0.0,0.0,0.0,1.0,1.0,0.0,0.0,1.0,0.0,0.0,1.0,1.0,0.0,0.0,0.0,1.0,1.0,0.0,0.0,0.0,1.0,0.0,1.0,0.0,0.0,0.0,0.0,0.0,0.0,1.0,0.0,0.0,0.0,0.0,0.0,0.0,0.0,0.0,0.0,0.0,0.0,0.0,1.0,1.0,0.0,0.0,0.92,1.0,0.88,0.76,0.76,0.8,0.84,0.8,0.72,0.6799999999999999,0.76,0.8,0.76,0.6799999999999999,0.64,0.6799999999999999,0.76,0.72,0.64,0.6,0.64,0.72,0.6799999999999999,0.6,0.6,0.6,0.6799999999999999,0.64,0.56,0.56,0.6,0.64,0.6,0.56,0.52,0.56,0.92,1.0,0.88,0.76,0.76,0.8,0.84,0.8,0.72,0.6799999999999999,0.76,0.8,0.76,0.6799999999999999,0.64,0.6799999999999999,0.76,0.72,0.64,0.6,0.64,0.72,0.6799999999999999,0.6,0.6,0.6,0.6799999999999999,0.64,0.56,0.56,0.6,0.64,0.6,0.56,0.52,0.56
502,0.0,1.0,0.0,0.0,0.0,1.0,0.0,0.0,0.0,0.0,0.0,1.0,1.0,0.0,0.0,0.0,0.0,0.0,0.0,0.0,0.0,1.0,1.0,0.0,0.0,0.0,1.0,0.0,0.0,0.0,1.0,1.0,0.0,0.0,0.0,0.0,0.0,1.0,0.0,1.0,0.0,0.0,0.0,0.0,0.0,0.0,1.0,0.0,0.0,0.0,1.0,0.0,1.0,0.0,0.0,0.0,1.0,0.0,1.0,1.0,0.0,1.0,0.0,0.0,0.0,0.0,0.0,0.0,1.0,1.0,0.0,0.0,0.0,0.0,0.0,0.0,1.0,0.0,0.0,0.0,1.0,0.0,0.0,0.0,0.0,0.0,1.0,0.0,1.0,0.0,0.0,0.0,0.0,1.0,1.0,0.0,0.0,0.0,0.0,0.0,0.0,0.0,0.0,0.0,0.88,1.0,0.6799999999999999,0.84,0.72,0.76,0.92,0.64,0.8,0.6799999999999999,0.72,0.84,0.6,0.72,0.64,0.6799999999999999,0.8,0.6,0.6799999999999999,0.6,0.64,0.72,0.56,0.64,0.56,0.6,0.6799999999999999,0.52,0.6,0.52,0.56,0.64,0.52,0.56,0.52,0.52,0.88,1.0,0.6799999999999999,0.84,0.72,0.76,0.92,0.64,0.8,0.6799999999999999,0.72,0.84,0.6,0.72,0.64,0.6799999999999999,0.8,0.6,0.6799999999999999,0.6,0.64,0.72,0.56,0.64,0.56,0.6,0.6799999999999999,0.52,0.6,0.52,0.56,0.64,0.52,0.56,0.52,0.52
503,0.0,0.0,1.0,0.0,0.0,0.0,0.0,1.0,0.0,0.0,0.0,0.0,0.0,0.0,0.0,0.0,0.0,1.0,0.0,0.0,1.0,0.0,1.0,0.0,1.0,1.0,0.0,1.0,0.0,0.0,0.0,0.0,0.0,1.0,0.0,0.0,1.0,0.0,1.0,0.0,0.0,0.0,0.0,0.0,1.0,0.0,0.0,1.0,0.0,0.0,0.0,0.0,1.0,0.0,0.0,0.0,0.0,0.0,1.0,0.0,0.0,1.0,0.0,0.0,0.0,0.0,0.0,0.0,1.0,0.0,1.0,0.0,0.0,0.0,0.0,0.0,0.0,0.0,0.0,0.0,0.0,0.0,0.0,1.0,0.0,0.0,1.0,1.0,0.0,1.0,0.0,0.0,0.0,1.0,0.0,1.0,0.0,1.0,0.0,0.0,0.0,0.0,1.0,0.0,0.8,0.6799999999999999,0.92,1.0,0.76,0.76,0.64,0.92,1.0,0.6799999999999999,0.6799999999999999,0.6,0.8,1.0,0.64,0.64,0.56,0.72,0.84,0.6,0.6,0.56,0.6799999999999999,0.72,0.6,0.6,0.52,0.64,0.6799999999999999,0.56,0.56,0.52,0.6,0.64,0.52,0.52,0.8,0.6799999999999999,0.92,1.0,0.76,0.76,0.64,0.92,1.0,0.6799999999999999,0.6799999999999999,0.6,0.8,1.0,0.64,0.64,0.56,0.72,0.84,0.6,0.6,0.56,0.6799999999999999,0.72,0.6,0.6,0.52,0.64,0.6799999999999999,0.56,0.56,0.52,0.6,0.64,0.52,0.52
504,0.0,0.0,0.0,0.0,1.0,0.0,0.0,0.0,0.0,0.0,0.0,1.0,0.0,0.0,0.0,0.0,0.0,1.0,0.0,0.0,1.0,1.0,1.0,0.0,0.0,1.0,0.0,0.0,0.0,0.0,0.0,1.0,0.0,0.0,0.0,0.0,0.0,0.0,1.0,1.0,0.0,1.0,0.0,0.0,1.0,1.0,0.0,0.0,0.0,0.0,0.0,0.0,1.0,0.0,0.0,0.0,0.0,1.0,1.0,1.0,0.0,0.0,0.0,0.0,0.0,1.0,1.0,1.0,1.0,0.0,0.0,0.0,0.0,0.0,0.0,0.0,0.0,0.0,1.0,0.0,0.0,0.0,1.0,0.0,0.0,0.0,0.0,0.0,0.0,0.0,0.0,0.0,1.0,0.0,0.0,0.0,0.0,0.0,0.0,0.0,1.0,1.0,0.0,0.0,0.88,0.72,1.0,0.6799999999999999,0.8,0.76,0.6799999999999999,0.88,0.64,0.76,0.6799999999999999,0.64,0.8,0.6,0.72,0.64,0.6,0.76,0.56,0.6799999999999999,0.6,0.56,0.72,0.56,0.64,0.6,0.56,0.6799999999999999,0.52,0.6,0.56,0.52,0.64,0.52,0.56,0.52,0.88,0.72,1.0,0.6799999999999999,0.8,0.76,0.6799999999999999,0.88,0.64,0.76,0.6799999999999999,0.64,0.8,0.6,0.72,0.64,0.6,0.76,0.56,0.6799999999999999,0.6,0.56,0.72,0.56,0.64,0.6,0.56,0.6799999999999999,0.52,0.6,0.56,0.52,0.64,0.52,0.56,0.52
505,0.0,0.0,0.0,0.0,0.0,1.0,0.0,0.0,1.0,0.0,0.0,0.0,1.0,0.0,0.0,1.0,0.0,0.0,0.0,0.0,1.0,0.0,1.0,0.0,1.0,1.0,0.0,0.0,0.0,1.0,0.0,1.0,0.0,0.0,0.0,0.0,0.0,0.0,1.0,0.0,0.0,1.0,0.0,0.0,1.0,0.0,0.0,0.0,0.0,0.0,0.0,0.0,0.0,0.0,0.0,1.0,1.0,0.0,0.0,0.0,0.0,1.0,0.0,1.0,0.0,0.0,0.0,0.0,0.0,1.0,1.0,0.0,0.0,0.0,0.0,0.0,0.0,0.0,0.0,0.0,0.0,0.0,1.0,0.0,0.0,0.0,1.0,1.0,0.0,0.0,0.0,0.0,1.0,0.0,0.0,0.0,0.0,1.0,0.0,1.0,0.0,0.0,1.0,0.0,0.56,0.6799999999999999,0.6799999999999999,0.6799999999999999,0.6799999999999999,0.72,0.6799999999999999,0.6799999999999999,0.64,0.6799999999999999,0.72,0.6799999999999999,0.6799999999999999,0.6,0.56,1.0,0.64,0.6799999999999999,0.52,0.52,0.88,0.56,0.56,0.52,0.52,0.56,0.52,0.52,0.48,0.48,0.52,0.52,0.52,0.48,0.48,0.52,0.56,0.6799999999999999,0.6799999999999999,0.6799999999999999,0.6799999999999999,0.72,0.6799999999999999,0.6799999999999999,0.64,0.6799999999999999,0.72,0.6799999999999999,0.6799999999999999,0.6,0.56,1.0,0.64,0.6799999999999999,0.52,0.52,0.88,0.56,0.56,0.52,0.52,0.56,0.52,0.52,0.48,0.48,0.52,0.52,0.52,0.48,0.48,0.52
506,0.0,0.0,0.0,0.0,0.0,0.0,0.0,1.0,1.0,0.0,0.0,1.0,0.0,0.0,0.0,1.0,1.0,1.0,0.0,0.0,0.0,0.0,0.0,0.0,0.0,0.0,1.0,1.0,0.0,1.0,0.0,0.0,0.0,0.0,0.0,0.0,0.0,1.0,1.0,0.0,0.0,0.0,0.0,0.0,0.0,0.0,0.0,0.0,0.0,0.0,1.0,1.0,1.0,0.0,0.0,1.0,0.0,0.0,1.0,0.0,0.0,0.0,0.0,0.0,0.0,0.0,0.0,0.0,0.0,0.0,0.0,1.0,0.0,1.0,1.0,0.0,1.0,0.0,0.0,0.0,0.0,0.0,0.0,0.0,1.0,1.0,1.0,1.0,0.0,0.0,0.0,1.0,0.0,0.0,0.0,0.0,0.0,0.0,0.0,0.0,0.0,1.0,0.0,0.0,0.8,0.8,0.92,1.0,0.76,0.92,0.76,0.88,1.0,0.6799999999999999,0.88,0.6799999999999999,0.8,0.92,0.64,0.92,0.64,0.76,0.96,0.6,0.72,0.6,0.6799999999999999,0.72,0.56,0.6799999999999999,0.56,0.64,0.6799999999999999,0.56,0.64,0.56,0.6,0.64,0.52,0.6,0.8,0.8,0.92,1.0,0.76,0.92,0.76,0.88,1.0,0.6799999999999999,0.88,0.6799999999999999,0.8,0.92,0.64,0.92,0.64,0.76,0.96,0.6,0.72,0.6,0.6799999999999999,0.72,0.56,0.6799999999999999,0.56,0.64,0.6799999999999999,0.56,0.64,0.56,0.6,0.64,0.52,0.6
507,0.0,0.0,1.0,0.0,1.0,0.0,0.0,0.0,1.0,0.0,1.0,0.0,1.0,0.0,0.0,0.0,0.0,0.0,1.0,0.0,0.0,1.0,0.0,0.0,0.0,0.0,0.0,0.0,0.0,0.0,0.0,0.0,0.0,0.0,1.0,0.0,0.0,1.0,0.0,1.0,0.0,0.0,1.0,0.0,0.0,0.0,0.0,0.0,0.0,1.0,1.0,0.0,1.0,0.0,0.0,0.0,0.0,1.0,0.0,0.0,0.0,0.0,0.0,0.0,0.0,0.0,1.0,0.0,1.0,1.0,0.0,0.0,1.0,0.0,1.0,0.0,1.0,0.0,0.0,0.0,0.0,1.0,0.0,0.0,1.0,1.0,0.0,1.0,0.0,0.0,0.0,0.0,0.0,0.0,0.0,1.0,0.0,0.0,0.0,0.0,0.0,0.0,0.0,0.0,0.88,0.84,1.0,0.8,0.76,0.8,0.76,0.92,0.76,0.6799999999999999,0.76,0.72,0.84,0.72,0.64,0.72,0.6799999999999999,0.76,0.6799999999999999,0.6,0.6799999999999999,0.64,0.72,0.64,0.6,0.64,0.6,0.6799999999999999,0.6,0.56,0.6,0.56,0.64,0.56,0.52,0.56,0.88,0.84,1.0,0.8,0.76,0.8,0.76,0.92,0.76,0.6799999999999999,0.76,0.72,0.84,0.72,0.64,0.72,0.6799999999999999,0.76,0.6799999999999999,0.6,0.6799999999999999,0.64,0.72,0.64,0.6,0.64,0.6,0.6799999999999999,0.6,0.56,0.6,0.56,0.64,0.56,0.52,0.56
508,0.0,0.0,0.0,0.0,0.0,1.0,0.0,0.0,1.0,0.0,1.0,0.0,0.0,1.0,0.0,0.0,1.0,0.0,0.0,0.0,0.0,0.0,0.0,0.0,1.0,0.0,0.0,0.0,0.0,0.0,0.0,0.0,0.0,1.0,0.0,0.0,1.0,0.0,0.0,0.0,0.0,1.0,1.0,0.0,0.0,0.0,1.0,1.0,0.0,0.0,1.0,0.0,0.0,1.0,0.0,0.0,0.0,0.0,0.0,0.0,0.0,0.0,0.0,1.0,0.0,0.0,1.0,0.0,0.0,0.0,0.0,0.0,1.0,0.0,0.0,0.0,0.0,0.0,0.0,1.0,0.0,0.0,1.0,1.0,1.0,0.0,0.0,1.0,0.0,1.0,0.0,0.0,1.0,0.0,0.0,0.0,0.0,0.0,0.0,0.0,0.0,1.0,0.0,1.0,0.8,0.72,0.72,1.0,0.96,0.84,0.6799999999999999,0.6799999999999999,1.0,0.96,0.76,0.64,0.64,0.92,0.84,0.6799999999999999,0.6,0.6,0.96,0.8,0.64,0.56,0.56,0.72,0.6799999999999999,0.6,0.52,0.56,0.6799999999999999,0.64,0.6,0.52,0.52,0.64,0.6,0.56,0.8,0.72,0.72,1.0,0.96,0.84,0.6799999999999999,0.6799999999999999,1.0,0.96,0.76,0.64,0.64,0.92,0.84,0.6799999999999999,0.6,0.6,0.96,0.8,0.64,0.56,0.56,0.72,0.6799999999999999,0.6,0.52,0.56,0.6799999999999999,0.64,0.6,0.52,0.52,0.64,0.6,0.56
509,0.0,0.0,0.0,1.0,0.0,1.0,0.0,1.0,0.0,1.0,0.0,0.0,1.0,0.0,0.0,0.0,0.0,0.0,0.0,0.0,0.0,1.0,0.0,0.0,1.0,0.0,0.0,1.0,0.0,0.0,0.0,0.0,1.0,0.0,0.0,1.0,0.0,0.0,1.0,0.0,1.0,0.0,0.0,0.0,0.0,0.0,0.0,0.0,0.0,0.0,1.0,0.0,0.0,1.0,0.0,0.0,1.0,0.0,0.0,0.0,1.0,0.0,0.0,0.0,0.0,0.0,0.0,0.0,0.0,0.0,0.0,1.0,0.0,0.0,1.0,0.0,0.0,0.0,0.0,0.0,0.0,0.0,0.0,1.0,0.0,1.0,0.0,0.0,0.0,1.0,0.0,0.0,0.0,0.0,1.0,0.0,1.0,0.0,1.0,1.0,1.0,0.0,0.0,0.0,0.84,1.0,0.72,0.92,0.96,0.92,1.0,0.6799999999999999,0.88,0.88,0.8,0.88,0.64,0.76,0.76,0.76,0.76,0.6,0.72,0.72,0.6799999999999999,0.72,0.56,0.6799999999999999,0.6799999999999999,0.64,0.6799999999999999,0.56,0.64,0.64,0.6,0.64,0.52,0.6,0.6,0.6,0.84,1.0,0.72,0.92,0.96,0.92,1.0,0.6799999999999999,0.88,0.88,0.8,0.88,0.64,0.76,0.76,0.76,0.76,0.6,0.72,0.72,0.6799999999999999,0.72,0.56,0.6799999999999999,0.6799999999999999,0.64,0.6799999999999999,0.56,0.64,0.64,0.6,0.64,0.52,0.6,0.6,0.6
510,0.0,0.0,0.0,0.0,0.0,0.0,1.0,0.0,0.0,1.0,1.0,0.0,0.0,0.0,0.0,1.0,1.0,0.0,0.0,1.0,0.0,1.0,0.0,0.0,1.0,0.0,0.0,1.0,1.0,0.0,0.0,0.0,0.0,0.0,0.0,0.0,0.0,0.0,1.0,0.0,0.0,0.0,1.0,0.0,0.0,0.0,0.0,0.0,0.0,0.0,0.0,1.0,1.0,0.0,0.0,1.0,0.0,0.0,0.0,0.0,0.0,0.0,0.0,0.0,1.0,0.0,0.0,0.0,0.0,0.0,0.0,0.0,1.0,0.0,1.0,1.0,0.0,0.0,0.0,0.0,0.0,0.0,1.0,1.0,0.0,0.0,0.0,0.0,0.0,1.0,0.0,0.0,0.0,0.0,0.0,0.0,0.0,1.0,0.0,1.0,1.0,0.0,1.0,0.0,0.56,0.6,0.64,0.64,0.64,0.72,0.6,0.64,0.6,0.64,0.72,0.56,0.64,0.56,0.64,1.0,0.52,0.64,0.52,0.72,1.0,0.48,0.8,0.48,0.52,0.84,0.48,0.8,0.48,0.48,0.84,0.48,0.52,0.48,0.48,0.52,0.56,0.6,0.64,0.64,0.64,0.72,0.6,0.64,0.6,0.64,0.72,0.56,0.64,0.56,0.64,1.0,0.52,0.64,0.52,0.72,1.0,0.48,0.8,0.48,0.52,0.84,0.48,0.8,0.48,0.48,0.84,0.48,0.52,0.48,0.48,0.52
511,0.0,0.0,1.0,0.0,0.0,0.0,0.0,0.0,0.0,1.0,0.0,0.0,0.0,0.0,0.0,0.0,0.0,0.0,0.0,1.0,0.0,1.0,0.0,0.0,1.0,0.0,0.0,0.0,1.0,0.0,1.0,0.0,1.0,1.0,0.0,0.0,0.0,0.0,0.0,0.0,0.0,0.0,1.0,1.0,0.0,1.0,1.0,0.0,0.0,0.0,0.0,0.0,0.0,0.0,0.0,1.0,0.0,0.0,0.0,1.0,0.0,0.0,0.0,0.0,0.0,0.0,1.0,0.0,1.0,0.0,0.0,0.0,1.0,0.0,0.0,0.0,0.0,1.0,1.0,0.0,0.0,0.0,0.0,1.0,0.0,0.0,0.0,0.0,1.0,0.0,0.0,1.0,0.0,1.0,0.0,0.0,0.0,0.0,0.0,1.0,0.0,1.0,0.0,0.0,1.0,0.6799999999999999,0.76,0.76,0.84,0.72,0.64,0.72,0.6799999999999999,0.76,0.6799999999999999,0.6,0.6799999999999999,0.64,0.72,0.64,0.6,0.64,0.6,0.6799999999999999,0.6,0.56,0.6,0.6,0.64,0.56,0.52,0.56,0.56,0.6,0.56,0.52,0.56,0.52,0.56,0.52,1.0,0.6799999999999999,0.76,0.76,0.84,0.72,0.64,0.72,0.6799999999999999,0.76,0.6799999999999999,0.6,0.6799999999999999,0.64,0.72,0.64,0.6,0.64,0.6,0.6799999999999999,0.6,0.56,0.6,0.6,0.64,0.56,0.52,0.56,0.56,0.6,0.56,0.52,0.56,0.52,0.56,0.52
512,0.0,0.0,1.0,0.0,0.0,0.0,0.0,0.0,0.0,0.0,0.0,0.0,0.0,0.0,0.0,0.0,0.0,0.0,1.0,0.0,0.0,0.0,1.0,0.0,0.0,1.0,0.0,1.0,0.0,1.0,0.0,0.0,0.0,1.0,1.0,1.0,0.0,0.0,0.0,0.0,0.0,0.0,0.0,0.0,0.0,0.0,1.0,1.0,0.0,1.0,1.0,0.0,0.0,1.0,0.0,1.0,1.0,0.0,1.0,1.0,0.0,1.0,0.0,0.0,1.0,0.0,0.0,1.0,0.0,0.0,0.0,0.0,1.0,0.0,0.0,0.0,0.0,0.0,1.0,0.0,0.0,0.0,0.0,0.0,0.0,0.0,0.0,0.0,1.0,0.0,0.0,1.0,0.0,0.0,1.0,0.0,0.0,0.0,0.0,0.0,0.0,0.0,0.0,0.0,0.88,0.92,0.76,1.0,0.84,0.84,0.84,0.72,0.88,0.8,0.76,0.76,0.6799999999999999,0.8,0.76,0.72,0.72,0.64,0.76,0.6799999999999999,0.6799999999999999,0.6799999999999999,0.6,0.72,0.64,0.64,0.64,0.56,0.6799999999999999,0.6,0.6,0.6,0.56,0.64,0.6,0.56,0.88,0.92,0.76,1.0,0.84,0.84,0.84,0.72,0.88,0.8,0.76,0.76,0.6799999999999999,0.8,0.76,0.72,0.72,0.64,0.76,0.6799999999999999,0.6799999999999999,0.6799999999999999,0.6,0.72,0.64,0.64,0.64,0.56,0.6799999999999999,0.6,0.6,0.6,0.56,0.64,0.6,0.56
513,0.0,0.0,1.0,1.0,0.0,0.0,1.0,0.0,1.0,0.0,1.0,0.0,0.0,0.0,0.0,0.0,1.0,0.0,0.0,0.0,1.0,0.0,0.0,0.0,1.0,0.0,0.0,1.0,0.0,0.0,0.0,0.0,0.0,1.0,0.0,0.0,1.0,0.0,0.0,0.0,0.0,0.0,0.0,0.0,0.0,0.0,0.0,1.0,0.0,0.0,1.0,0.0,0.0,1.0,0.0,0.0,0.0,0.0,0.0,0.0,0.0,0.0,0.0,0.0,0.0,1.0,0.0,1.0,0.0,0.0,1.0,1.0,0.0,0.0,0.0,0.0,0.0,0.0,1.0,0.0,1.0,0.0,0.0,0.0,1.0,0.0,0.0,1.0,0.0,1.0,1.0,0.0,0.0,0.0,0.0,0.0,1.0,0.0,0.0,0.0,1.0,0.0,0.0,0.0,0.84,0.72,0.8,1.0,0.64,0.84,0.6799999999999999,0.72,0.88,0.6,0.72,0.64,0.6799999999999999,0.88,0.56,0.6799999999999999,0.6,0.64,0.76,0.52,0.64,0.56,0.6,0.72,0.52,0.6,0.56,0.56,0.6799999999999999,0.48,0.56,0.52,0.52,0.64,0.48,0.56,0.84,0.72,0.8,1.0,0.64,0.84,0.6799999999999999,0.72,0.88,0.6,0.72,0.64,0.6799999999999999,0.88,0.56,0.6799999999999999,0.6,0.64,0.76,0.52,0.64,0.56,0.6,0.72,0.52,0.6,0.56,0.56,0.6799999999999999,0.48,0.56,0.52,0.52,0.64,0.48,0.56
514,0.0,0.0,0.0,0.0,0.0,0.0,0.0,0.0,1.0,0.0,0.0,0.0,0.0,1.0,1.0,0.0,0.0,0.0,0.0,0.0,0.0,1.0,0.0,1.0,0.0,1.0,0.0,1.0,1.0,0.0,0.0,0.0,0.0,0.0,1.0,0.0,0.0,1.0,0.0,0.0,0.0,1.0,0.0,0.0,0.0,0.0,0.0,1.0,0.0,1.0,0.0,0.0,0.0,0.0,0.0,0.0,0.0,0.0,1.0,0.0,0.0,1.0,0.0,0.0,0.0,0.0,0.0,0.0,0.0,1.0,0.0,1.0,1.0,0.0,0.0,0.0,1.0,0.0,0.0,0.0,0.0,0.0,0.0,0.0,0.0,1.0,0.0,1.0,0.0,0.0,0.0,1.0,0.0,0.0,0.0,1.0,0.0,1.0,0.0,0.0,0.0,0.0,1.0,1.0,0.64,0.56,0.76,0.6799999999999999,0.8,0.6,0.52,0.76,0.64,0.8,0.56,0.52,0.76,0.56,0.8,0.52,0.48,0.72,0.56,1.0,0.52,0.48,0.92,0.52,0.84,0.48,0.48,0.6,0.52,0.56,0.48,0.43999999999999995,0.56,0.48,0.56,0.48,0.64,0.56,0.76,0.6799999999999999,0.8,0.6,0.52,0.76,0.64,0.8,0.56,0.52,0.76,0.56,0.8,0.52,0.48,0.72,0.56,1.0,0.52,0.48,0.92,0.52,0.84,0.48,0.48,0.6,0.52,0.56,0.48,0.43999999999999995,0.56,0.48,0.56,0.48
515,0.0,0.0,0.0,0.0,0.0,0.0,0.0,0.0,1.0,1.0,1.0,0.0,0.0,0.0,0.0,1.0,1.0,0.0,0.0,1.0,0.0,0.0,0.0,1.0,0.0,0.0,0.0,0.0,1.0,1.0,0.0,0.0,0.0,0.0,0.0,0.0,0.0,1.0,0.0,0.0,0.0,0.0,0.0,0.0,1.0,0.0,0.0,1.0,0.0,0.0,0.0,1.0,0.0,0.0,0.0,0.0,1.0,0.0,0.0,0.0,0.0,0.0,0.0,1.0,0.0,0.0,0.0,0.0,0.0,0.0,0.0,0.0,1.0,1.0,1.0,0.0,0.0,1.0,1.0,1.0,0.0,0.0,0.0,0.0,0.0,0.0,1.0,1.0,1.0,0.0,0.0,1.0,1.0,0.0,0.0,0.0,0.0,0.0,0.0,0.0,0.0,0.0,0.0,0.0,0.8,0.72,0.92,1.0,0.72,0.84,0.6799999999999999,0.92,1.0,0.6799999999999999,0.84,0.64,0.92,1.0,0.64,0.72,0.6,0.8,0.96,0.6,0.6799999999999999,0.56,0.72,0.72,0.56,0.64,0.52,0.6799999999999999,0.6799999999999999,0.52,0.6,0.52,0.64,0.64,0.52,0.56,0.8,0.72,0.92,1.0,0.72,0.84,0.6799999999999999,0.92,1.0,0.6799999999999999,0.84,0.64,0.92,1.0,0.64,0.72,0.6,0.8,0.96,0.6,0.6799999999999999,0.56,0.72,0.72,0.56,0.64,0.52,0.6799999999999999,0.6799999999999999,0.52,0.6,0.52,0.64,0.64,0.52,0.56
516,0.0,0.0,0.0,1.0,0.0,0.0,0.0,0.0,1.0,0.0,1.0,1.0,0.0,0.0,1.0,0.0,0.0,0.0,0.0,0.0,1.0,0.0,0.0,0.0,1.0,0.0,1.0,1.0,0.0,0.0,0.0,0.0,0.0,0.0,0.0,0.0,0.0,1.0,0.0,0.0,1.0,1.0,0.0,0.0,0.0,1.0,0.0,0.0,0.0,0.0,0.0,0.0,0.0,0.0,1.0,0.0,1.0,1.0,0.0,0.0,0.0,0.0,0.0,0.0,0.0,0.0,0.0,0.0,0.0,1.0,0.0,0.0,0.0,0.0,0.0,0.0,0.0,0.0,0.0,0.0,0.0,0.0,1.0,0.0,0.0,0.0,0.0,1.0,1.0,0.0,1.0,1.0,0.0,0.0,0.0,1.0,0.0,0.0,1.0,0.0,0.0,1.0,1.0,0.0,0.8,0.92,0.72,0.96,1.0,0.76,0.88,0.6799999999999999,0.96,1.0,0.6799999999999999,0.8,0.64,0.84,0.92,0.64,0.72,0.6,0.76,0.76,0.6,0.6799999999999999,0.56,0.6799999999999999,0.72,0.6,0.64,0.52,0.64,0.6799999999999999,0.56,0.6,0.52,0.6,0.64,0.52,0.8,0.92,0.72,0.96,1.0,0.76,0.88,0.6799999999999999,0.96,1.0,0.6799999999999999,0.8,0.64,0.84,0.92,0.64,0.72,0.6,0.76,0.76,0.6,0.6799999999999999,0.56,0.6799999999999999,0.72,0.6,0.64,0.52,0.64,0.6799999999999999,0.56,0.6,0.52,0.6,0.64,0.52
517,1.0,0.0,0.0,0.0,0.0,0.0,0.0,0.0,1.0,0.0,1.0,0.0,0.0,0.0,1.0,0.0,0.0,0.0,1.0,1.0,1.0,0.0,0.0,0.0,0.0,0.0,0.0,0.0,0.0,0.0,0.0,0.0,1.0,0.0,0.0,1.0,0.0,0.0,0.0,0.0,0.0,0.0,0.0,0.0,1.0,1.0,1.0,0.0,0.0,0.0,0.0,1.0,0.0,0.0,1.0,0.0,0.0,1.0,0.0,0.0,0.0,0.0,0.0,0.0,1.0,0.0,0.0,0.0,1.0,0.0,0.0,0.0,0.0,0.0,1.0,1.0,0.0,1.0,1.0,0.0,0.0,0.0,0.0,0.0,0.0,0.0,0.0,0.0,0.0,0.0,1.0,0.0,0.0,1.0,1.0,0.0,0.0,0.0,0.0,1.0,0.0,0.0,1.0,0.0,0.64,0.72,0.76,0.6,0.8,0.76,0.64,0.76,0.56,0.8,0.72,0.6,0.76,0.56,0.8,0.76,0.56,0.6799999999999999,0.52,1.0,0.72,0.52,0.6,0.52,0.6,0.56,0.52,0.56,0.48,0.56,0.52,0.48,0.52,0.48,0.56,0.52,0.64,0.72,0.76,0.6,0.8,0.76,0.64,0.76,0.56,0.8,0.72,0.6,0.76,0.56,0.8,0.76,0.56,0.6799999999999999,0.52,1.0,0.72,0.52,0.6,0.52,0.6,0.56,0.52,0.56,0.48,0.56,0.52,0.48,0.52,0.48,0.56,0.52
518,0.0,1.0,0.0,0.0,0.0,0.0,1.0,0.0,0.0,0.0,0.0,0.0,1.0,0.0,1.0,0.0,1.0,0.0,0.0,0.0,0.0,1.0,0.0,1.0,0.0,0.0,0.0,1.0,1.0,0.0,0.0,0.0,0.0,0.0,0.0,0.0,0.0,1.0,0.0,1.0,0.0,0.0,0.0,0.0,1.0,0.0,0.0,0.0,0.0,0.0,1.0,0.0,0.0,0.0,1.0,1.0,0.0,0.0,0.0,0.0,0.0,1.0,0.0,0.0,0.0,0.0,0.0,0.0,0.0,0.0,0.0,1.0,0.0,0.0,0.0,0.0,0.0,1.0,0.0,0.0,0.0,0.0,1.0,0.0,1.0,0.0,0.0,0.0,1.0,0.0,0.0,0.0,1.0,0.0,0.0,1.0,0.0,0.0,1.0,0.0,1.0,0.0,0.0,1.0,0.6799999999999999,0.6799999999999999,0.72,0.72,0.8,0.8,0.6,0.64,0.6,0.8,0.76,0.56,0.6,0.6,0.8,1.0,0.56,0.56,0.56,0.6799999999999999,0.6799999999999999,0.52,0.52,0.52,0.6,0.6,0.52,0.52,0.52,0.56,0.56,0.48,0.48,0.48,0.52,0.52,0.6799999999999999,0.6799999999999999,0.72,0.72,0.8,0.8,0.6,0.64,0.6,0.8,0.76,0.56,0.6,0.6,0.8,1.0,0.56,0.56,0.56,0.6799999999999999,0.6799999999999999,0.52,0.52,0.52,0.6,0.6,0.52,0.52,0.52,0.56,0.56,0.48,0.48,0.48,0.52,0.52
519,0.0,0.0,0.0,0.0,0.0,0.0,0.0,1.0,1.0,0.0,0.0,0.0,0.0,1.0,0.0,0.0,0.0,0.0,0.0,1.0,0.0,0.0,1.0,1.0,0.0,0.0,0.0,0.0,1.0,1.0,0.0,0.0,0.0,0.0,1.0,0.0,0.0,0.0,0.0,0.0,1.0,0.0,0.0,1.0,0.0,0.0,1.0,1.0,0.0,0.0,0.0,0.0,1.0,0.0,0.0,0.0,0.0,0.0,0.0,0.0,0.0,0.0,0.0,0.0,0.0,0.0,0.0,0.0,0.0,1.0,0.0,0.0,1.0,1.0,0.0,0.0,1.0,0.0,1.0,0.0,0.0,0.0,0.0,0.0,0.0,1.0,0.0,0.0,0.0,0.0,1.0,0.0,0.0,1.0,1.0,0.0,1.0,0.0,0.0,0.0,0.0,1.0,1.0,0.0,0.92,0.64,0.96,0.6799999999999999,1.0,0.6799999999999999,0.6,0.84,0.64,0.92,0.64,0.6,0.8,0.6,0.8,0.6,0.56,0.76,0.56,0.76,0.56,0.52,0.72,0.52,0.72,0.52,0.52,0.6799999999999999,0.52,0.6799999999999999,0.52,0.48,0.64,0.48,0.64,0.48,0.92,0.64,0.96,0.6799999999999999,1.0,0.6799999999999999,0.6,0.84,0.64,0.92,0.64,0.6,0.8,0.6,0.8,0.6,0.56,0.76,0.56,0.76,0.56,0.52,0.72,0.52,0.72,0.52,0.52,0.6799999999999999,0.52,0.6799999999999999,0.52,0.48,0.64,0.48,0.64,0.48
520,0.0,0.0,0.0,0.0,0.0,1.0,0.0,1.0,0.0,1.0,0.0,1.0,0.0,1.0,0.0,0.0,0.0,0.0,1.0,0.0,0.0,0.0,1.0,0.0,0.0,0.0,0.0,0.0,0.0,0.0,1.0,0.0,0.0,0.0,0.0,0.0,0.0,0.0,0.0,1.0,1.0,0.0,0.0,1.0,0.0,0.0,1.0,0.0,0.0,0.0,0.0,1.0,1.0,0.0,0.0,0.0,0.0,0.0,0.0,0.0,1.0,0.0,1.0,0.0,0.0,0.0,0.0,0.0,1.0,1.0,0.0,1.0,1.0,1.0,0.0,0.0,1.0,0.0,1.0,0.0,0.0,0.0,0.0,0.0,1.0,0.0,1.0,0.0,0.0,0.0,0.0,0.0,0.0,0.0,0.0,0.0,0.0,1.0,0.0,0.0,0.0,0.0,0.0,0.0,0.84,0.8,1.0,0.64,0.72,0.64,0.76,0.92,0.6,0.6799999999999999,0.6,0.72,0.92,0.56,0.64,0.56,0.6799999999999999,0.8,0.52,0.6,0.56,0.64,0.76,0.52,0.56,0.52,0.6,0.6799999999999999,0.48,0.56,0.52,0.56,0.64,0.48,0.52,0.48,0.84,0.8,1.0,0.64,0.72,0.64,0.76,0.92,0.6,0.6799999999999999,0.6,0.72,0.92,0.56,0.64,0.56,0.6799999999999999,0.8,0.52,0.6,0.56,0.64,0.76,0.52,0.56,0.52,0.6,0.6799999999999999,0.48,0.56,0.52,0.56,0.64,0.48,0.52,0.48
521,0.0,0.0,0.0,1.0,0.0,0.0,0.0,0.0,0.0,0.0,0.0,1.0,0.0,0.0,0.0,0.0,0.0,0.0,0.0,1.0,0.0,0.0,1.0,1.0,1.0,0.0,1.0,1.0,0.0,0.0,1.0,0.0,0.0,0.0,0.0,1.0,0.0,0.0,0.0,1.0,0.0,0.0,0.0,0.0,0.0,0.0,0.0,0.0,0.0,1.0,1.0,0.0,0.0,1.0,1.0,0.0,0.0,0.0,0.0,1.0,1.0,1.0,1.0,0.0,1.0,0.0,0.0,0.0,0.0,0.0,0.0,0.0,0.0,0.0,0.0,0.0,0.0,1.0,0.0,0.0,0.0,0.0,0.0,0.0,1.0,1.0,0.0,0.0,0.0,0.0,0.0,0.0,1.0,0.0,1.0,0.0,0.0,1.0,0.0,0.0,0.0,0.0,0.0,0.0,0.84,1.0,0.8,0.88,0.84,0.96,1.0,0.76,0.8,0.8,0.88,1.0,0.72,0.72,0.72,0.84,1.0,0.6799999999999999,0.6799999999999999,0.6799999999999999,0.72,0.76,0.64,0.64,0.64,0.6799999999999999,0.72,0.6,0.6,0.6,0.64,0.6799999999999999,0.56,0.56,0.56,0.6,0.84,1.0,0.8,0.88,0.84,0.96,1.0,0.76,0.8,0.8,0.88,1.0,0.72,0.72,0.72,0.84,1.0,0.6799999999999999,0.6799999999999999,0.6799999999999999,0.72,0.76,0.64,0.64,0.64,0.6799999999999999,0.72,0.6,0.6,0.6,0.64,0.6799999999999999,0.56,0.56,0.56,0.6
522,1.0,0.0,0.0,1.0,0.0,0.0,0.0,1.0,0.0,0.0,0.0,0.0,0.0,1.0,0.0,0.0,0.0,0.0,0.0,0.0,0.0,1.0,0.0,1.0,0.0,1.0,0.0,1.0,1.0,0.0,0.0,1.0,0.0,0.0,0.0,1.0,0.0,0.0,0.0,0.0,0.0,1.0,0.0,0.0,0.0,0.0,1.0,0.0,0.0,0.0,0.0,0.0,0.0,1.0,0.0,0.0,0.0,0.0,0.0,0.0,0.0,0.0,1.0,0.0,1.0,0.0,0.0,1.0,0.0,0.0,1.0,0.0,1.0,0.0,0.0,0.0,0.0,0.0,0.0,0.0,0.0,0.0,1.0,0.0,1.0,0.0,1.0,0.0,0.0,0.0,0.0,1.0,0.0,0.0,1.0,0.0,0.0,0.0,0.0,0.0,1.0,0.0,1.0,0.0,0.92,0.84,1.0,0.92,0.84,0.88,0.8,0.88,0.84,0.8,0.84,0.76,0.8,0.8,0.76,0.76,0.72,0.76,0.76,0.72,0.72,0.6799999999999999,0.72,0.6799999999999999,0.6799999999999999,0.6799999999999999,0.64,0.6799999999999999,0.64,0.64,0.64,0.6,0.64,0.6,0.6,0.6,0.92,0.84,1.0,0.92,0.84,0.88,0.8,0.88,0.84,0.8,0.84,0.76,0.8,0.8,0.76,0.76,0.72,0.76,0.76,0.72,0.72,0.6799999999999999,0.72,0.6799999999999999,0.6799999999999999,0.6799999999999999,0.64,0.6799999999999999,0.64,0.64,0.64,0.6,0.64,0.6,0.6,0.6
523,1.0,1.0,1.0,0.0,0.0,1.0,0.0,1.0,1.0,1.0,1.0,0.0,0.0,0.0,0.0,0.0,0.0,0.0,1.0,0.0,0.0,0.0,0.0,0.0,0.0,0.0,0.0,0.0,0.0,0.0,0.0,0.0,0.0,1.0,0.0,0.0,1.0,0.0,0.0,0.0,1.0,1.0,0.0,0.0,0.0,0.0,0.0,0.0,0.0,0.0,0.0,0.0,0.0,0.0,0.0,0.0,1.0,0.0,0.0,0.0,0.0,0.0,0.0,0.0,1.0,0.0,1.0,1.0,0.0,0.0,0.0,0.0,1.0,1.0,0.0,1.0,1.0,0.0,0.0,0.0,0.0,0.0,1.0,0.0,1.0,0.0,0.0,0.0,0.0,1.0,0.0,0.0,0.0,0.0,0.0,0.0,1.0,1.0,0.0,0.0,0.0,0.0,0.0,0.0,0.88,1.0,0.84,0.64,0.64,0.6799999999999999,1.0,0.76,0.6,0.6,0.64,0.8,0.72,0.56,0.56,0.6,0.76,0.6799999999999999,0.56,0.56,0.56,0.72,0.64,0.52,0.52,0.56,0.6799999999999999,0.6,0.52,0.52,0.52,0.64,0.56,0.48,0.48,0.52,0.88,1.0,0.84,0.64,0.64,0.6799999999999999,1.0,0.76,0.6,0.6,0.64,0.8,0.72,0.56,0.56,0.6,0.76,0.6799999999999999,0.56,0.56,0.56,0.72,0.64,0.52,0.52,0.56,0.6799999999999999,0.6,0.52,0.52,0.52,0.64,0.56,0.48,0.48,0.52
524,0.0,0.0,0.0,0.0,0.0,0.0,0.0,0.0,1.0,0.0,1.0,0.0,0.0,1.0,0.0,1.0,1.0,0.0,0.0,1.0,1.0,1.0,0.0,0.0,0.0,1.0,0.0,0.0,1.0,0.0,0.0,1.0,1.0,0.0,0.0,0.0,1.0,0.0,0.0,0.0,0.0,0.0,0.0,0.0,0.0,0.0,0.0,0.0,0.0,0.0,0.0,0.0,0.0,0.0,0.0,0.0,1.0,0.0,0.0,0.0,0.0,0.0,0.0,0.0,0.0,0.0,1.0,0.0,0.0,0.0,0.0,0.0,0.0,0.0,0.0,0.0,0.0,0.0,1.0,0.0,0.0,0.0,1.0,0.0,0.0,1.0,1.0,0.0,0.0,1.0,1.0,1.0,1.0,1.0,0.0,0.0,1.0,0.0,0.0,1.0,0.0,0.0,0.0,0.0,0.4,0.36,0.43999999999999995,0.43999999999999995,0.36,0.36,0.31999999999999995,0.43999999999999995,0.43999999999999995,0.36,0.36,0.31999999999999995,0.43999999999999995,0.43999999999999995,0.36,0.36,0.31999999999999995,0.4,0.52,0.31999999999999995,0.31999999999999995,0.31999999999999995,0.4,0.52,0.31999999999999995,0.31999999999999995,0.28,0.36,1.0,0.31999999999999995,0.31999999999999995,0.28,0.36,0.4,0.31999999999999995,0.31999999999999995,0.4,0.36,0.43999999999999995,0.43999999999999995,0.36,0.36,0.31999999999999995,0.43999999999999995,0.43999999999999995,0.36,0.36,0.31999999999999995,0.43999999999999995,0.43999999999999995,0.36,0.36,0.31999999999999995,0.4,0.52,0.31999999999999995,0.31999999999999995,0.31999999999999995,0.4,0.52,0.31999999999999995,0.31999999999999995,0.28,0.36,1.0,0.31999999999999995,0.31999999999999995,0.28,0.36,0.4,0.31999999999999995,0.31999999999999995
525,0.0,0.0,0.0,0.0,1.0,1.0,0.0,0.0,0.0,0.0,1.0,1.0,0.0,0.0,0.0,0.0,1.0,1.0,1.0,1.0,0.0,0.0,0.0,0.0,1.0,0.0,0.0,0.0,0.0,0.0,0.0,0.0,0.0,0.0,1.0,1.0,1.0,0.0,0.0,0.0,0.0,0.0,0.0,0.0,0.0,0.0,0.0,0.0,1.0,0.0,0.0,0.0,0.0,0.0,0.0,1.0,0.0,0.0,0.0,1.0,0.0,0.0,0.0,0.0,0.0,1.0,0.0,0.0,0.0,0.0,0.0,0.0,0.0,0.0,1.0,0.0,0.0,0.0,1.0,0.0,0.0,0.0,0.0,1.0,0.0,1.0,0.0,0.0,0.0,1.0,0.0,0.0,1.0,0.0,1.0,1.0,0.0,0.0,1.0,0.0,0.0,1.0,0.0,0.0,1.0,0.8,0.88,0.84,0.84,0.88,0.76,0.8,0.8,0.76,0.8,0.72,0.76,0.76,0.72,0.76,0.6799999999999999,0.72,0.72,0.6799999999999999,0.72,0.64,0.6799999999999999,0.6799999999999999,0.64,0.6799999999999999,0.6,0.64,0.64,0.6,0.64,0.56,0.6,0.6,0.56,0.6,1.0,0.8,0.88,0.84,0.84,0.88,0.76,0.8,0.8,0.76,0.8,0.72,0.76,0.76,0.72,0.76,0.6799999999999999,0.72,0.72,0.6799999999999999,0.72,0.64,0.6799999999999999,0.6799999999999999,0.64,0.6799999999999999,0.6,0.64,0.64,0.6,0.64,0.56,0.6,0.6,0.56,0.6
526,0.0,0.0,1.0,0.0,1.0,0.0,0.0,1.0,0.0,1.0,0.0,1.0,0.0,0.0,0.0,0.0,0.0,0.0,0.0,0.0,0.0,1.0,0.0,0.0,0.0,1.0,0.0,0.0,0.0,0.0,0.0,0.0,0.0,0.0,0.0,0.0,0.0,1.0,1.0,0.0,0.0,0.0,1.0,1.0,0.0,0.0,1.0,0.0,0.0,1.0,0.0,0.0,1.0,0.0,0.0,0.0,0.0,0.0,0.0,0.0,1.0,0.0,1.0,0.0,0.0,0.0,1.0,0.0,0.0,1.0,1.0,0.0,1.0,0.0,0.0,0.0,1.0,0.0,1.0,0.0,0.0,1.0,0.0,1.0,0.0,0.0,0.0,0.0,1.0,0.0,0.0,0.0,0.0,0.0,0.0,0.0,1.0,0.0,0.0,0.0,0.0,0.0,0.0,0.0,0.76,0.84,0.84,0.84,0.8,0.88,0.84,0.84,0.76,0.6799999999999999,0.88,0.84,0.84,0.6799999999999999,0.64,1.0,0.84,0.72,0.64,0.6,0.6799999999999999,0.6799999999999999,0.6799999999999999,0.6,0.56,0.64,0.64,0.64,0.56,0.56,0.6,0.6,0.6,0.56,0.52,0.56,0.76,0.84,0.84,0.84,0.8,0.88,0.84,0.84,0.76,0.6799999999999999,0.88,0.84,0.84,0.6799999999999999,0.64,1.0,0.84,0.72,0.64,0.6,0.6799999999999999,0.6799999999999999,0.6799999999999999,0.6,0.56,0.64,0.64,0.64,0.56,0.56,0.6,0.6,0.6,0.56,0.52,0.56
527,1.0,0.0,0.0,0.0,0.0,0.0,0.0,0.0,1.0,0.0,1.0,0.0,0.0,0.0,0.0,0.0,0.0,0.0,0.0,0.0,0.0,0.0,0.0,0.0,0.0,1.0,0.0,0.0,0.0,0.0,0.0,1.0,0.0,1.0,0.0,1.0,0.0,0.0,0.0,1.0,0.0,1.0,1.0,1.0,0.0,0.0,0.0,1.0,0.0,0.0,1.0,0.0,0.0,0.0,0.0,1.0,1.0,1.0,0.0,1.0,0.0,0.0,0.0,0.0,1.0,0.0,1.0,0.0,0.0,0.0,1.0,1.0,0.0,0.0,1.0,0.0,0.0,0.0,1.0,1.0,0.0,0.0,0.0,0.0,0.0,0.0,0.0,0.0,1.0,0.0,0.0,0.0,0.0,0.0,0.0,0.0,0.0,1.0,0.0,0.0,0.0,0.0,0.0,0.0,0.88,1.0,0.72,0.76,0.84,0.8,0.84,0.6799999999999999,0.6799999999999999,0.8,0.76,0.8,0.64,0.64,0.76,0.6799999999999999,0.76,0.6,0.6,0.6799999999999999,0.64,0.6799999999999999,0.56,0.6,0.64,0.6,0.64,0.56,0.56,0.6,0.6,0.6,0.52,0.52,0.6,0.56,0.88,1.0,0.72,0.76,0.84,0.8,0.84,0.6799999999999999,0.6799999999999999,0.8,0.76,0.8,0.64,0.64,0.76,0.6799999999999999,0.76,0.6,0.6,0.6799999999999999,0.64,0.6799999999999999,0.56,0.6,0.64,0.6,0.64,0.56,0.56,0.6,0.6,0.6,0.52,0.52,0.6,0.56
528,0.0,0.0,0.0,0.0,0.0,0.0,0.0,1.0,0.0,1.0,0.0,0.0,1.0,0.0,0.0,0.0,0.0,1.0,0.0,1.0,0.0,0.0,1.0,0.0,0.0,0.0,0.0,0.0,0.0,1.0,0.0,0.0,0.0,0.0,0.0,1.0,1.0,0.0,0.0,0.0,1.0,0.0,1.0,0.0,0.0,1.0,0.0,1.0,0.0,0.0,0.0,0.0,0.0,1.0,1.0,0.0,1.0,0.0,0.0,0.0,1.0,0.0,1.0,0.0,0.0,0.0,0.0,1.0,0.0,0.0,0.0,0.0,0.0,1.0,0.0,0.0,0.0,1.0,0.0,0.0,1.0,0.0,0.0,0.0,0.0,1.0,0.0,0.0,0.0,0.0,0.0,1.0,0.0,1.0,0.0,0.0,0.0,0.0,0.0,0.0,1.0,0.0,0.0,0.0,1.0,0.96,0.8,0.8,0.88,0.92,0.88,0.76,0.76,0.8,0.84,0.8,0.72,0.6799999999999999,0.76,0.76,0.76,0.6799999999999999,0.64,0.72,0.72,0.72,0.64,0.6,0.6799999999999999,0.6799999999999999,0.6799999999999999,0.6,0.6,0.64,0.64,0.64,0.56,0.56,0.6,0.6,1.0,0.96,0.8,0.8,0.88,0.92,0.88,0.76,0.76,0.8,0.84,0.8,0.72,0.6799999999999999,0.76,0.76,0.76,0.6799999999999999,0.64,0.72,0.72,0.72,0.64,0.6,0.6799999999999999,0.6799999999999999,0.6799999999999999,0.6,0.6,0.64,0.64,0.64,0.56,0.56,0.6,0.6
529,0.0,0.0,0.0,0.0,0.0,0.0,0.0,1.0,0.0,0.0,0.0,0.0,0.0,0.0,0.0,0.0,0.0,0.0,1.0,0.0,0.0,1.0,0.0,1.0,1.0,1.0,0.0,0.0,1.0,0.0,1.0,1.0,0.0,1.0,0.0,0.0,0.0,0.0,0.0,0.0,1.0,0.0,0.0,0.0,0.0,0.0,0.0,1.0,0.0,1.0,0.0,0.0,0.0,0.0,1.0,0.0,0.0,0.0,1.0,0.0,0.0,1.0,1.0,0.0,1.0,0.0,1.0,0.0,1.0,0.0,0.0,0.0,1.0,0.0,0.0,0.0,0.0,0.0,0.0,0.0,0.0,1.0,0.0,0.0,0.0,0.0,0.0,0.0,0.0,1.0,1.0,0.0,0.0,1.0,0.0,0.0,0.0,0.0,0.0,0.0,0.0,0.0,0.0,1.0,0.4,0.43999999999999995,0.43999999999999995,0.48,0.43999999999999995,0.48,0.43999999999999995,0.43999999999999995,0.48,0.43999999999999995,0.48,0.43999999999999995,0.43999999999999995,0.48,0.4,0.56,0.43999999999999995,0.43999999999999995,0.56,0.4,0.56,0.52,0.52,0.52,0.4,0.56,0.52,1.0,0.4,0.36,0.52,0.4,0.48,0.4,0.36,0.48,0.4,0.43999999999999995,0.43999999999999995,0.48,0.43999999999999995,0.48,0.43999999999999995,0.43999999999999995,0.48,0.43999999999999995,0.48,0.43999999999999995,0.43999999999999995,0.48,0.4,0.56,0.43999999999999995,0.43999999999999995,0.56,0.4,0.56,0.52,0.52,0.52,0.4,0.56,0.52,1.0,0.4,0.36,0.52,0.4,0.48,0.4,0.36,0.48
530,1.0,0.0,0.0,0.0,0.0,0.0,1.0,0.0,0.0,0.0,1.0,0.0,0.0,0.0,1.0,0.0,0.0,0.0,0.0,0.0,0.0,0.0,0.0,0.0,0.0,0.0,0.0,0.0,1.0,1.0,0.0,1.0,1.0,0.0,0.0,0.0,1.0,0.0,0.0,1.0,0.0,0.0,0.0,1.0,0.0,0.0,1.0,1.0,0.0,0.0,0.0,0.0,0.0,0.0,0.0,1.0,0.0,0.0,0.0,0.0,1.0,0.0,0.0,1.0,0.0,1.0,0.0,0.0,0.0,1.0,0.0,0.0,0.0,1.0,0.0,1.0,0.0,1.0,0.0,0.0,0.0,0.0,1.0,0.0,0.0,0.0,0.0,1.0,0.0,0.0,1.0,0.0,1.0,0.0,0.0,0.0,1.0,0.0,0.0,0.0,0.0,0.0,0.0,0.0,0.84,0.84,0.8,1.0,0.8,0.84,0.76,0.76,1.0,0.72,0.76,0.72,0.6799999999999999,0.84,0.6799999999999999,0.72,0.6799999999999999,0.64,0.76,0.64,0.6799999999999999,0.64,0.6,0.72,0.6,0.64,0.6,0.6,0.6799999999999999,0.56,0.6,0.56,0.56,0.64,0.56,0.56,0.84,0.84,0.8,1.0,0.8,0.84,0.76,0.76,1.0,0.72,0.76,0.72,0.6799999999999999,0.84,0.6799999999999999,0.72,0.6799999999999999,0.64,0.76,0.64,0.6799999999999999,0.64,0.6,0.72,0.6,0.64,0.6,0.6,0.6799999999999999,0.56,0.6,0.56,0.56,0.64,0.56,0.56
531,0.0,0.0,1.0,0.0,0.0,0.0,1.0,1.0,0.0,1.0,0.0,0.0,0.0,0.0,1.0,1.0,0.0,1.0,0.0,1.0,0.0,0.0,0.0,1.0,0.0,1.0,0.0,0.0,0.0,0.0,0.0,0.0,0.0,0.0,0.0,1.0,0.0,0.0,0.0,0.0,0.0,0.0,0.0,0.0,0.0,0.0,1.0,0.0,1.0,0.0,0.0,0.0,1.0,1.0,0.0,0.0,0.0,0.0,0.0,0.0,0.0,0.0,0.0,0.0,0.0,0.0,0.0,0.0,0.0,0.0,0.0,0.0,0.0,0.0,1.0,0.0,0.0,0.0,1.0,1.0,0.0,0.0,1.0,1.0,0.0,0.0,0.0,0.0,0.0,1.0,0.0,1.0,1.0,1.0,0.0,1.0,0.0,0.0,0.0,0.0,0.0,1.0,0.0,0.0,1.0,0.76,0.8,0.76,0.84,0.72,0.72,0.76,0.72,0.76,0.6799999999999999,0.6799999999999999,0.72,0.6799999999999999,0.72,0.64,0.64,0.6799999999999999,0.64,0.6799999999999999,0.6,0.6,0.64,0.6,0.64,0.56,0.56,0.6,0.56,0.6,0.56,0.52,0.56,0.56,0.56,0.52,1.0,0.76,0.8,0.76,0.84,0.72,0.72,0.76,0.72,0.76,0.6799999999999999,0.6799999999999999,0.72,0.6799999999999999,0.72,0.64,0.64,0.6799999999999999,0.64,0.6799999999999999,0.6,0.6,0.64,0.6,0.64,0.56,0.56,0.6,0.56,0.6,0.56,0.52,0.56,0.56,0.56,0.52
532,0.0,0.0,1.0,0.0,1.0,1.0,0.0,1.0,1.0,1.0,0.0,0.0,0.0,1.0,0.0,0.0,1.0,0.0,0.0,0.0,0.0,0.0,0.0,0.0,0.0,1.0,0.0,0.0,0.0,0.0,0.0,0.0,1.0,0.0,0.0,0.0,1.0,0.0,0.0,1.0,0.0,0.0,0.0,0.0,0.0,0.0,0.0,0.0,0.0,1.0,0.0,0.0,0.0,0.0,0.0,1.0,0.0,0.0,0.0,0.0,0.0,0.0,1.0,1.0,1.0,0.0,0.0,0.0,0.0,0.0,0.0,0.0,0.0,0.0,0.0,0.0,0.0,0.0,1.0,0.0,0.0,1.0,0.0,0.0,0.0,0.0,1.0,0.0,0.0,0.0,1.0,0.0,0.0,1.0,0.0,0.0,1.0,0.0,1.0,1.0,0.0,0.0,1.0,0.0,0.6,0.72,0.52,0.64,0.72,0.72,0.72,0.52,0.6,0.72,0.72,0.72,0.48,0.52,0.72,0.76,0.72,0.48,0.52,0.6799999999999999,0.6,1.0,0.48,0.48,0.56,0.6,0.88,0.43999999999999995,0.48,0.52,0.52,0.56,0.43999999999999995,0.48,0.52,0.48,0.6,0.72,0.52,0.64,0.72,0.72,0.72,0.52,0.6,0.72,0.72,0.72,0.48,0.52,0.72,0.76,0.72,0.48,0.52,0.6799999999999999,0.6,1.0,0.48,0.48,0.56,0.6,0.88,0.43999999999999995,0.48,0.52,0.52,0.56,0.43999999999999995,0.48,0.52,0.48
533,0.0,0.0,0.0,0.0,1.0,0.0,0.0,0.0,1.0,0.0,0.0,0.0,1.0,0.0,0.0,1.0,0.0,0.0,0.0,0.0,0.0,1.0,0.0,1.0,0.0,0.0,0.0,0.0,0.0,0.0,0.0,0.0,0.0,0.0,1.0,0.0,1.0,0.0,0.0,0.0,1.0,1.0,0.0,0.0,0.0,0.0,0.0,0.0,1.0,1.0,0.0,1.0,1.0,0.0,0.0,0.0,0.0,1.0,1.0,0.0,0.0,0.0,1.0,0.0,0.0,0.0,1.0,0.0,0.0,0.0,1.0,0.0,1.0,0.0,1.0,0.0,0.0,0.0,0.0,1.0,0.0,0.0,1.0,1.0,0.0,0.0,0.0,0.0,0.0,0.0,1.0,0.0,0.0,0.0,0.0,0.0,0.0,0.0,1.0,0.0,0.0,0.0,0.0,0.0,0.84,0.92,0.92,0.84,0.88,1.0,0.92,0.88,0.8,0.76,0.88,0.8,0.76,0.72,0.72,0.76,0.76,0.72,0.6799999999999999,0.6799999999999999,0.72,0.6799999999999999,0.6799999999999999,0.64,0.64,0.6799999999999999,0.64,0.64,0.6,0.6,0.64,0.6,0.6,0.56,0.56,0.6,0.84,0.92,0.92,0.84,0.88,1.0,0.92,0.88,0.8,0.76,0.88,0.8,0.76,0.72,0.72,0.76,0.76,0.72,0.6799999999999999,0.6799999999999999,0.72,0.6799999999999999,0.6799999999999999,0.64,0.64,0.6799999999999999,0.64,0.64,0.6,0.6,0.64,0.6,0.6,0.56,0.56,0.6
534,0.0,0.0,0.0,0.0,0.0,0.0,0.0,0.0,0.0,1.0,0.0,0.0,0.0,0.0,0.0,0.0,1.0,0.0,0.0,0.0,1.0,0.0,0.0,0.0,0.0,0.0,0.0,1.0,0.0,1.0,0.0,1.0,0.0,0.0,1.0,0.0,0.0,0.0,1.0,0.0,0.0,0.0,1.0,1.0,0.0,0.0,0.0,1.0,0.0,1.0,0.0,1.0,0.0,0.0,0.0,0.0,1.0,0.0,1.0,0.0,0.0,0.0,0.0,1.0,1.0,1.0,0.0,0.0,0.0,0.0,1.0,0.0,0.0,0.0,1.0,1.0,1.0,1.0,0.0,0.0,0.0,0.0,0.0,0.0,1.0,0.0,0.0,0.0,0.0,1.0,0.0,0.0,0.0,0.0,0.0,0.0,0.0,0.0,1.0,0.0,0.0,0.0,0.0,0.0,0.31999999999999995,0.31999999999999995,0.36,0.36,0.36,0.36,0.31999999999999995,0.36,0.36,0.36,0.36,0.31999999999999995,0.36,0.36,0.36,0.4,0.31999999999999995,0.36,0.4,0.4,0.4,0.31999999999999995,0.4,0.4,0.4,0.4,0.28,0.52,0.43999999999999995,0.36,0.56,0.28,1.0,0.28,0.28,0.43999999999999995,0.31999999999999995,0.31999999999999995,0.36,0.36,0.36,0.36,0.31999999999999995,0.36,0.36,0.36,0.36,0.31999999999999995,0.36,0.36,0.36,0.4,0.31999999999999995,0.36,0.4,0.4,0.4,0.31999999999999995,0.4,0.4,0.4,0.4,0.28,0.52,0.43999999999999995,0.36,0.56,0.28,1.0,0.28,0.28,0.43999999999999995
535,0.0,1.0,0.0,0.0,0.0,0.0,0.0,0.0,0.0,0.0,0.0,0.0,1.0,1.0,0.0,0.0,0.0,0.0,0.0,0.0,0.0,1.0,0.0,1.0,0.0,0.0,0.0,0.0,0.0,1.0,0.0,1.0,0.0,0.0,0.0,1.0,0.0,0.0,0.0,0.0,0.0,0.0,0.0,0.0,1.0,1.0,1.0,1.0,0.0,1.0,0.0,0.0,1.0,0.0,1.0,0.0,0.0,0.0,0.0,1.0,1.0,0.0,0.0,1.0,0.0,0.0,1.0,0.0,0.0,1.0,1.0,0.0,0.0,0.0,1.0,0.0,0.0,0.0,0.0,1.0,0.0,0.0,0.0,0.0,0.0,0.0,1.0,0.0,0.0,0.0,1.0,0.0,0.0,1.0,0.0,0.0,0.0,0.0,0.0,0.0,0.0,0.0,0.0,0.0,1.0,0.92,0.96,0.84,0.88,0.88,0.88,0.88,0.8,0.84,0.84,0.84,0.84,0.76,0.76,0.76,0.76,0.76,0.72,0.72,0.72,0.72,0.72,0.6799999999999999,0.6799999999999999,0.6799999999999999,0.6799999999999999,0.6799999999999999,0.64,0.64,0.64,0.64,0.64,0.6,0.6,0.6,1.0,0.92,0.96,0.84,0.88,0.88,0.88,0.88,0.8,0.84,0.84,0.84,0.84,0.76,0.76,0.76,0.76,0.76,0.72,0.72,0.72,0.72,0.72,0.6799999999999999,0.6799999999999999,0.6799999999999999,0.6799999999999999,0.6799999999999999,0.64,0.64,0.64,0.64,0.64,0.6,0.6,0.6
536,0.0,1.0,0.0,1.0,0.0,0.0,1.0,0.0,0.0,1.0,0.0,0.0,0.0,1.0,1.0,0.0,0.0,1.0,0.0,1.0,1.0,0.0,0.0,0.0,0.0,0.0,0.0,0.0,0.0,0.0,0.0,0.0,1.0,0.0,1.0,1.0,0.0,0.0,0.0,0.0,0.0,0.0,0.0,0.0,0.0,0.0,1.0,0.0,0.0,0.0,0.0,0.0,0.0,0.0,1.0,0.0,1.0,0.0,0.0,1.0,0.0,0.0,0.0,1.0,0.0,0.0,0.0,0.0,0.0,0.0,0.0,0.0,0.0,0.0,1.0,0.0,0.0,0.0,1.0,0.0,1.0,0.0,0.0,0.0,0.0,1.0,0.0,0.0,0.0,0.0,1.0,0.0,0.0,0.0,1.0,0.0,0.0,1.0,0.0,0.0,1.0,1.0,0.0,0.0,1.0,0.92,0.8,0.84,0.76,0.76,0.84,0.76,0.8,0.72,0.72,0.8,0.6799999999999999,0.76,0.6799999999999999,0.6799999999999999,0.76,0.64,0.6799999999999999,0.64,0.64,0.72,0.6,0.64,0.6,0.6,0.6799999999999999,0.6,0.6,0.56,0.56,0.64,0.56,0.6,0.52,0.52,1.0,0.92,0.8,0.84,0.76,0.76,0.84,0.76,0.8,0.72,0.72,0.8,0.6799999999999999,0.76,0.6799999999999999,0.6799999999999999,0.76,0.64,0.6799999999999999,0.64,0.64,0.72,0.6,0.64,0.6,0.6,0.6799999999999999,0.6,0.6,0.56,0.56,0.64,0.56,0.6,0.52,0.52
537,1.0,0.0,0.0,0.0,0.0,1.0,0.0,0.0,1.0,0.0,0.0,0.0,1.0,0.0,0.0,0.0,0.0,0.0,0.0,0.0,0.0,0.0,0.0,0.0,0.0,1.0,0.0,1.0,0.0,1.0,0.0,1.0,0.0,0.0,0.0,1.0,0.0,1.0,0.0,0.0,0.0,0.0,1.0,0.0,0.0,0.0,0.0,0.0,1.0,0.0,0.0,1.0,0.0,0.0,0.0,0.0,0.0,0.0,0.0,0.0,0.0,0.0,0.0,0.0,0.0,0.0,0.0,0.0,1.0,1.0,1.0,1.0,1.0,0.0,1.0,0.0,0.0,0.0,0.0,0.0,0.0,0.0,0.0,0.0,1.0,1.0,0.0,0.0,0.0,0.0,0.0,0.0,0.0,0.0,0.0,0.0,1.0,1.0,0.0,1.0,0.0,1.0,1.0,0.0,0.64,0.6,0.72,0.76,0.8,0.72,0.56,0.72,0.76,0.8,0.6799999999999999,0.52,0.72,0.6799999999999999,0.8,0.64,0.52,0.6,0.64,1.0,0.56,0.48,0.56,0.56,0.76,0.52,0.48,0.56,0.52,0.56,0.52,0.48,0.52,0.52,0.56,0.48,0.64,0.6,0.72,0.76,0.8,0.72,0.56,0.72,0.76,0.8,0.6799999999999999,0.52,0.72,0.6799999999999999,0.8,0.64,0.52,0.6,0.64,1.0,0.56,0.48,0.56,0.56,0.76,0.52,0.48,0.56,0.52,0.56,0.52,0.48,0.52,0.52,0.56,0.48
538,1.0,0.0,0.0,0.0,1.0,0.0,1.0,1.0,0.0,0.0,0.0,0.0,0.0,0.0,0.0,0.0,0.0,0.0,0.0,0.0,0.0,1.0,0.0,1.0,1.0,0.0,0.0,0.0,0.0,0.0,0.0,0.0,0.0,1.0,1.0,0.0,0.0,0.0,0.0,0.0,0.0,0.0,0.0,1.0,0.0,1.0,0.0,0.0,0.0,0.0,1.0,1.0,0.0,0.0,0.0,0.0,0.0,0.0,0.0,0.0,0.0,1.0,0.0,1.0,1.0,1.0,0.0,0.0,0.0,0.0,0.0,0.0,0.0,0.0,1.0,0.0,0.0,0.0,0.0,0.0,0.0,0.0,1.0,0.0,0.0,0.0,0.0,0.0,0.0,1.0,1.0,0.0,1.0,1.0,1.0,0.0,1.0,0.0,0.0,0.0,0.0,1.0,0.0,0.0,0.43999999999999995,0.48,0.48,0.48,0.52,0.52,0.48,0.48,0.48,0.52,0.52,0.48,0.43999999999999995,0.43999999999999995,0.52,0.6799999999999999,0.48,0.43999999999999995,0.43999999999999995,0.6799999999999999,0.6799999999999999,0.52,0.4,0.4,0.6799999999999999,0.6,0.48,0.4,0.4,1.0,0.6,0.4,0.4,0.4,0.43999999999999995,0.43999999999999995,0.43999999999999995,0.48,0.48,0.48,0.52,0.52,0.48,0.48,0.48,0.52,0.52,0.48,0.43999999999999995,0.43999999999999995,0.52,0.6799999999999999,0.48,0.43999999999999995,0.43999999999999995,0.6799999999999999,0.6799999999999999,0.52,0.4,0.4,0.6799999999999999,0.6,0.48,0.4,0.4,1.0,0.6,0.4,0.4,0.4,0.43999999999999995,0.43999999999999995
539,0.0,1.0,1.0,0.0,0.0,0.0,0.0,1.0,1.0,1.0,0.0,0.0,0.0,1.0,0.0,0.0,0.0,0.0,0.0,0.0,0.0,0.0,1.0,0.0,0.0,0.0,0.0,0.0,0.0,1.0,0.0,1.0,0.0,0.0,0.0,0.0,1.0,0.0,0.0,1.0,0.0,0.0,1.0,0.0,0.0,0.0,0.0,0.0,1.0,0.0,0.0,0.0,0.0,0.0,0.0,0.0,1.0,1.0,0.0,0.0,0.0,0.0,0.0,1.0,0.0,0.0,1.0,1.0,0.0,1.0,0.0,0.0,0.0,1.0,0.0,0.0,1.0,0.0,0.0,0.0,0.0,0.0,0.0,0.0,0.0,0.0,0.0,0.0,0.0,1.0,0.0,0.0,1.0,0.0,0.0,1.0,0.0,0.0,1.0,1.0,0.0,0.0,0.0,0.0,1.0,0.88,0.84,0.72,0.76,0.72,0.84,0.76,0.6799999999999999,0.72,0.6799999999999999,0.76,0.72,0.64,0.6799999999999999,0.64,0.72,0.6799999999999999,0.6,0.64,0.6,0.6799999999999999,0.64,0.56,0.6,0.56,0.64,0.6,0.52,0.56,0.56,0.6,0.56,0.52,0.56,0.52,1.0,0.88,0.84,0.72,0.76,0.72,0.84,0.76,0.6799999999999999,0.72,0.6799999999999999,0.76,0.72,0.64,0.6799999999999999,0.64,0.72,0.6799999999999999,0.6,0.64,0.6,0.6799999999999999,0.64,0.56,0.6,0.56,0.64,0.6,0.52,0.56,0.56,0.6,0.56,0.52,0.56,0.52
540,0.0,0.0,0.0,0.0,0.0,0.0,1.0,0.0,0.0,0.0,0.0,1.0,1.0,0.0,0.0,1.0,0.0,0.0,0.0,0.0,1.0,0.0,0.0,0.0,0.0,0.0,0.0,0.0,1.0,0.0,1.0,1.0,0.0,0.0,0.0,0.0,1.0,1.0,0.0,0.0,0.0,0.0,0.0,0.0,0.0,1.0,0.0,1.0,0.0,1.0,0.0,0.0,1.0,0.0,1.0,0.0,0.0,1.0,0.0,1.0,0.0,1.0,1.0,0.0,0.0,0.0,0.0,0.0,0.0,1.0,0.0,1.0,0.0,0.0,0.0,0.0,0.0,0.0,0.0,0.0,0.0,0.0,0.0,0.0,1.0,1.0,0.0,0.0,0.0,0.0,1.0,0.0,1.0,0.0,0.0,0.0,1.0,0.0,0.0,0.0,0.0,0.0,0.0,0.0,0.84,0.88,0.6,1.0,0.64,0.6799999999999999,0.88,0.56,0.88,0.6,0.64,0.84,0.56,0.8,0.56,0.6,0.76,0.52,0.76,0.56,0.56,0.72,0.52,0.6799999999999999,0.52,0.56,0.6799999999999999,0.48,0.64,0.52,0.52,0.64,0.48,0.6,0.48,0.52,0.84,0.88,0.6,1.0,0.64,0.6799999999999999,0.88,0.56,0.88,0.6,0.64,0.84,0.56,0.8,0.56,0.6,0.76,0.52,0.76,0.56,0.56,0.72,0.52,0.6799999999999999,0.52,0.56,0.6799999999999999,0.48,0.64,0.52,0.52,0.64,0.48,0.6,0.48,0.52
541,0.0,0.0,0.0,0.0,0.0,1.0,1.0,1.0,0.0,0.0,0.0,1.0,0.0,1.0,0.0,0.0,0.0,0.0,0.0,0.0,0.0,0.0,0.0,1.0,0.0,0.0,1.0,1.0,1.0,0.0,1.0,0.0,0.0,0.0,0.0,0.0,0.0,0.0,0.0,0.0,0.0,1.0,0.0,0.0,1.0,0.0,1.0,0.0,0.0,0.0,0.0,0.0,0.0,0.0,1.0,0.0,0.0,0.0,0.0,0.0,0.0,0.0,0.0,0.0,1.0,0.0,0.0,1.0,1.0,1.0,0.0,0.0,0.0,1.0,0.0,0.0,0.0,1.0,0.0,0.0,0.0,1.0,0.0,0.0,0.0,0.0,1.0,0.0,1.0,0.0,0.0,0.0,0.0,0.0,0.0,0.0,0.0,1.0,0.0,1.0,0.0,1.0,0.0,0.0,1.0,0.84,0.88,0.88,0.8,0.84,0.76,0.84,0.84,0.76,0.76,0.72,0.8,0.76,0.72,0.72,0.6799999999999999,0.76,0.72,0.6799999999999999,0.6799999999999999,0.64,0.6799999999999999,0.6799999999999999,0.64,0.64,0.6,0.64,0.64,0.6,0.6,0.56,0.6,0.6,0.56,0.56,1.0,0.84,0.88,0.88,0.8,0.84,0.76,0.84,0.84,0.76,0.76,0.72,0.8,0.76,0.72,0.72,0.6799999999999999,0.76,0.72,0.6799999999999999,0.6799999999999999,0.64,0.6799999999999999,0.6799999999999999,0.64,0.64,0.6,0.64,0.64,0.6,0.6,0.56,0.6,0.6,0.56,0.56
542,0.0,0.0,0.0,1.0,0.0,0.0,0.0,0.0,0.0,0.0,0.0,0.0,0.0,0.0,0.0,0.0,0.0,0.0,1.0,1.0,0.0,0.0,0.0,1.0,0.0,1.0,1.0,1.0,0.0,1.0,1.0,0.0,1.0,0.0,0.0,0.0,0.0,0.0,0.0,1.0,0.0,1.0,1.0,0.0,0.0,0.0,0.0,0.0,0.0,0.0,0.0,0.0,0.0,1.0,0.0,0.0,0.0,1.0,0.0,0.0,1.0,1.0,1.0,0.0,1.0,1.0,0.0,0.0,1.0,1.0,0.0,0.0,0.0,0.0,1.0,0.0,0.0,0.0,0.0,0.0,0.0,0.0,0.0,0.0,0.0,0.0,0.0,0.0,0.0,0.0,1.0,0.0,0.0,0.0,0.0,0.0,0.0,0.0,1.0,0.0,0.0,0.0,1.0,0.0,0.6799999999999999,0.8,0.8,0.6799999999999999,0.6,0.6799999999999999,0.8,0.8,0.64,0.56,0.64,0.76,0.8,0.56,0.56,0.64,0.6799999999999999,0.76,0.56,0.52,0.6,0.76,0.8,0.52,0.52,0.6,0.76,1.0,0.52,0.48,0.52,0.56,0.6,0.48,0.48,0.48,0.6799999999999999,0.8,0.8,0.6799999999999999,0.6,0.6799999999999999,0.8,0.8,0.64,0.56,0.64,0.76,0.8,0.56,0.56,0.64,0.6799999999999999,0.76,0.56,0.52,0.6,0.76,0.8,0.52,0.52,0.6,0.76,1.0,0.52,0.48,0.52,0.56,0.6,0.48,0.48,0.48
543,1.0,0.0,0.0,1.0,0.0,0.0,0.0,0.0,0.0,0.0,0.0,0.0,0.0,0.0,0.0,0.0,0.0,0.0,0.0,1.0,1.0,0.0,0.0,0.0,0.0,1.0,0.0,0.0,1.0,0.0,1.0,0.0,0.0,0.0,0.0,1.0,1.0,0.0,0.0,0.0,0.0,1.0,0.0,0.0,1.0,0.0,1.0,0.0,0.0,0.0,1.0,0.0,0.0,1.0,1.0,0.0,1.0,0.0,0.0,0.0,1.0,0.0,1.0,0.0,0.0,0.0,1.0,0.0,0.0,0.0,0.0,0.0,0.0,0.0,0.0,0.0,1.0,0.0,1.0,1.0,0.0,0.0,0.0,0.0,0.0,0.0,1.0,0.0,0.0,0.0,0.0,1.0,0.0,0.0,0.0,0.0,0.0,0.0,0.0,0.0,1.0,1.0,0.0,0.0,0.96,0.88,0.76,1.0,0.92,0.84,0.8,0.72,0.88,0.84,0.8,0.76,0.6799999999999999,0.8,0.8,0.76,0.72,0.64,0.76,0.76,0.72,0.6799999999999999,0.6,0.72,0.72,0.6799999999999999,0.64,0.56,0.6799999999999999,0.6799999999999999,0.64,0.6,0.56,0.64,0.64,0.6,0.96,0.88,0.76,1.0,0.92,0.84,0.8,0.72,0.88,0.84,0.8,0.76,0.6799999999999999,0.8,0.8,0.76,0.72,0.64,0.76,0.76,0.72,0.6799999999999999,0.6,0.72,0.72,0.6799999999999999,0.64,0.56,0.6799999999999999,0.6799999999999999,0.64,0.6,0.56,0.64,0.64,0.6
544,0.0,1.0,0.0,0.0,1.0,0.0,1.0,1.0,1.0,1.0,0.0,0.0,0.0,0.0,1.0,0.0,0.0,0.0,0.0,0.0,0.0,0.0,0.0,0.0,0.0,0.0,0.0,0.0,0.0,0.0,1.0,0.0,0.0,0.0,1.0,1.0,0.0,0.0,0.0,0.0,0.0,0.0,0.0,0.0,1.0,0.0,1.0,0.0,0.0,1.0,0.0,0.0,0.0,0.0,0.0,0.0,0.0,1.0,0.0,0.0,0.0,0.0,0.0,0.0,0.0,0.0,0.0,0.0,0.0,0.0,1.0,1.0,0.0,0.0,1.0,1.0,1.0,0.0,1.0,0.0,1.0,0.0,0.0,0.0,0.0,1.0,0.0,0.0,0.0,1.0,0.0,0.0,1.0,0.0,1.0,0.0,0.0,0.0,0.0,1.0,0.0,0.0,0.0,0.0,1.0,0.8,0.8,0.84,0.76,0.76,0.76,0.76,0.76,0.72,0.72,0.72,0.72,0.72,0.6799999999999999,0.6799999999999999,0.6799999999999999,0.6799999999999999,0.6799999999999999,0.64,0.64,0.64,0.64,0.64,0.6,0.6,0.6,0.6,0.6,0.56,0.56,0.56,0.56,0.56,0.52,0.56,1.0,0.8,0.8,0.84,0.76,0.76,0.76,0.76,0.76,0.72,0.72,0.72,0.72,0.72,0.6799999999999999,0.6799999999999999,0.6799999999999999,0.6799999999999999,0.6799999999999999,0.64,0.64,0.64,0.64,0.64,0.6,0.6,0.6,0.6,0.6,0.56,0.56,0.56,0.56,0.56,0.52,0.56
545,0.0,0.0,0.0,0.0,0.0,0.0,0.0,0.0,0.0,0.0,1.0,1.0,0.0,0.0,0.0,0.0,1.0,0.0,0.0,0.0,0.0,0.0,0.0,0.0,1.0,0.0,0.0,0.0,0.0,1.0,0.0,0.0,0.0,0.0,1.0,1.0,1.0,0.0,1.0,0.0,0.0,0.0,0.0,1.0,0.0,0.0,0.0,1.0,1.0,1.0,0.0,0.0,0.0,0.0,0.0,0.0,1.0,0.0,1.0,1.0,1.0,0.0,0.0,0.0,0.0,0.0,0.0,0.0,0.0,1.0,0.0,0.0,0.0,0.0,0.0,0.0,0.0,1.0,0.0,1.0,0.0,0.0,1.0,1.0,1.0,1.0,0.0,0.0,0.0,0.0,0.0,0.0,0.0,1.0,0.0,0.0,0.0,0.0,0.0,0.0,0.0,0.0,1.0,0.0,0.56,0.64,0.52,0.72,0.64,0.64,0.6,0.52,0.72,0.6,0.56,0.52,0.48,0.72,0.52,0.6,0.52,0.48,1.0,0.52,0.56,0.48,0.48,0.6,0.48,0.48,0.48,0.43999999999999995,0.52,0.48,0.48,0.48,0.43999999999999995,0.52,0.48,0.48,0.56,0.64,0.52,0.72,0.64,0.64,0.6,0.52,0.72,0.6,0.56,0.52,0.48,0.72,0.52,0.6,0.52,0.48,1.0,0.52,0.56,0.48,0.48,0.6,0.48,0.48,0.48,0.43999999999999995,0.52,0.48,0.48,0.48,0.43999999999999995,0.52,0.48,0.48
546,0.0,0.0,1.0,0.0,0.0,0.0,0.0,1.0,0.0,0.0,0.0,0.0,0.0,0.0,0.0,0.0,1.0,0.0,0.0,0.0,0.0,1.0,0.0,1.0,1.0,1.0,0.0,0.0,1.0,0.0,0.0,0.0,0.0,0.0,0.0,0.0,0.0,0.0,0.0,1.0,1.0,0.0,0.0,1.0,0.0,0.0,0.0,0.0,1.0,0.0,0.0,1.0,1.0,1.0,0.0,0.0,1.0,0.0,0.0,0.0,0.0,0.0,0.0,0.0,0.0,0.0,0.0,0.0,0.0,0.0,0.0,0.0,1.0,0.0,0.0,0.0,0.0,0.0,1.0,0.0,0.0,1.0,0.0,0.0,1.0,1.0,0.0,0.0,0.0,1.0,0.0,0.0,0.0,1.0,0.0,0.0,0.0,0.0,1.0,1.0,0.0,0.0,1.0,0.0,0.64,0.56,0.72,0.6,0.8,0.56,0.52,0.6799999999999999,0.56,0.8,0.52,0.52,0.6799999999999999,0.52,0.8,0.52,0.48,0.6,0.52,1.0,0.48,0.48,0.56,0.48,0.6,0.48,0.48,0.52,0.48,0.56,0.48,0.43999999999999995,0.52,0.48,0.56,0.43999999999999995,0.64,0.56,0.72,0.6,0.8,0.56,0.52,0.6799999999999999,0.56,0.8,0.52,0.52,0.6799999999999999,0.52,0.8,0.52,0.48,0.6,0.52,1.0,0.48,0.48,0.56,0.48,0.6,0.48,0.48,0.52,0.48,0.56,0.48,0.43999999999999995,0.52,0.48,0.56,0.43999999999999995
547,0.0,0.0,0.0,0.0,0.0,0.0,1.0,0.0,0.0,0.0,0.0,0.0,0.0,0.0,1.0,0.0,1.0,1.0,1.0,0.0,0.0,0.0,1.0,1.0,0.0,0.0,0.0,0.0,0.0,1.0,0.0,1.0,0.0,0.0,1.0,0.0,0.0,0.0,1.0,0.0,0.0,0.0,1.0,0.0,0.0,0.0,1.0,0.0,0.0,0.0,0.0,0.0,0.0,0.0,0.0,0.0,1.0,0.0,0.0,0.0,1.0,0.0,0.0,0.0,1.0,0.0,0.0,0.0,0.0,0.0,0.0,0.0,0.0,0.0,0.0,0.0,1.0,0.0,0.0,0.0,0.0,0.0,0.0,0.0,1.0,1.0,0.0,0.0,0.0,1.0,0.0,1.0,1.0,1.0,0.0,0.0,0.0,0.0,0.0,1.0,1.0,0.0,1.0,0.0,0.64,0.6,0.76,0.76,0.8,0.64,0.56,0.76,0.76,0.8,0.6,0.52,0.72,0.76,0.76,0.64,0.52,0.6799999999999999,0.6,1.0,0.56,0.48,0.6,0.56,0.6,0.52,0.48,0.56,0.56,0.56,0.52,0.48,0.52,0.52,0.56,0.48,0.64,0.6,0.76,0.76,0.8,0.64,0.56,0.76,0.76,0.8,0.6,0.52,0.72,0.76,0.76,0.64,0.52,0.6799999999999999,0.6,1.0,0.56,0.48,0.6,0.56,0.6,0.52,0.48,0.56,0.56,0.56,0.52,0.48,0.52,0.52,0.56,0.48
548,0.0,0.0,0.0,0.0,0.0,0.0,0.0,1.0,1.0,0.0,1.0,0.0,0.0,0.0,1.0,0.0,0.0,0.0,0.0,0.0,1.0,0.0,0.0,0.0,1.0,0.0,1.0,0.0,0.0,0.0,0.0,0.0,0.0,0.0,0.0,0.0,1.0,1.0,0.0,0.0,0.0,0.0,0.0,1.0,0.0,1.0,0.0,0.0,1.0,0.0,0.0,1.0,0.0,0.0,0.0,0.0,1.0,0.0,1.0,0.0,0.0,0.0,0.0,1.0,1.0,0.0,0.0,0.0,0.0,1.0,0.0,0.0,0.0,0.0,0.0,1.0,0.0,0.0,0.0,1.0,1.0,0.0,0.0,1.0,1.0,0.0,1.0,0.0,0.0,0.0,0.0,0.0,0.0,0.0,0.0,0.0,1.0,0.0,1.0,0.0,0.0,0.0,0.0,0.0,0.64,0.76,0.6799999999999999,0.8,0.76,0.8,0.76,0.6,0.8,0.72,0.8,0.6799999999999999,0.56,0.8,0.6,1.0,0.64,0.52,0.76,0.56,0.6799999999999999,0.56,0.52,0.6,0.56,0.6,0.56,0.48,0.56,0.52,0.56,0.52,0.48,0.52,0.52,0.52,0.64,0.76,0.6799999999999999,0.8,0.76,0.8,0.76,0.6,0.8,0.72,0.8,0.6799999999999999,0.56,0.8,0.6,1.0,0.64,0.52,0.76,0.56,0.6799999999999999,0.56,0.52,0.6,0.56,0.6,0.56,0.48,0.56,0.52,0.56,0.52,0.48,0.52,0.52,0.52
549,1.0,1.0,0.0,1.0,0.0,0.0,1.0,1.0,0.0,0.0,0.0,0.0,1.0,0.0,0.0,0.0,1.0,0.0,0.0,0.0,0.0,0.0,1.0,0.0,0.0,0.0,0.0,0.0,1.0,0.0,0.0,0.0,1.0,0.0,0.0,0.0,0.0,0.0,1.0,0.0,0.0,1.0,0.0,0.0,0.0,0.0,0.0,0.0,0.0,0.0,0.0,1.0,0.0,0.0,1.0,0.0,0.0,0.0,0.0,0.0,0.0,1.0,1.0,0.0,0.0,1.0,1.0,0.0,0.0,1.0,0.0,0.0,1.0,0.0,0.0,0.0,0.0,0.0,0.0,0.0,0.0,1.0,0.0,0.0,0.0,1.0,0.0,0.0,0.0,0.0,0.0,1.0,0.0,0.0,1.0,1.0,0.0,1.0,0.0,0.0,0.0,0.0,0.0,0.0,0.88,1.0,0.6799999999999999,0.6799999999999999,0.6799999999999999,0.72,0.92,0.64,0.64,0.64,0.6799999999999999,0.84,0.6,0.6,0.6,0.64,0.76,0.6,0.56,0.6,0.6,0.72,0.56,0.52,0.56,0.56,0.6799999999999999,0.52,0.52,0.52,0.56,0.64,0.52,0.48,0.52,0.52,0.88,1.0,0.6799999999999999,0.6799999999999999,0.6799999999999999,0.72,0.92,0.64,0.64,0.64,0.6799999999999999,0.84,0.6,0.6,0.6,0.64,0.76,0.6,0.56,0.6,0.6,0.72,0.56,0.52,0.56,0.56,0.6799999999999999,0.52,0.52,0.52,0.56,0.64,0.52,0.48,0.52,0.52
550,0.0,0.0,0.0,0.0,0.0,0.0,1.0,1.0,0.0,0.0,0.0,0.0,0.0,0.0,0.0,1.0,1.0,1.0,0.0,0.0,0.0,0.0,0.0,0.0,1.0,0.0,0.0,0.0,0.0,0.0,0.0,0.0,0.0,0.0,1.0,0.0,0.0,0.0,0.0,0.0,1.0,0.0,1.0,0.0,1.0,1.0,1.0,0.0,1.0,0.0,0.0,0.0,1.0,0.0,1.0,1.0,1.0,0.0,0.0,0.0,0.0,0.0,0.0,0.0,0.0,1.0,1.0,0.0,0.0,0.0,0.0,0.0,0.0,0.0,1.0,0.0,0.0,0.0,0.0,0.0,0.0,0.0,0.0,1.0,1.0,0.0,0.0,0.0,0.0,0.0,0.0,0.0,0.0,1.0,0.0,0.0,0.0,0.0,0.0,0.0,0.0,1.0,1.0,1.0,0.84,0.6,0.6799999999999999,0.6,1.0,0.64,0.56,0.64,0.56,0.88,0.6,0.56,0.6,0.52,0.8,0.56,0.52,0.6,0.52,0.76,0.52,0.52,0.56,0.48,0.6799999999999999,0.52,0.48,0.52,0.48,0.64,0.48,0.48,0.52,0.48,0.6,0.48,0.84,0.6,0.6799999999999999,0.6,1.0,0.64,0.56,0.64,0.56,0.88,0.6,0.56,0.6,0.52,0.8,0.56,0.52,0.6,0.52,0.76,0.52,0.52,0.56,0.48,0.6799999999999999,0.52,0.48,0.52,0.48,0.64,0.48,0.48,0.52,0.48,0.6,0.48
551,0.0,0.0,0.0,0.0,0.0,0.0,0.0,0.0,0.0,1.0,0.0,0.0,1.0,1.0,0.0,0.0,1.0,0.0,1.0,0.0,0.0,0.0,0.0,0.0,0.0,1.0,1.0,0.0,0.0,1.0,0.0,0.0,0.0,0.0,0.0,0.0,0.0,0.0,1.0,0.0,1.0,1.0,0.0,0.0,0.0,1.0,0.0,0.0,0.0,0.0,0.0,1.0,0.0,1.0,1.0,0.0,0.0,0.0,0.0,0.0,0.0,0.0,1.0,1.0,0.0,0.0,0.0,1.0,0.0,1.0,0.0,0.0,1.0,0.0,0.0,0.0,0.0,0.0,0.0,0.0,0.0,0.0,1.0,0.0,0.0,1.0,0.0,1.0,1.0,0.0,0.0,0.0,0.0,0.0,0.0,0.0,0.0,0.0,1.0,0.0,0.0,1.0,0.0,0.0,0.6,0.6799999999999999,0.6799999999999999,0.6799999999999999,0.64,0.72,0.6799999999999999,0.6799999999999999,0.6799999999999999,0.64,0.72,0.6,0.6799999999999999,0.6799999999999999,0.56,1.0,0.56,0.56,0.6,0.52,0.6799999999999999,0.52,0.52,0.52,0.52,0.52,0.52,0.52,0.52,0.48,0.52,0.48,0.48,0.48,0.48,0.48,0.6,0.6799999999999999,0.6799999999999999,0.6799999999999999,0.64,0.72,0.6799999999999999,0.6799999999999999,0.6799999999999999,0.64,0.72,0.6,0.6799999999999999,0.6799999999999999,0.56,1.0,0.56,0.56,0.6,0.52,0.6799999999999999,0.52,0.52,0.52,0.52,0.52,0.52,0.52,0.52,0.48,0.52,0.48,0.48,0.48,0.48,0.48
552,1.0,0.0,0.0,0.0,1.0,0.0,0.0,0.0,0.0,1.0,0.0,0.0,0.0,0.0,0.0,1.0,0.0,0.0,0.0,1.0,0.0,1.0,0.0,0.0,0.0,0.0,0.0,1.0,0.0,0.0,1.0,0.0,1.0,0.0,0.0,0.0,0.0,1.0,0.0,1.0,0.0,0.0,0.0,1.0,0.0,0.0,1.0,0.0,0.0,0.0,0.0,0.0,0.0,1.0,1.0,0.0,0.0,0.0,1.0,0.0,0.0,0.0,1.0,0.0,0.0,0.0,1.0,0.0,0.0,1.0,0.0,0.0,0.0,0.0,0.0,0.0,0.0,0.0,1.0,0.0,1.0,1.0,0.0,1.0,0.0,0.0,0.0,0.0,0.0,0.0,0.0,0.0,0.0,0.0,0.0,0.0,1.0,0.0,0.0,0.0,0.0,1.0,0.0,1.0,1.0,0.76,0.6799999999999999,0.8,0.72,0.72,0.72,0.64,0.76,0.6799999999999999,0.6799999999999999,0.6799999999999999,0.6,0.72,0.64,0.64,0.64,0.6,0.6799999999999999,0.6,0.6,0.6,0.56,0.64,0.56,0.56,0.56,0.52,0.6,0.52,0.56,0.56,0.52,0.56,0.52,0.52,1.0,0.76,0.6799999999999999,0.8,0.72,0.72,0.72,0.64,0.76,0.6799999999999999,0.6799999999999999,0.6799999999999999,0.6,0.72,0.64,0.64,0.64,0.6,0.6799999999999999,0.6,0.6,0.6,0.56,0.64,0.56,0.56,0.56,0.52,0.6,0.52,0.56,0.56,0.52,0.56,0.52,0.52
553,0.0,0.0,1.0,1.0,0.0,1.0,0.0,0.0,0.0,1.0,1.0,0.0,1.0,0.0,0.0,1.0,0.0,0.0,0.0,0.0,0.0,0.0,1.0,1.0,0.0,0.0,1.0,0.0,1.0,1.0,0.0,0.0,0.0,0.0,1.0,0.0,0.0,0.0,0.0,0.0,0.0,0.0,0.0,0.0,0.0,0.0,0.0,0.0,0.0,0.0,0.0,0.0,0.0,0.0,0.0,0.0,0.0,0.0,1.0,1.0,0.0,0.0,0.0,0.0,0.0,0.0,0.0,0.0,1.0,1.0,0.0,0.0,0.0,0.0,0.0,0.0,1.0,1.0,0.0,1.0,0.0,0.0,0.0,1.0,0.0,0.0,0.0,0.0,0.0,0.0,0.0,0.0,0.0,1.0,1.0,0.0,0.0,1.0,0.0,0.0,0.0,0.0,1.0,1.0,0.84,0.96,0.96,0.88,0.8,1.0,0.96,0.96,0.8,0.72,0.92,0.92,0.88,0.72,0.6799999999999999,0.88,0.88,0.8,0.6799999999999999,0.64,0.76,0.76,0.72,0.64,0.6,0.6799999999999999,0.72,0.6799999999999999,0.6,0.56,0.64,0.6799999999999999,0.64,0.56,0.56,0.6,0.84,0.96,0.96,0.88,0.8,1.0,0.96,0.96,0.8,0.72,0.92,0.92,0.88,0.72,0.6799999999999999,0.88,0.88,0.8,0.6799999999999999,0.64,0.76,0.76,0.72,0.64,0.6,0.6799999999999999,0.72,0.6799999999999999,0.6,0.56,0.64,0.6799999999999999,0.64,0.56,0.56,0.6
554,0.0,1.0,0.0,1.0,0.0,0.0,0.0,0.0,0.0,0.0,0.0,1.0,0.0,0.0,1.0,0.0,0.0,0.0,1.0,0.0,0.0,0.0,0.0,1.0,0.0,0.0,0.0,0.0,0.0,0.0,0.0,0.0,0.0,1.0,0.0,1.0,0.0,1.0,1.0,0.0,0.0,0.0,0.0,0.0,1.0,0.0,1.0,1.0,0.0,0.0,0.0,0.0,1.0,0.0,1.0,0.0,0.0,0.0,0.0,0.0,1.0,0.0,0.0,0.0,0.0,1.0,0.0,0.0,0.0,1.0,0.0,1.0,0.0,1.0,0.0,0.0,1.0,0.0,0.0,0.0,0.0,0.0,1.0,0.0,0.0,0.0,1.0,0.0,0.0,0.0,0.0,1.0,1.0,0.0,0.0,0.0,0.0,0.0,0.0,0.0,0.0,0.0,1.0,0.0,0.88,0.8,1.0,0.84,0.76,0.84,0.76,0.88,0.76,0.72,0.76,0.6799999999999999,0.84,0.72,0.6799999999999999,0.72,0.64,0.76,0.6799999999999999,0.64,0.6799999999999999,0.6,0.72,0.64,0.6,0.64,0.6,0.6799999999999999,0.6,0.56,0.6,0.56,0.64,0.56,0.56,0.56,0.88,0.8,1.0,0.84,0.76,0.84,0.76,0.88,0.76,0.72,0.76,0.6799999999999999,0.84,0.72,0.6799999999999999,0.72,0.64,0.76,0.6799999999999999,0.64,0.6799999999999999,0.6,0.72,0.64,0.6,0.64,0.6,0.6799999999999999,0.6,0.56,0.6,0.56,0.64,0.56,0.56,0.56
555,0.0,0.0,0.0,0.0,0.0,1.0,0.0,0.0,0.0,1.0,0.0,0.0,0.0,0.0,1.0,1.0,1.0,1.0,0.0,0.0,0.0,0.0,0.0,0.0,0.0,1.0,0.0,0.0,1.0,0.0,0.0,0.0,0.0,1.0,0.0,0.0,1.0,0.0,0.0,0.0,0.0,0.0,0.0,1.0,1.0,0.0,0.0,1.0,0.0,0.0,0.0,0.0,1.0,0.0,0.0,1.0,0.0,0.0,0.0,0.0,0.0,0.0,0.0,1.0,0.0,0.0,0.0,0.0,0.0,0.0,0.0,0.0,1.0,1.0,1.0,0.0,0.0,0.0,0.0,0.0,0.0,1.0,0.0,1.0,1.0,0.0,1.0,1.0,0.0,0.0,0.0,0.0,0.0,1.0,0.0,0.0,0.0,0.0,0.0,0.0,1.0,0.0,0.0,0.0,1.0,0.72,0.84,0.84,0.6799999999999999,0.72,0.6799999999999999,0.8,0.8,0.64,0.6799999999999999,0.64,0.76,0.76,0.6,0.64,0.6,0.6799999999999999,0.72,0.6,0.6,0.56,0.64,0.6799999999999999,0.56,0.56,0.52,0.6,0.64,0.52,0.52,0.52,0.6,0.6,0.52,0.52,1.0,0.72,0.84,0.84,0.6799999999999999,0.72,0.6799999999999999,0.8,0.8,0.64,0.6799999999999999,0.64,0.76,0.76,0.6,0.64,0.6,0.6799999999999999,0.72,0.6,0.6,0.56,0.64,0.6799999999999999,0.56,0.56,0.52,0.6,0.64,0.52,0.52,0.52,0.6,0.6,0.52,0.52
556,0.0,0.0,1.0,0.0,0.0,0.0,1.0,0.0,0.0,0.0,0.0,1.0,0.0,0.0,0.0,0.0,0.0,0.0,0.0,1.0,0.0,0.0,1.0,1.0,0.0,0.0,0.0,0.0,0.0,0.0,1.0,0.0,0.0,0.0,0.0,0.0,1.0,1.0,0.0,0.0,0.0,0.0,0.0,0.0,0.0,1.0,1.0,1.0,0.0,0.0,1.0,0.0,0.0,0.0,0.0,1.0,1.0,0.0,0.0,0.0,0.0,1.0,0.0,0.0,1.0,0.0,0.0,0.0,0.0,1.0,0.0,0.0,1.0,0.0,0.0,0.0,0.0,0.0,1.0,0.0,0.0,1.0,0.0,0.0,0.0,0.0,1.0,0.0,0.0,0.0,1.0,0.0,1.0,0.0,1.0,0.0,0.0,0.0,0.0,0.0,0.0,0.0,0.0,1.0,0.6,0.6799999999999999,0.64,0.6799999999999999,0.6799999999999999,0.72,0.6799999999999999,0.6,0.6799999999999999,0.6799999999999999,0.72,0.6799999999999999,0.52,0.6799999999999999,0.6799999999999999,1.0,0.64,0.52,0.6799999999999999,0.6799999999999999,0.76,0.56,0.48,0.52,0.52,0.56,0.52,0.48,0.52,0.52,0.52,0.52,0.48,0.48,0.48,0.52,0.6,0.6799999999999999,0.64,0.6799999999999999,0.6799999999999999,0.72,0.6799999999999999,0.6,0.6799999999999999,0.6799999999999999,0.72,0.6799999999999999,0.52,0.6799999999999999,0.6799999999999999,1.0,0.64,0.52,0.6799999999999999,0.6799999999999999,0.76,0.56,0.48,0.52,0.52,0.56,0.52,0.48,0.52,0.52,0.52,0.52,0.48,0.48,0.48,0.52
557,1.0,0.0,0.0,0.0,0.0,0.0,1.0,0.0,0.0,0.0,0.0,0.0,1.0,0.0,0.0,0.0,0.0,1.0,0.0,0.0,0.0,0.0,1.0,0.0,1.0,0.0,0.0,0.0,1.0,1.0,0.0,0.0,1.0,0.0,0.0,0.0,0.0,0.0,1.0,1.0,0.0,1.0,0.0,0.0,0.0,0.0,0.0,0.0,0.0,0.0,0.0,1.0,0.0,0.0,0.0,0.0,0.0,0.0,0.0,1.0,0.0,0.0,0.0,0.0,0.0,1.0,1.0,0.0,0.0,0.0,1.0,0.0,0.0,1.0,0.0,0.0,0.0,0.0,1.0,1.0,0.0,0.0,0.0,0.0,0.0,1.0,1.0,1.0,0.0,0.0,0.0,0.0,1.0,0.0,0.0,0.0,0.0,0.0,1.0,0.0,1.0,0.0,0.0,0.0,0.8,0.64,0.88,1.0,0.72,0.72,0.6,0.76,1.0,0.6799999999999999,0.6799999999999999,0.6,0.72,0.92,0.64,0.64,0.56,0.6799999999999999,0.76,0.6,0.6,0.52,0.64,0.72,0.56,0.56,0.52,0.6,0.6799999999999999,0.56,0.56,0.48,0.56,0.64,0.52,0.52,0.8,0.64,0.88,1.0,0.72,0.72,0.6,0.76,1.0,0.6799999999999999,0.6799999999999999,0.6,0.72,0.92,0.64,0.64,0.56,0.6799999999999999,0.76,0.6,0.6,0.52,0.64,0.72,0.56,0.56,0.52,0.6,0.6799999999999999,0.56,0.56,0.48,0.56,0.64,0.52,0.52
558,0.0,0.0,0.0,0.0,0.0,1.0,0.0,1.0,0.0,0.0,1.0,0.0,1.0,0.0,0.0,0.0,1.0,0.0,0.0,0.0,0.0,0.0,1.0,0.0,0.0,1.0,0.0,1.0,0.0,1.0,0.0,0.0,0.0,1.0,0.0,0.0,0.0,0.0,1.0,0.0,1.0,0.0,0.0,0.0,0.0,0.0,1.0,0.0,0.0,0.0,0.0,0.0,0.0,0.0,1.0,0.0,0.0,0.0,0.0,0.0,0.0,0.0,0.0,1.0,0.0,0.0,0.0,0.0,0.0,0.0,0.0,1.0,1.0,0.0,0.0,0.0,0.0,0.0,1.0,0.0,1.0,0.0,1.0,0.0,1.0,0.0,1.0,0.0,0.0,0.0,0.0,0.0,0.0,1.0,0.0,1.0,0.0,0.0,0.0,0.0,0.0,1.0,0.0,1.0,0.56,0.64,0.64,0.72,0.64,0.64,0.6,0.56,0.72,0.64,0.6,0.56,0.56,0.72,0.52,0.52,0.52,0.52,1.0,0.52,0.52,0.52,0.48,0.76,0.48,0.48,0.48,0.48,0.52,0.48,0.48,0.48,0.48,0.52,0.48,0.48,0.56,0.64,0.64,0.72,0.64,0.64,0.6,0.56,0.72,0.64,0.6,0.56,0.56,0.72,0.52,0.52,0.52,0.52,1.0,0.52,0.52,0.52,0.48,0.76,0.48,0.48,0.48,0.48,0.52,0.48,0.48,0.48,0.48,0.52,0.48,0.48
559,0.0,0.0,0.0,0.0,0.0,1.0,0.0,1.0,1.0,0.0,1.0,1.0,1.0,0.0,1.0,1.0,0.0,0.0,1.0,0.0,0.0,1.0,0.0,0.0,0.0,0.0,0.0,0.0,0.0,0.0,0.0,0.0,0.0,0.0,1.0,0.0,0.0,0.0,1.0,0.0,0.0,1.0,0.0,0.0,0.0,0.0,0.0,0.0,0.0,0.0,0.0,0.0,0.0,1.0,0.0,1.0,0.0,0.0,0.0,0.0,0.0,0.0,0.0,0.0,0.0,0.0,0.0,0.0,1.0,0.0,0.0,0.0,1.0,0.0,1.0,0.0,0.0,0.0,0.0,0.0,0.0,1.0,1.0,0.0,1.0,0.0,0.0,0.0,0.0,0.0,0.0,0.0,1.0,0.0,0.0,1.0,1.0,1.0,0.0,0.0,0.0,0.0,1.0,0.0,0.88,1.0,0.8,0.6799999999999999,0.72,0.84,0.84,0.76,0.64,0.6799999999999999,0.76,0.8,0.6799999999999999,0.6,0.64,0.72,0.76,0.64,0.56,0.6,0.6799999999999999,0.6799999999999999,0.6,0.52,0.56,0.64,0.64,0.6,0.52,0.52,0.6,0.6,0.56,0.48,0.52,0.56,0.88,1.0,0.8,0.6799999999999999,0.72,0.84,0.84,0.76,0.64,0.6799999999999999,0.76,0.8,0.6799999999999999,0.6,0.64,0.72,0.76,0.64,0.56,0.6,0.6799999999999999,0.6799999999999999,0.6,0.52,0.56,0.64,0.64,0.6,0.52,0.52,0.6,0.6,0.56,0.48,0.52,0.56
560,0.0,0.0,0.0,0.0,1.0,0.0,0.0,1.0,1.0,0.0,0.0,1.0,0.0,0.0,0.0,0.0,0.0,0.0,0.0,0.0,0.0,0.0,1.0,1.0,0.0,0.0,0.0,0.0,0.0,0.0,0.0,1.0,1.0,0.0,0.0,0.0,0.0,0.0,0.0,0.0,0.0,0.0,0.0,0.0,0.0,1.0,1.0,1.0,1.0,0.0,0.0,1.0,1.0,0.0,1.0,0.0,0.0,0.0,0.0,0.0,0.0,0.0,1.0,0.0,1.0,0.0,1.0,1.0,0.0,0.0,0.0,0.0,0.0,1.0,0.0,0.0,0.0,0.0,0.0,0.0,0.0,1.0,1.0,0.0,0.0,1.0,1.0,0.0,1.0,1.0,0.0,0.0,0.0,0.0,0.0,0.0,0.0,0.0,0.0,0.0,0.0,0.0,0.0,0.0,0.64,0.76,0.64,0.8,0.6799999999999999,0.76,0.76,0.6,0.8,0.6,0.76,0.76,0.56,0.8,0.56,0.76,0.72,0.52,1.0,0.56,0.6,0.6,0.52,0.6,0.52,0.56,0.56,0.48,0.56,0.52,0.52,0.56,0.48,0.56,0.48,0.52,0.64,0.76,0.64,0.8,0.6799999999999999,0.76,0.76,0.6,0.8,0.6,0.76,0.76,0.56,0.8,0.56,0.76,0.72,0.52,1.0,0.56,0.6,0.6,0.52,0.6,0.52,0.56,0.56,0.48,0.56,0.52,0.52,0.56,0.48,0.56,0.48,0.52
561,0.0,0.0,1.0,0.0,0.0,0.0,0.0,0.0,1.0,1.0,0.0,0.0,1.0,0.0,0.0,0.0,0.0,1.0,1.0,0.0,0.0,0.0,1.0,0.0,0.0,0.0,0.0,0.0,0.0,0.0,0.0,0.0,0.0,1.0,1.0,0.0,0.0,0.0,0.0,1.0,0.0,1.0,0.0,0.0,0.0,1.0,0.0,1.0,0.0,0.0,0.0,0.0,0.0,0.0,0.0,0.0,0.0,0.0,1.0,0.0,0.0,0.0,1.0,0.0,0.0,0.0,1.0,1.0,1.0,0.0,0.0,0.0,0.0,1.0,0.0,0.0,0.0,1.0,1.0,0.0,1.0,0.0,0.0,0.0,0.0,0.0,0.0,0.0,0.0,1.0,1.0,0.0,1.0,0.0,0.0,0.0,0.0,0.0,0.0,0.0,0.0,0.0,0.0,1.0,0.84,0.92,1.0,0.92,0.88,1.0,0.88,1.0,0.84,0.88,0.92,0.8,0.92,0.8,0.76,0.96,0.72,0.84,0.72,0.72,0.76,0.6799999999999999,0.92,0.6799999999999999,0.6799999999999999,0.6799999999999999,0.64,0.88,0.64,0.64,0.64,0.6,0.6799999999999999,0.6,0.6,0.6,0.84,0.92,1.0,0.92,0.88,1.0,0.88,1.0,0.84,0.88,0.92,0.8,0.92,0.8,0.76,0.96,0.72,0.84,0.72,0.72,0.76,0.6799999999999999,0.92,0.6799999999999999,0.6799999999999999,0.6799999999999999,0.64,0.88,0.64,0.64,0.64,0.6,0.6799999999999999,0.6,0.6,0.6
562,1.0,0.0,0.0,0.0,1.0,0.0,0.0,0.0,0.0,0.0,0.0,1.0,0.0,0.0,1.0,0.0,0.0,0.0,0.0,0.0,0.0,0.0,0.0,1.0,0.0,1.0,0.0,0.0,0.0,1.0,0.0,0.0,0.0,1.0,0.0,1.0,0.0,0.0,0.0,0.0,1.0,0.0,1.0,0.0,0.0,1.0,0.0,0.0,1.0,0.0,0.0,0.0,0.0,0.0,0.0,1.0,0.0,0.0,1.0,1.0,0.0,0.0,0.0,0.0,0.0,0.0,0.0,0.0,1.0,0.0,0.0,0.0,0.0,1.0,0.0,0.0,0.0,0.0,0.0,0.0,1.0,0.0,1.0,1.0,0.0,0.0,0.0,0.0,0.0,1.0,1.0,0.0,0.0,0.0,0.0,0.0,1.0,0.0,0.0,1.0,0.0,0.0,0.0,1.0,0.8,0.8,0.72,1.0,0.92,0.92,0.72,0.6799999999999999,0.92,0.92,0.88,0.6799999999999999,0.64,0.88,0.8,0.76,0.64,0.6,0.92,0.72,0.72,0.6,0.56,0.72,0.6799999999999999,0.6799999999999999,0.56,0.56,0.6799999999999999,0.64,0.64,0.56,0.52,0.64,0.6,0.6,0.8,0.8,0.72,1.0,0.92,0.92,0.72,0.6799999999999999,0.92,0.92,0.88,0.6799999999999999,0.64,0.88,0.8,0.76,0.64,0.6,0.92,0.72,0.72,0.6,0.56,0.72,0.6799999999999999,0.6799999999999999,0.56,0.56,0.6799999999999999,0.64,0.64,0.56,0.52,0.64,0.6,0.6
563,0.0,0.0,0.0,0.0,0.0,0.0,1.0,1.0,0.0,0.0,0.0,0.0,1.0,0.0,1.0,0.0,0.0,0.0,0.0,0.0,0.0,0.0,0.0,0.0,1.0,1.0,1.0,0.0,0.0,0.0,0.0,0.0,0.0,0.0,0.0,1.0,0.0,0.0,1.0,1.0,1.0,0.0,0.0,0.0,0.0,0.0,0.0,0.0,1.0,1.0,0.0,0.0,0.0,1.0,1.0,1.0,0.0,1.0,0.0,0.0,0.0,1.0,0.0,0.0,0.0,1.0,0.0,0.0,0.0,0.0,0.0,0.0,0.0,1.0,0.0,0.0,0.0,0.0,0.0,1.0,0.0,0.0,0.0,1.0,0.0,0.0,1.0,0.0,0.0,1.0,0.0,0.0,0.0,1.0,0.0,0.0,0.0,0.0,1.0,0.0,0.0,0.0,0.0,0.0,0.84,0.96,0.8,1.0,0.88,0.92,0.96,0.72,1.0,0.76,0.88,0.92,0.6799999999999999,0.84,0.72,0.84,0.76,0.64,0.76,0.6799999999999999,0.72,0.72,0.6,0.72,0.64,0.6799999999999999,0.6799999999999999,0.56,0.6799999999999999,0.6,0.64,0.64,0.56,0.64,0.56,0.6,0.84,0.96,0.8,1.0,0.88,0.92,0.96,0.72,1.0,0.76,0.88,0.92,0.6799999999999999,0.84,0.72,0.84,0.76,0.64,0.76,0.6799999999999999,0.72,0.72,0.6,0.72,0.64,0.6799999999999999,0.6799999999999999,0.56,0.6799999999999999,0.6,0.64,0.64,0.56,0.64,0.56,0.6
564,1.0,0.0,0.0,1.0,0.0,1.0,1.0,0.0,0.0,0.0,0.0,0.0,0.0,0.0,0.0,0.0,0.0,0.0,1.0,1.0,0.0,0.0,0.0,0.0,0.0,0.0,0.0,0.0,0.0,1.0,0.0,0.0,1.0,0.0,1.0,0.0,0.0,0.0,0.0,1.0,0.0,0.0,1.0,0.0,0.0,1.0,0.0,0.0,0.0,0.0,1.0,0.0,0.0,1.0,0.0,0.0,0.0,0.0,0.0,1.0,0.0,1.0,0.0,0.0,0.0,0.0,1.0,0.0,1.0,0.0,0.0,0.0,0.0,0.0,1.0,0.0,1.0,0.0,0.0,0.0,0.0,0.0,1.0,0.0,0.0,1.0,0.0,0.0,0.0,0.0,1.0,0.0,1.0,0.0,0.0,1.0,0.0,0.0,0.0,0.0,1.0,0.0,0.0,0.0,1.0,0.76,0.72,0.76,0.76,0.72,0.72,0.6799999999999999,0.6799999999999999,0.72,0.6799999999999999,0.6799999999999999,0.64,0.64,0.6799999999999999,0.64,0.64,0.6,0.6,0.64,0.6,0.6,0.56,0.6,0.6,0.56,0.56,0.56,0.56,0.56,0.56,0.52,0.52,0.52,0.56,0.52,1.0,0.76,0.72,0.76,0.76,0.72,0.72,0.6799999999999999,0.6799999999999999,0.72,0.6799999999999999,0.6799999999999999,0.64,0.64,0.6799999999999999,0.64,0.64,0.6,0.6,0.64,0.6,0.6,0.56,0.6,0.6,0.56,0.56,0.56,0.56,0.56,0.56,0.52,0.52,0.52,0.56,0.52
565,0.0,1.0,0.0,0.0,0.0,0.0,0.0,0.0,0.0,1.0,0.0,0.0,0.0,0.0,1.0,0.0,0.0,1.0,0.0,1.0,0.0,1.0,0.0,0.0,0.0,0.0,0.0,1.0,0.0,0.0,1.0,1.0,1.0,0.0,0.0,1.0,0.0,0.0,0.0,0.0,0.0,1.0,0.0,0.0,0.0,0.0,0.0,0.0,0.0,1.0,0.0,0.0,0.0,0.0,0.0,1.0,0.0,0.0,0.0,0.0,0.0,0.0,0.0,1.0,1.0,1.0,0.0,0.0,0.0,0.0,1.0,0.0,0.0,0.0,0.0,1.0,0.0,0.0,0.0,0.0,1.0,0.0,0.0,0.0,0.0,1.0,1.0,0.0,0.0,0.0,0.0,0.0,0.0,0.0,1.0,1.0,1.0,0.0,1.0,0.0,0.0,0.0,0.0,0.0,1.0,0.72,0.8,0.8,0.72,0.72,0.6799999999999999,0.76,0.76,0.6799999999999999,0.6799999999999999,0.64,0.6799999999999999,0.72,0.64,0.64,0.6,0.64,0.6799999999999999,0.6,0.6,0.56,0.6,0.64,0.56,0.56,0.52,0.6,0.6,0.52,0.52,0.52,0.56,0.56,0.52,0.52,1.0,0.72,0.8,0.8,0.72,0.72,0.6799999999999999,0.76,0.76,0.6799999999999999,0.6799999999999999,0.64,0.6799999999999999,0.72,0.64,0.64,0.6,0.64,0.6799999999999999,0.6,0.6,0.56,0.6,0.64,0.56,0.56,0.52,0.6,0.6,0.52,0.52,0.52,0.56,0.56,0.52,0.52
566,0.0,0.0,0.0,0.0,0.0,0.0,0.0,0.0,0.0,1.0,0.0,0.0,1.0,1.0,0.0,0.0,1.0,0.0,0.0,0.0,0.0,0.0,0.0,1.0,0.0,1.0,0.0,0.0,0.0,0.0,0.0,0.0,0.0,0.0,0.0,0.0,1.0,1.0,0.0,1.0,0.0,1.0,0.0,1.0,0.0,0.0,0.0,0.0,1.0,1.0,0.0,0.0,0.0,0.0,1.0,1.0,1.0,1.0,0.0,0.0,1.0,0.0,0.0,0.0,0.0,0.0,0.0,1.0,0.0,0.0,1.0,1.0,0.0,0.0,0.0,0.0,0.0,0.0,0.0,0.0,0.0,0.0,1.0,0.0,0.0,0.0,0.0,0.0,0.0,0.0,0.0,0.0,0.0,0.0,1.0,0.0,1.0,0.0,1.0,0.0,0.0,0.0,0.0,1.0,0.8,0.88,0.88,0.6799999999999999,1.0,0.96,0.8,0.8,0.64,1.0,0.88,0.72,0.72,0.6,0.92,0.84,0.6799999999999999,0.6799999999999999,0.56,0.76,0.72,0.64,0.64,0.52,0.72,0.6799999999999999,0.6,0.6,0.52,0.6799999999999999,0.64,0.56,0.56,0.48,0.64,0.6,0.8,0.88,0.88,0.6799999999999999,1.0,0.96,0.8,0.8,0.64,1.0,0.88,0.72,0.72,0.6,0.92,0.84,0.6799999999999999,0.6799999999999999,0.56,0.76,0.72,0.64,0.64,0.52,0.72,0.6799999999999999,0.6,0.6,0.52,0.6799999999999999,0.64,0.56,0.56,0.48,0.64,0.6
567,0.0,0.0,0.0,0.0,0.0,0.0,0.0,0.0,1.0,0.0,0.0,0.0,0.0,1.0,1.0,0.0,0.0,1.0,0.0,0.0,0.0,0.0,0.0,1.0,0.0,0.0,0.0,0.0,1.0,1.0,0.0,0.0,0.0,0.0,0.0,0.0,1.0,1.0,0.0,0.0,1.0,0.0,0.0,0.0,0.0,0.0,1.0,0.0,1.0,0.0,0.0,1.0,1.0,0.0,1.0,1.0,0.0,1.0,0.0,1.0,0.0,1.0,1.0,0.0,1.0,0.0,0.0,1.0,0.0,0.0,1.0,0.0,0.0,0.0,0.0,0.0,0.0,0.0,0.0,0.0,0.0,0.0,1.0,0.0,0.0,0.0,0.0,0.0,0.0,0.0,0.0,0.0,0.0,0.0,0.0,0.0,0.0,1.0,0.0,0.0,0.0,1.0,0.0,0.0,0.84,1.0,0.76,0.76,0.8,0.8,1.0,0.72,0.72,0.76,0.76,0.92,0.6799999999999999,0.6799999999999999,0.72,0.6799999999999999,0.8,0.64,0.64,0.6799999999999999,0.64,0.76,0.6,0.6,0.64,0.6,0.6799999999999999,0.56,0.56,0.6,0.6,0.64,0.56,0.52,0.56,0.56,0.84,1.0,0.76,0.76,0.8,0.8,1.0,0.72,0.72,0.76,0.76,0.92,0.6799999999999999,0.6799999999999999,0.72,0.6799999999999999,0.8,0.64,0.64,0.6799999999999999,0.64,0.76,0.6,0.6,0.64,0.6,0.6799999999999999,0.56,0.56,0.6,0.6,0.64,0.56,0.52,0.56,0.56
568,1.0,0.0,0.0,0.0,0.0,1.0,1.0,1.0,0.0,1.0,0.0,0.0,0.0,0.0,0.0,0.0,1.0,0.0,1.0,0.0,1.0,0.0,1.0,0.0,0.0,0.0,0.0,0.0,0.0,0.0,1.0,0.0,0.0,0.0,0.0,0.0,0.0,0.0,1.0,0.0,0.0,0.0,0.0,1.0,0.0,1.0,0.0,0.0,0.0,0.0,0.0,0.0,0.0,1.0,1.0,0.0,0.0,0.0,0.0,0.0,0.0,0.0,1.0,0.0,1.0,1.0,0.0,0.0,0.0,0.0,0.0,0.0,0.0,1.0,0.0,0.0,0.0,1.0,0.0,0.0,0.0,0.0,0.0,1.0,0.0,1.0,0.0,0.0,0.0,0.0,0.0,0.0,0.0,0.0,1.0,0.0,0.0,0.0,0.0,0.0,1.0,1.0,1.0,0.0,0.84,1.0,0.92,0.72,0.88,0.84,1.0,0.88,0.6799999999999999,0.76,0.8,1.0,0.84,0.64,0.72,0.72,0.84,0.76,0.6,0.6799999999999999,0.6799999999999999,0.76,0.6799999999999999,0.56,0.64,0.64,0.72,0.64,0.56,0.6,0.6,0.6799999999999999,0.6,0.52,0.56,0.56,0.84,1.0,0.92,0.72,0.88,0.84,1.0,0.88,0.6799999999999999,0.76,0.8,1.0,0.84,0.64,0.72,0.72,0.84,0.76,0.6,0.6799999999999999,0.6799999999999999,0.76,0.6799999999999999,0.56,0.64,0.64,0.72,0.64,0.56,0.6,0.6,0.6799999999999999,0.6,0.52,0.56,0.56
569,0.0,0.0,0.0,1.0,0.0,0.0,1.0,0.0,0.0,0.0,1.0,0.0,0.0,0.0,0.0,0.0,1.0,0.0,1.0,0.0,1.0,0.0,0.0,0.0,0.0,0.0,0.0,0.0,1.0,1.0,0.0,0.0,0.0,0.0,0.0,1.0,0.0,0.0,0.0,0.0,0.0,1.0,0.0,0.0,0.0,1.0,0.0,1.0,0.0,0.0,1.0,0.0,0.0,1.0,1.0,0.0,1.0,1.0,0.0,1.0,0.0,0.0,0.0,1.0,0.0,0.0,0.0,1.0,0.0,0.0,0.0,0.0,0.0,0.0,0.0,0.0,1.0,0.0,0.0,0.0,0.0,0.0,0.0,0.0,0.0,0.0,0.0,0.0,0.0,0.0,0.0,1.0,1.0,0.0,1.0,1.0,0.0,0.0,0.0,0.0,1.0,0.0,0.0,0.0,0.88,1.0,0.6,0.6,0.96,0.6,0.88,0.56,0.56,0.88,0.56,0.8,0.52,0.52,0.8,0.56,0.76,0.52,0.52,0.76,0.52,0.72,0.48,0.48,0.6799999999999999,0.52,0.6799999999999999,0.48,0.48,0.64,0.48,0.64,0.48,0.48,0.6,0.48,0.88,1.0,0.6,0.6,0.96,0.6,0.88,0.56,0.56,0.88,0.56,0.8,0.52,0.52,0.8,0.56,0.76,0.52,0.52,0.76,0.52,0.72,0.48,0.48,0.6799999999999999,0.52,0.6799999999999999,0.48,0.48,0.64,0.48,0.64,0.48,0.48,0.6,0.48
570,1.0,0.0,0.0,1.0,0.0,0.0,0.0,1.0,0.0,0.0,0.0,0.0,1.0,0.0,1.0,0.0,0.0,0.0,0.0,0.0,1.0,0.0,0.0,0.0,0.0,0.0,0.0,0.0,1.0,0.0,0.0,1.0,0.0,0.0,0.0,0.0,0.0,1.0,0.0,1.0,1.0,0.0,0.0,0.0,0.0,0.0,1.0,0.0,0.0,0.0,1.0,0.0,0.0,1.0,1.0,0.0,0.0,0.0,1.0,0.0,1.0,0.0,0.0,0.0,0.0,0.0,0.0,0.0,1.0,0.0,1.0,0.0,0.0,0.0,0.0,0.0,0.0,0.0,0.0,1.0,0.0,1.0,1.0,0.0,0.0,0.0,0.0,0.0,1.0,0.0,1.0,0.0,0.0,0.0,0.0,1.0,0.0,0.0,0.0,1.0,0.0,0.0,0.0,0.0,0.88,1.0,0.6799999999999999,0.96,0.76,0.8,0.88,0.64,0.88,0.72,0.76,0.8,0.6,0.8,0.6799999999999999,0.72,0.76,0.6,0.76,0.64,0.6799999999999999,0.72,0.56,0.6799999999999999,0.6,0.64,0.6799999999999999,0.52,0.64,0.56,0.6,0.64,0.52,0.6,0.56,0.56,0.88,1.0,0.6799999999999999,0.96,0.76,0.8,0.88,0.64,0.88,0.72,0.76,0.8,0.6,0.8,0.6799999999999999,0.72,0.76,0.6,0.76,0.64,0.6799999999999999,0.72,0.56,0.6799999999999999,0.6,0.64,0.6799999999999999,0.52,0.64,0.56,0.6,0.64,0.52,0.6,0.56,0.56
571,0.0,0.0,0.0,0.0,0.0,1.0,0.0,0.0,1.0,1.0,0.0,0.0,0.0,0.0,0.0,0.0,1.0,0.0,0.0,1.0,0.0,0.0,1.0,0.0,1.0,0.0,1.0,0.0,0.0,0.0,0.0,0.0,0.0,1.0,0.0,0.0,0.0,1.0,1.0,0.0,0.0,0.0,0.0,0.0,0.0,0.0,0.0,0.0,0.0,1.0,1.0,0.0,0.0,0.0,1.0,1.0,1.0,0.0,0.0,1.0,0.0,0.0,1.0,0.0,1.0,0.0,0.0,1.0,0.0,0.0,0.0,0.0,1.0,0.0,0.0,0.0,0.0,0.0,0.0,1.0,0.0,0.0,1.0,0.0,0.0,0.0,0.0,0.0,0.0,0.0,0.0,1.0,0.0,0.0,0.0,1.0,0.0,0.0,0.0,1.0,0.0,0.0,0.0,0.0,0.76,0.92,0.84,0.76,0.76,0.84,0.92,0.76,0.76,0.6799999999999999,0.84,0.92,0.72,0.6799999999999999,0.64,1.0,0.84,0.64,0.64,0.6,0.76,0.88,0.6,0.6,0.56,0.64,0.6799999999999999,0.6,0.56,0.56,0.6,0.64,0.56,0.52,0.52,0.56,0.76,0.92,0.84,0.76,0.76,0.84,0.92,0.76,0.76,0.6799999999999999,0.84,0.92,0.72,0.6799999999999999,0.64,1.0,0.84,0.64,0.64,0.6,0.76,0.88,0.6,0.6,0.56,0.64,0.6799999999999999,0.6,0.56,0.56,0.6,0.64,0.56,0.52,0.52,0.56
572,0.0,0.0,0.0,0.0,0.0,1.0,0.0,0.0,0.0,0.0,0.0,0.0,0.0,0.0,0.0,0.0,1.0,1.0,1.0,0.0,0.0,0.0,0.0,0.0,0.0,0.0,0.0,0.0,1.0,0.0,0.0,0.0,1.0,0.0,1.0,1.0,0.0,0.0,0.0,1.0,0.0,0.0,0.0,0.0,0.0,1.0,0.0,0.0,1.0,0.0,1.0,1.0,0.0,1.0,1.0,0.0,0.0,0.0,0.0,0.0,1.0,0.0,1.0,0.0,0.0,1.0,0.0,0.0,0.0,0.0,0.0,0.0,1.0,0.0,0.0,0.0,1.0,0.0,0.0,0.0,0.0,0.0,0.0,0.0,0.0,0.0,0.0,0.0,1.0,1.0,0.0,0.0,0.0,0.0,1.0,1.0,0.0,0.0,0.0,1.0,0.0,1.0,0.0,0.0,0.84,0.6799999999999999,0.72,0.76,1.0,0.8,0.64,0.6799999999999999,0.72,1.0,0.72,0.6,0.64,0.6799999999999999,0.88,0.6799999999999999,0.56,0.6,0.64,0.76,0.64,0.56,0.56,0.6,0.72,0.6,0.52,0.52,0.56,0.6799999999999999,0.56,0.52,0.52,0.52,0.64,0.56,0.84,0.6799999999999999,0.72,0.76,1.0,0.8,0.64,0.6799999999999999,0.72,1.0,0.72,0.6,0.64,0.6799999999999999,0.88,0.6799999999999999,0.56,0.6,0.64,0.76,0.64,0.56,0.56,0.6,0.72,0.6,0.52,0.52,0.56,0.6799999999999999,0.56,0.52,0.52,0.52,0.64,0.56
573,0.0,1.0,0.0,0.0,0.0,0.0,0.0,0.0,0.0,0.0,1.0,1.0,0.0,0.0,0.0,0.0,1.0,1.0,1.0,0.0,1.0,0.0,0.0,0.0,1.0,0.0,1.0,0.0,1.0,0.0,0.0,1.0,0.0,0.0,0.0,0.0,0.0,0.0,1.0,0.0,0.0,0.0,1.0,0.0,0.0,0.0,0.0,0.0,0.0,0.0,0.0,0.0,0.0,0.0,0.0,0.0,1.0,1.0,0.0,0.0,1.0,1.0,0.0,0.0,0.0,0.0,0.0,0.0,0.0,0.0,0.0,0.0,0.0,1.0,1.0,0.0,0.0,0.0,0.0,1.0,0.0,0.0,0.0,0.0,0.0,0.0,1.0,0.0,1.0,0.0,0.0,0.0,1.0,0.0,0.0,1.0,0.0,1.0,0.0,1.0,0.0,0.0,0.0,0.0,1.0,0.88,0.96,0.88,0.8,0.88,0.84,0.88,0.8,0.76,0.8,0.8,0.84,0.76,0.72,0.76,0.76,0.76,0.72,0.6799999999999999,0.72,0.6799999999999999,0.72,0.6799999999999999,0.64,0.6799999999999999,0.64,0.6799999999999999,0.64,0.6,0.64,0.6,0.64,0.6,0.56,0.6,1.0,0.88,0.96,0.88,0.8,0.88,0.84,0.88,0.8,0.76,0.8,0.8,0.84,0.76,0.72,0.76,0.76,0.76,0.72,0.6799999999999999,0.72,0.6799999999999999,0.72,0.6799999999999999,0.64,0.6799999999999999,0.64,0.6799999999999999,0.64,0.6,0.64,0.6,0.64,0.6,0.56,0.6
574,0.0,0.0,0.0,0.0,0.0,0.0,0.0,0.0,1.0,0.0,0.0,0.0,1.0,0.0,0.0,0.0,0.0,0.0,0.0,0.0,1.0,1.0,0.0,0.0,0.0,0.0,0.0,1.0,0.0,0.0,0.0,1.0,0.0,0.0,0.0,1.0,0.0,0.0,1.0,1.0,1.0,0.0,1.0,0.0,0.0,0.0,0.0,1.0,0.0,1.0,0.0,0.0,1.0,0.0,1.0,0.0,0.0,0.0,0.0,0.0,0.0,0.0,0.0,0.0,0.0,1.0,0.0,0.0,0.0,0.0,0.0,0.0,0.0,0.0,0.0,1.0,1.0,1.0,1.0,0.0,1.0,1.0,1.0,0.0,0.0,1.0,1.0,0.0,0.0,1.0,0.0,0.0,0.0,0.0,0.0,0.0,0.0,0.0,0.0,0.0,0.0,0.0,0.0,0.0,0.28,0.28,0.31999999999999995,0.36,0.28,0.31999999999999995,0.28,0.31999999999999995,0.36,0.28,0.31999999999999995,0.28,0.28,0.36,0.28,0.4,0.24,0.28,0.4,0.28,0.4,0.24,0.28,0.4,0.24,0.36,0.24,0.28,0.52,0.24,0.28,0.24,0.24,1.0,0.24,0.28,0.28,0.28,0.31999999999999995,0.36,0.28,0.31999999999999995,0.28,0.31999999999999995,0.36,0.28,0.31999999999999995,0.28,0.28,0.36,0.28,0.4,0.24,0.28,0.4,0.28,0.4,0.24,0.28,0.4,0.24,0.36,0.24,0.28,0.52,0.24,0.28,0.24,0.24,1.0,0.24,0.28
575,0.0,0.0,0.0,1.0,1.0,0.0,0.0,0.0,0.0,0.0,0.0,0.0,1.0,0.0,1.0,0.0,0.0,0.0,0.0,0.0,0.0,1.0,0.0,0.0,1.0,0.0,1.0,1.0,0.0,0.0,0.0,1.0,0.0,1.0,1.0,0.0,1.0,0.0,0.0,0.0,0.0,0.0,0.0,0.0,0.0,0.0,0.0,1.0,0.0,0.0,0.0,0.0,0.0,0.0,0.0,0.0,0.0,1.0,0.0,0.0,0.0,0.0,1.0,0.0,0.0,1.0,0.0,0.0,0.0,1.0,1.0,1.0,1.0,0.0,0.0,1.0,0.0,1.0,0.0,0.0,0.0,0.0,0.0,0.0,0.0,0.0,0.0,0.0,0.0,1.0,0.0,0.0,0.0,0.0,0.0,1.0,0.0,1.0,0.0,0.0,0.0,0.0,1.0,0.0,0.8,0.6799999999999999,1.0,0.96,0.6799999999999999,0.88,0.64,1.0,0.96,0.64,0.84,0.6,1.0,0.88,0.6,0.8,0.6,1.0,0.76,0.56,0.6799999999999999,0.56,0.84,0.72,0.56,0.64,0.52,0.72,0.6799999999999999,0.52,0.6,0.52,0.6799999999999999,0.64,0.52,0.56,0.8,0.6799999999999999,1.0,0.96,0.6799999999999999,0.88,0.64,1.0,0.96,0.64,0.84,0.6,1.0,0.88,0.6,0.8,0.6,1.0,0.76,0.56,0.6799999999999999,0.56,0.84,0.72,0.56,0.64,0.52,0.72,0.6799999999999999,0.52,0.6,0.52,0.6799999999999999,0.64,0.52,0.56
576,1.0,0.0,0.0,0.0,0.0,0.0,0.0,0.0,0.0,0.0,1.0,1.0,0.0,1.0,0.0,0.0,1.0,0.0,1.0,0.0,0.0,0.0,0.0,0.0,0.0,0.0,1.0,1.0,0.0,1.0,0.0,0.0,0.0,0.0,1.0,0.0,1.0,0.0,0.0,0.0,0.0,0.0,0.0,0.0,0.0,0.0,0.0,0.0,0.0,1.0,1.0,0.0,0.0,0.0,0.0,0.0,0.0,1.0,1.0,1.0,0.0,0.0,0.0,0.0,0.0,0.0,0.0,1.0,0.0,0.0,0.0,1.0,1.0,0.0,0.0,0.0,1.0,0.0,0.0,0.0,0.0,0.0,0.0,1.0,0.0,0.0,0.0,1.0,0.0,0.0,0.0,1.0,0.0,1.0,1.0,0.0,1.0,0.0,0.0,0.0,0.0,0.0,0.0,0.0,1.0,0.76,0.8,0.84,0.76,0.76,0.72,0.76,0.8,0.6799999999999999,0.6799999999999999,0.6799999999999999,0.6799999999999999,0.76,0.64,0.64,0.64,0.64,0.6799999999999999,0.6,0.6,0.6,0.6,0.64,0.6,0.6,0.56,0.6,0.6,0.56,0.56,0.52,0.56,0.6,0.52,0.52,1.0,0.76,0.8,0.84,0.76,0.76,0.72,0.76,0.8,0.6799999999999999,0.6799999999999999,0.6799999999999999,0.6799999999999999,0.76,0.64,0.64,0.64,0.64,0.6799999999999999,0.6,0.6,0.6,0.6,0.64,0.6,0.6,0.56,0.6,0.6,0.56,0.56,0.52,0.56,0.6,0.52,0.52
577,0.0,0.0,0.0,1.0,1.0,0.0,0.0,0.0,0.0,0.0,1.0,0.0,0.0,0.0,1.0,0.0,0.0,0.0,1.0,0.0,0.0,0.0,0.0,0.0,0.0,0.0,0.0,1.0,1.0,0.0,1.0,0.0,1.0,0.0,0.0,0.0,0.0,1.0,0.0,0.0,0.0,1.0,0.0,0.0,1.0,0.0,0.0,0.0,0.0,0.0,0.0,1.0,0.0,0.0,0.0,0.0,0.0,1.0,0.0,0.0,0.0,0.0,0.0,1.0,1.0,0.0,0.0,0.0,1.0,0.0,0.0,0.0,0.0,0.0,0.0,1.0,1.0,0.0,1.0,0.0,0.0,0.0,0.0,0.0,0.0,1.0,0.0,0.0,1.0,0.0,0.0,1.0,0.0,0.0,0.0,0.0,0.0,1.0,0.0,0.0,1.0,1.0,0.0,0.0,0.64,0.72,0.6799999999999999,0.8,0.76,0.76,0.72,0.6,0.8,0.76,0.76,0.6,0.56,0.8,0.76,0.96,0.56,0.56,1.0,0.6799999999999999,0.6799999999999999,0.56,0.52,0.6,0.56,0.56,0.52,0.52,0.56,0.56,0.56,0.52,0.48,0.56,0.52,0.52,0.64,0.72,0.6799999999999999,0.8,0.76,0.76,0.72,0.6,0.8,0.76,0.76,0.6,0.56,0.8,0.76,0.96,0.56,0.56,1.0,0.6799999999999999,0.6799999999999999,0.56,0.52,0.6,0.56,0.56,0.52,0.52,0.56,0.56,0.56,0.52,0.48,0.56,0.52,0.52
578,0.0,0.0,0.0,0.0,0.0,0.0,0.0,1.0,0.0,1.0,1.0,0.0,0.0,0.0,0.0,0.0,1.0,0.0,0.0,0.0,0.0,0.0,1.0,0.0,0.0,0.0,1.0,0.0,1.0,0.0,0.0,0.0,0.0,0.0,0.0,1.0,0.0,1.0,0.0,0.0,0.0,0.0,1.0,0.0,0.0,0.0,0.0,1.0,0.0,0.0,1.0,1.0,1.0,0.0,0.0,0.0,0.0,0.0,0.0,0.0,0.0,0.0,0.0,0.0,1.0,0.0,0.0,0.0,0.0,0.0,0.0,0.0,1.0,0.0,0.0,1.0,1.0,0.0,0.0,0.0,0.0,0.0,0.0,0.0,0.0,1.0,1.0,0.0,1.0,0.0,0.0,1.0,1.0,0.0,0.0,1.0,1.0,0.0,0.0,0.0,0.0,1.0,0.0,0.0,0.56,0.6,0.56,0.6799999999999999,0.6799999999999999,0.72,0.52,0.52,0.6799999999999999,0.6799999999999999,0.72,0.52,0.52,0.64,0.6799999999999999,1.0,0.48,0.48,0.76,0.84,1.0,0.48,0.48,0.52,0.52,0.6,0.48,0.48,0.52,0.52,0.52,0.43999999999999995,0.43999999999999995,0.48,0.48,0.52,0.56,0.6,0.56,0.6799999999999999,0.6799999999999999,0.72,0.52,0.52,0.6799999999999999,0.6799999999999999,0.72,0.52,0.52,0.64,0.6799999999999999,1.0,0.48,0.48,0.76,0.84,1.0,0.48,0.48,0.52,0.52,0.6,0.48,0.48,0.52,0.52,0.52,0.43999999999999995,0.43999999999999995,0.48,0.48,0.52
579,0.0,1.0,0.0,0.0,0.0,0.0,0.0,0.0,0.0,0.0,0.0,0.0,0.0,0.0,0.0,0.0,1.0,0.0,0.0,1.0,0.0,0.0,0.0,1.0,0.0,1.0,0.0,0.0,0.0,0.0,0.0,0.0,0.0,0.0,0.0,0.0,0.0,1.0,1.0,1.0,1.0,0.0,0.0,0.0,1.0,0.0,0.0,0.0,0.0,1.0,1.0,1.0,0.0,0.0,1.0,0.0,0.0,0.0,0.0,0.0,0.0,0.0,1.0,0.0,0.0,1.0,1.0,0.0,0.0,0.0,0.0,0.0,0.0,1.0,1.0,0.0,1.0,0.0,1.0,0.0,0.0,1.0,0.0,0.0,0.0,0.0,0.0,1.0,0.0,0.0,0.0,0.0,0.0,0.0,1.0,0.0,0.0,1.0,1.0,0.0,0.0,0.0,0.0,0.0,0.43999999999999995,0.43999999999999995,0.48,0.43999999999999995,0.52,0.48,0.4,0.48,0.43999999999999995,0.52,0.43999999999999995,0.4,0.48,0.4,0.52,0.43999999999999995,0.4,0.48,0.4,0.6799999999999999,0.4,0.4,0.64,0.4,0.6799999999999999,0.4,0.36,0.92,0.4,1.0,0.4,0.36,0.43999999999999995,0.36,0.43999999999999995,0.4,0.43999999999999995,0.43999999999999995,0.48,0.43999999999999995,0.52,0.48,0.4,0.48,0.43999999999999995,0.52,0.43999999999999995,0.4,0.48,0.4,0.52,0.43999999999999995,0.4,0.48,0.4,0.6799999999999999,0.4,0.4,0.64,0.4,0.6799999999999999,0.4,0.36,0.92,0.4,1.0,0.4,0.36,0.43999999999999995,0.36,0.43999999999999995,0.4
580,0.0,0.0,1.0,0.0,0.0,0.0,0.0,0.0,0.0,0.0,1.0,0.0,0.0,1.0,1.0,0.0,1.0,0.0,1.0,1.0,0.0,0.0,0.0,0.0,1.0,0.0,0.0,0.0,0.0,0.0,0.0,0.0,0.0,0.0,0.0,0.0,1.0,0.0,0.0,1.0,1.0,0.0,0.0,0.0,0.0,0.0,1.0,0.0,0.0,0.0,0.0,1.0,0.0,0.0,0.0,0.0,1.0,0.0,0.0,0.0,0.0,1.0,0.0,0.0,0.0,0.0,0.0,0.0,0.0,0.0,0.0,0.0,0.0,0.0,1.0,1.0,0.0,0.0,0.0,1.0,0.0,1.0,1.0,0.0,0.0,0.0,0.0,0.0,0.0,1.0,0.0,0.0,0.0,1.0,0.0,1.0,0.0,1.0,0.0,1.0,0.0,0.0,1.0,0.0,0.84,0.6,0.92,0.6799999999999999,1.0,0.72,0.56,0.88,0.64,0.92,0.6799999999999999,0.52,0.8,0.6,0.84,0.64,0.52,0.72,0.56,0.84,0.6,0.48,0.6799999999999999,0.52,0.72,0.56,0.48,0.64,0.52,0.6799999999999999,0.52,0.48,0.6,0.48,0.64,0.52,0.84,0.6,0.92,0.6799999999999999,1.0,0.72,0.56,0.88,0.64,0.92,0.6799999999999999,0.52,0.8,0.6,0.84,0.64,0.52,0.72,0.56,0.84,0.6,0.48,0.6799999999999999,0.52,0.72,0.56,0.48,0.64,0.52,0.6799999999999999,0.52,0.48,0.6,0.48,0.64,0.52
581,0.0,0.0,1.0,0.0,0.0,0.0,1.0,0.0,1.0,0.0,0.0,0.0,0.0,0.0,0.0,0.0,0.0,0.0,0.0,1.0,0.0,0.0,0.0,0.0,0.0,1.0,0.0,0.0,0.0,0.0,0.0,0.0,0.0,0.0,1.0,1.0,0.0,0.0,0.0,1.0,1.0,0.0,0.0,0.0,0.0,1.0,1.0,0.0,0.0,1.0,0.0,1.0,0.0,0.0,0.0,0.0,1.0,0.0,0.0,1.0,0.0,0.0,0.0,1.0,0.0,0.0,0.0,0.0,0.0,0.0,1.0,0.0,1.0,0.0,0.0,0.0,0.0,0.0,0.0,1.0,0.0,1.0,0.0,1.0,1.0,1.0,0.0,0.0,0.0,0.0,1.0,0.0,0.0,0.0,0.0,0.0,0.0,0.0,0.0,1.0,0.0,0.0,1.0,0.0,0.8,0.72,0.6799999999999999,0.96,1.0,0.88,0.6799999999999999,0.64,0.92,1.0,0.84,0.64,0.6,0.88,0.92,0.72,0.6,0.56,0.76,0.76,0.6799999999999999,0.56,0.56,0.6799999999999999,0.72,0.64,0.52,0.52,0.64,0.6799999999999999,0.6,0.52,0.52,0.6,0.64,0.56,0.8,0.72,0.6799999999999999,0.96,1.0,0.88,0.6799999999999999,0.64,0.92,1.0,0.84,0.64,0.6,0.88,0.92,0.72,0.6,0.56,0.76,0.76,0.6799999999999999,0.56,0.56,0.6799999999999999,0.72,0.64,0.52,0.52,0.64,0.6799999999999999,0.6,0.52,0.52,0.6,0.64,0.56
582,1.0,1.0,1.0,0.0,1.0,1.0,1.0,0.0,0.0,1.0,0.0,0.0,0.0,0.0,0.0,0.0,0.0,1.0,0.0,0.0,1.0,0.0,0.0,0.0,1.0,0.0,1.0,0.0,0.0,1.0,0.0,0.0,0.0,0.0,0.0,0.0,0.0,0.0,1.0,0.0,0.0,0.0,0.0,0.0,0.0,0.0,0.0,0.0,0.0,0.0,0.0,0.0,0.0,0.0,0.0,0.0,0.0,0.0,0.0,1.0,0.0,0.0,0.0,1.0,0.0,0.0,0.0,0.0,0.0,0.0,0.0,1.0,0.0,0.0,1.0,0.0,0.0,0.0,0.0,1.0,0.0,0.0,1.0,0.0,0.0,0.0,0.0,1.0,1.0,1.0,0.0,0.0,1.0,0.0,0.0,1.0,0.0,1.0,0.0,0.0,0.0,1.0,0.0,0.0,0.84,1.0,0.6799999999999999,0.92,0.64,0.76,1.0,0.64,0.84,0.6,0.72,0.88,0.6,0.76,0.56,0.6799999999999999,0.8,0.6,0.72,0.56,0.64,0.76,0.56,0.6799999999999999,0.52,0.6,0.6799999999999999,0.52,0.64,0.52,0.56,0.64,0.52,0.6,0.48,0.52,0.84,1.0,0.6799999999999999,0.92,0.64,0.76,1.0,0.64,0.84,0.6,0.72,0.88,0.6,0.76,0.56,0.6799999999999999,0.8,0.6,0.72,0.56,0.64,0.76,0.56,0.6799999999999999,0.52,0.6,0.6799999999999999,0.52,0.64,0.52,0.56,0.64,0.52,0.6,0.48,0.52
583,1.0,0.0,0.0,0.0,1.0,0.0,0.0,1.0,0.0,0.0,1.0,0.0,0.0,0.0,1.0,0.0,0.0,1.0,0.0,0.0,0.0,1.0,1.0,0.0,1.0,0.0,0.0,0.0,0.0,0.0,0.0,0.0,0.0,0.0,0.0,0.0,1.0,0.0,0.0,0.0,0.0,0.0,0.0,1.0,0.0,0.0,0.0,0.0,1.0,1.0,0.0,0.0,0.0,1.0,0.0,1.0,0.0,0.0,1.0,0.0,0.0,0.0,0.0,0.0,0.0,0.0,0.0,1.0,0.0,0.0,1.0,1.0,1.0,0.0,0.0,0.0,0.0,0.0,1.0,0.0,0.0,0.0,0.0,0.0,0.0,1.0,0.0,0.0,0.0,1.0,0.0,0.0,0.0,1.0,0.0,0.0,0.0,0.0,0.0,0.0,0.0,0.0,1.0,1.0,0.88,0.84,1.0,0.72,0.76,0.76,0.76,0.88,0.6799999999999999,0.72,0.72,0.72,0.84,0.64,0.6799999999999999,0.6799999999999999,0.6799999999999999,0.76,0.6,0.64,0.64,0.64,0.72,0.56,0.6,0.6,0.6,0.6799999999999999,0.56,0.56,0.56,0.56,0.64,0.52,0.56,0.52,0.88,0.84,1.0,0.72,0.76,0.76,0.76,0.88,0.6799999999999999,0.72,0.72,0.72,0.84,0.64,0.6799999999999999,0.6799999999999999,0.6799999999999999,0.76,0.6,0.64,0.64,0.64,0.72,0.56,0.6,0.6,0.6,0.6799999999999999,0.56,0.56,0.56,0.56,0.64,0.52,0.56,0.52
584,0.0,0.0,0.0,1.0,1.0,0.0,1.0,0.0,1.0,0.0,0.0,0.0,1.0,0.0,0.0,0.0,0.0,0.0,0.0,0.0,0.0,0.0,1.0,0.0,0.0,0.0,1.0,0.0,0.0,0.0,0.0,0.0,0.0,0.0,0.0,1.0,0.0,1.0,0.0,0.0,0.0,1.0,0.0,1.0,0.0,1.0,0.0,0.0,0.0,1.0,0.0,0.0,0.0,1.0,0.0,0.0,0.0,1.0,0.0,0.0,0.0,0.0,0.0,0.0,0.0,0.0,0.0,0.0,1.0,1.0,0.0,0.0,1.0,0.0,0.0,0.0,1.0,1.0,0.0,0.0,0.0,0.0,0.0,0.0,0.0,1.0,1.0,0.0,0.0,0.0,1.0,0.0,1.0,0.0,1.0,0.0,0.0,0.0,1.0,0.0,0.0,0.0,0.0,0.0,0.84,0.92,0.88,0.88,0.96,1.0,0.88,0.88,0.76,0.92,0.92,0.76,0.76,0.72,0.76,0.76,0.72,0.72,0.6799999999999999,0.72,0.72,0.6799999999999999,0.6799999999999999,0.64,0.6799999999999999,0.6799999999999999,0.64,0.64,0.6,0.64,0.64,0.6,0.6,0.56,0.6,0.6,0.84,0.92,0.88,0.88,0.96,1.0,0.88,0.88,0.76,0.92,0.92,0.76,0.76,0.72,0.76,0.76,0.72,0.72,0.6799999999999999,0.72,0.72,0.6799999999999999,0.6799999999999999,0.64,0.6799999999999999,0.6799999999999999,0.64,0.64,0.6,0.64,0.64,0.6,0.6,0.56,0.6,0.6
585,0.0,1.0,1.0,0.0,0.0,0.0,0.0,0.0,0.0,0.0,0.0,0.0,0.0,0.0,1.0,1.0,1.0,0.0,0.0,0.0,0.0,1.0,0.0,1.0,0.0,0.0,1.0,0.0,1.0,1.0,0.0,0.0,1.0,0.0,0.0,0.0,0.0,0.0,0.0,1.0,0.0,0.0,1.0,0.0,0.0,0.0,0.0,0.0,0.0,0.0,0.0,0.0,0.0,0.0,0.0,1.0,1.0,0.0,1.0,1.0,1.0,1.0,0.0,0.0,0.0,0.0,0.0,0.0,0.0,0.0,0.0,1.0,1.0,0.0,0.0,0.0,0.0,0.0,0.0,0.0,0.0,0.0,0.0,1.0,0.0,0.0,0.0,1.0,0.0,0.0,0.0,0.0,0.0,0.0,0.0,0.0,0.0,0.0,0.0,1.0,1.0,1.0,0.0,0.0,1.0,0.76,0.72,0.64,0.6799999999999999,0.64,0.72,0.6799999999999999,0.6,0.64,0.6,0.6799999999999999,0.64,0.56,0.6,0.6,0.64,0.6,0.56,0.56,0.56,0.6,0.56,0.52,0.52,0.52,0.56,0.52,0.52,0.52,0.52,0.56,0.52,0.48,0.48,0.48,1.0,0.76,0.72,0.64,0.6799999999999999,0.64,0.72,0.6799999999999999,0.6,0.64,0.6,0.6799999999999999,0.64,0.56,0.6,0.6,0.64,0.6,0.56,0.56,0.56,0.6,0.56,0.52,0.52,0.52,0.56,0.52,0.52,0.52,0.52,0.56,0.52,0.48,0.48,0.48
586,0.0,0.0,0.0,0.0,0.0,1.0,0.0,0.0,1.0,0.0,1.0,0.0,0.0,0.0,0.0,1.0,0.0,0.0,1.0,0.0,0.0,0.0,0.0,0.0,0.0,0.0,0.0,0.0,1.0,1.0,0.0,0.0,0.0,1.0,0.0,0.0,1.0,0.0,0.0,0.0,0.0,0.0,1.0,0.0,0.0,1.0,1.0,0.0,0.0,0.0,0.0,1.0,0.0,1.0,0.0,0.0,0.0,0.0,1.0,1.0,0.0,0.0,0.0,0.0,0.0,0.0,0.0,0.0,0.0,1.0,0.0,0.0,0.0,0.0,0.0,1.0,1.0,0.0,0.0,0.0,0.0,0.0,1.0,1.0,0.0,0.0,1.0,0.0,0.0,0.0,1.0,1.0,0.0,0.0,0.0,1.0,1.0,0.0,0.0,0.0,0.0,0.0,0.0,0.0,1.0,0.8,0.76,0.88,0.8,0.8,0.76,0.72,0.84,0.76,0.76,0.6799999999999999,0.6799999999999999,0.8,0.72,0.72,0.64,0.64,0.76,0.6799999999999999,0.6799999999999999,0.6,0.6,0.72,0.64,0.64,0.6,0.56,0.6799999999999999,0.6,0.6,0.56,0.56,0.64,0.56,0.56,1.0,0.8,0.76,0.88,0.8,0.8,0.76,0.72,0.84,0.76,0.76,0.6799999999999999,0.6799999999999999,0.8,0.72,0.72,0.64,0.64,0.76,0.6799999999999999,0.6799999999999999,0.6,0.6,0.72,0.64,0.64,0.6,0.56,0.6799999999999999,0.6,0.6,0.56,0.56,0.64,0.56,0.56
587,0.0,0.0,1.0,1.0,0.0,0.0,0.0,1.0,0.0,1.0,0.0,0.0,0.0,0.0,0.0,0.0,1.0,1.0,0.0,0.0,0.0,0.0,0.0,0.0,0.0,1.0,0.0,0.0,0.0,0.0,0.0,0.0,1.0,0.0,0.0,0.0,0.0,1.0,0.0,0.0,0.0,0.0,1.0,0.0,0.0,1.0,1.0,0.0,0.0,0.0,0.0,1.0,1.0,0.0,0.0,0.0,0.0,1.0,0.0,0.0,0.0,0.0,1.0,0.0,0.0,0.0,1.0,1.0,0.0,0.0,0.0,0.0,0.0,1.0,0.0,0.0,1.0,0.0,1.0,0.0,0.0,1.0,0.0,0.0,0.0,0.0,0.0,1.0,0.0,0.0,1.0,1.0,0.0,0.0,0.0,0.0,0.0,0.0,0.0,1.0,0.0,0.0,0.0,0.0,0.84,0.92,0.92,0.88,0.92,1.0,0.88,0.92,0.84,0.8,1.0,0.8,0.8,0.76,0.76,0.88,0.72,0.76,0.6799999999999999,0.6799999999999999,0.76,0.6799999999999999,0.6799999999999999,0.64,0.64,0.6799999999999999,0.64,0.64,0.6,0.6,0.64,0.6,0.6,0.6,0.6,0.6,0.84,0.92,0.92,0.88,0.92,1.0,0.88,0.92,0.84,0.8,1.0,0.8,0.8,0.76,0.76,0.88,0.72,0.76,0.6799999999999999,0.6799999999999999,0.76,0.6799999999999999,0.6799999999999999,0.64,0.64,0.6799999999999999,0.64,0.64,0.6,0.6,0.64,0.6,0.6,0.6,0.6,0.6
588,0.0,0.0,1.0,0.0,0.0,0.0,0.0,0.0,0.0,0.0,0.0,0.0,0.0,1.0,0.0,0.0,0.0,0.0,0.0,0.0,0.0,1.0,0.0,0.0,0.0,1.0,1.0,1.0,0.0,0.0,0.0,1.0,0.0,0.0,0.0,0.0,0.0,1.0,0.0,1.0,0.0,0.0,0.0,0.0,1.0,1.0,1.0,0.0,0.0,1.0,0.0,0.0,0.0,0.0,0.0,0.0,1.0,0.0,0.0,0.0,0.0,1.0,1.0,0.0,0.0,0.0,0.0,1.0,0.0,0.0,1.0,0.0,1.0,0.0,0.0,1.0,0.0,0.0,0.0,0.0,0.0,0.0,0.0,0.0,1.0,1.0,0.0,0.0,1.0,0.0,1.0,0.0,0.0,0.0,1.0,0.0,0.0,0.0,0.0,0.0,1.0,0.0,0.0,0.0,0.84,0.6799999999999999,0.88,1.0,0.92,0.84,0.64,0.84,0.92,0.84,0.76,0.6,0.76,0.84,0.76,0.72,0.56,0.72,0.76,0.72,0.6799999999999999,0.56,0.6799999999999999,0.72,0.6799999999999999,0.64,0.52,0.64,0.6799999999999999,0.64,0.6,0.52,0.6,0.64,0.6,0.56,0.84,0.6799999999999999,0.88,1.0,0.92,0.84,0.64,0.84,0.92,0.84,0.76,0.6,0.76,0.84,0.76,0.72,0.56,0.72,0.76,0.72,0.6799999999999999,0.56,0.6799999999999999,0.72,0.6799999999999999,0.64,0.52,0.64,0.6799999999999999,0.64,0.6,0.52,0.6,0.64,0.6,0.56
589,0.0,0.0,0.0,0.0,1.0,1.0,0.0,0.0,0.0,0.0,1.0,0.0,0.0,0.0,0.0,0.0,1.0,0.0,0.0,0.0,0.0,0.0,0.0,1.0,0.0,0.0,0.0,0.0,0.0,0.0,1.0,0.0,1.0,0.0,0.0,0.0,1.0,1.0,0.0,1.0,1.0,1.0,0.0,0.0,0.0,0.0,0.0,0.0,0.0,0.0,1.0,0.0,0.0,1.0,0.0,0.0,0.0,0.0,0.0,1.0,1.0,0.0,0.0,1.0,1.0,1.0,0.0,1.0,0.0,1.0,0.0,0.0,0.0,0.0,0.0,0.0,1.0,0.0,0.0,0.0,0.0,0.0,0.0,0.0,0.0,0.0,0.0,1.0,0.0,0.0,0.0,0.0,0.0,0.0,1.0,0.0,0.0,1.0,0.0,0.0,1.0,0.0,0.0,0.0,0.84,0.96,0.8,0.8,0.96,1.0,0.96,0.76,0.76,0.96,1.0,0.92,0.6799999999999999,0.6799999999999999,0.76,0.88,0.76,0.64,0.64,0.72,0.76,0.72,0.6,0.6,0.6799999999999999,0.6799999999999999,0.6799999999999999,0.6,0.6,0.64,0.64,0.64,0.56,0.56,0.6,0.6,0.84,0.96,0.8,0.8,0.96,1.0,0.96,0.76,0.76,0.96,1.0,0.92,0.6799999999999999,0.6799999999999999,0.76,0.88,0.76,0.64,0.64,0.72,0.76,0.72,0.6,0.6,0.6799999999999999,0.6799999999999999,0.6799999999999999,0.6,0.6,0.64,0.64,0.64,0.56,0.56,0.6,0.6
590,1.0,0.0,1.0,0.0,0.0,0.0,1.0,0.0,0.0,0.0,0.0,0.0,1.0,1.0,0.0,0.0,0.0,0.0,0.0,0.0,0.0,0.0,1.0,1.0,0.0,1.0,0.0,0.0,0.0,0.0,0.0,0.0,0.0,0.0,0.0,1.0,0.0,0.0,0.0,0.0,1.0,1.0,0.0,0.0,1.0,0.0,0.0,0.0,0.0,1.0,0.0,0.0,0.0,0.0,0.0,0.0,1.0,1.0,0.0,0.0,0.0,0.0,0.0,0.0,0.0,0.0,0.0,1.0,1.0,0.0,1.0,0.0,0.0,0.0,0.0,0.0,1.0,0.0,0.0,1.0,1.0,0.0,1.0,1.0,0.0,1.0,0.0,0.0,0.0,0.0,0.0,0.0,0.0,0.0,0.0,1.0,0.0,0.0,0.0,0.0,1.0,0.0,0.0,0.0,0.92,0.8,1.0,0.8,0.8,0.84,0.76,0.84,0.76,0.76,0.76,0.6799999999999999,0.8,0.72,0.6799999999999999,0.72,0.64,0.76,0.6799999999999999,0.64,0.6799999999999999,0.6,0.72,0.64,0.6,0.64,0.6,0.6799999999999999,0.6,0.6,0.6,0.56,0.64,0.56,0.56,0.56,0.92,0.8,1.0,0.8,0.8,0.84,0.76,0.84,0.76,0.76,0.76,0.6799999999999999,0.8,0.72,0.6799999999999999,0.72,0.64,0.76,0.6799999999999999,0.64,0.6799999999999999,0.6,0.72,0.64,0.6,0.64,0.6,0.6799999999999999,0.6,0.6,0.6,0.56,0.64,0.56,0.56,0.56
591,0.0,0.0,1.0,0.0,0.0,1.0,0.0,1.0,1.0,0.0,1.0,0.0,0.0,0.0,0.0,0.0,1.0,0.0,0.0,0.0,0.0,0.0,1.0,0.0,0.0,1.0,0.0,0.0,0.0,0.0,0.0,0.0,0.0,0.0,0.0,0.0,0.0,0.0,1.0,0.0,1.0,0.0,0.0,0.0,0.0,0.0,0.0,1.0,1.0,1.0,0.0,0.0,1.0,0.0,0.0,0.0,0.0,0.0,1.0,0.0,0.0,0.0,0.0,0.0,1.0,0.0,0.0,1.0,0.0,1.0,1.0,0.0,0.0,1.0,0.0,1.0,0.0,0.0,0.0,0.0,0.0,1.0,0.0,1.0,1.0,0.0,0.0,0.0,1.0,0.0,0.0,0.0,0.0,0.0,0.0,1.0,0.0,0.0,0.0,0.0,0.0,0.0,0.0,0.0,0.84,1.0,0.96,0.8,0.8,0.92,1.0,0.96,0.72,0.72,0.88,1.0,0.92,0.6799999999999999,0.6799999999999999,0.92,0.88,0.8,0.64,0.64,0.72,0.76,0.72,0.6,0.6,0.6799999999999999,0.72,0.6799999999999999,0.56,0.56,0.64,0.6799999999999999,0.64,0.56,0.56,0.6,0.84,1.0,0.96,0.8,0.8,0.92,1.0,0.96,0.72,0.72,0.88,1.0,0.92,0.6799999999999999,0.6799999999999999,0.92,0.88,0.8,0.64,0.64,0.72,0.76,0.72,0.6,0.6,0.6799999999999999,0.72,0.6799999999999999,0.56,0.56,0.64,0.6799999999999999,0.64,0.56,0.56,0.6
592,1.0,1.0,0.0,0.0,0.0,0.0,1.0,0.0,0.0,1.0,1.0,0.0,0.0,0.0,0.0,0.0,0.0,1.0,0.0,0.0,0.0,0.0,0.0,1.0,0.0,0.0,0.0,0.0,0.0,0.0,0.0,0.0,0.0,0.0,0.0,1.0,1.0,0.0,1.0,0.0,1.0,0.0,0.0,0.0,0.0,1.0,1.0,0.0,0.0,0.0,0.0,0.0,0.0,0.0,1.0,1.0,0.0,0.0,0.0,0.0,1.0,0.0,0.0,0.0,0.0,0.0,0.0,0.0,0.0,0.0,0.0,1.0,0.0,1.0,0.0,0.0,1.0,1.0,0.0,1.0,0.0,0.0,0.0,0.0,0.0,1.0,0.0,0.0,0.0,1.0,0.0,0.0,0.0,0.0,0.0,0.0,0.0,0.0,0.0,1.0,0.0,1.0,0.0,1.0,0.56,0.6799999999999999,0.6799999999999999,0.6799999999999999,0.6799999999999999,0.72,0.6799999999999999,0.6799999999999999,0.6799999999999999,0.6799999999999999,0.72,0.6799999999999999,0.6799999999999999,0.64,0.64,1.0,0.6799999999999999,0.6,0.76,0.6,0.76,0.76,0.6,0.52,0.52,0.76,0.52,0.52,0.52,0.52,0.52,0.52,0.48,0.48,0.48,0.52,0.56,0.6799999999999999,0.6799999999999999,0.6799999999999999,0.6799999999999999,0.72,0.6799999999999999,0.6799999999999999,0.6799999999999999,0.6799999999999999,0.72,0.6799999999999999,0.6799999999999999,0.64,0.64,1.0,0.6799999999999999,0.6,0.76,0.6,0.76,0.76,0.6,0.52,0.52,0.76,0.52,0.52,0.52,0.52,0.52,0.52,0.48,0.48,0.48,0.52
593,1.0,0.0,0.0,1.0,0.0,0.0,0.0,0.0,0.0,1.0,0.0,0.0,0.0,0.0,0.0,0.0,1.0,0.0,0.0,0.0,1.0,0.0,0.0,0.0,1.0,0.0,1.0,0.0,1.0,0.0,0.0,0.0,0.0,0.0,0.0,0.0,0.0,1.0,0.0,0.0,0.0,0.0,0.0,0.0,0.0,1.0,1.0,0.0,1.0,0.0,1.0,0.0,0.0,0.0,1.0,0.0,0.0,1.0,0.0,0.0,0.0,0.0,1.0,1.0,0.0,1.0,0.0,0.0,0.0,0.0,0.0,1.0,0.0,1.0,1.0,0.0,0.0,0.0,0.0,1.0,0.0,1.0,1.0,0.0,0.0,0.0,0.0,0.0,0.0,0.0,0.0,0.0,0.0,0.0,1.0,1.0,0.0,0.0,0.0,0.0,0.0,0.0,0.0,0.0,1.0,0.88,0.88,0.8,0.84,0.84,0.84,0.84,0.76,0.8,0.8,0.76,0.76,0.72,0.76,0.76,0.72,0.72,0.6799999999999999,0.6799999999999999,0.72,0.6799999999999999,0.6799999999999999,0.64,0.64,0.6799999999999999,0.64,0.64,0.6,0.6,0.64,0.6,0.6,0.56,0.6,0.6,1.0,0.88,0.88,0.8,0.84,0.84,0.84,0.84,0.76,0.8,0.8,0.76,0.76,0.72,0.76,0.76,0.72,0.72,0.6799999999999999,0.6799999999999999,0.72,0.6799999999999999,0.6799999999999999,0.64,0.64,0.6799999999999999,0.64,0.64,0.6,0.6,0.64,0.6,0.6,0.56,0.6,0.6
594,0.0,1.0,0.0,0.0,0.0,0.0,0.0,0.0,0.0,1.0,0.0,0.0,0.0,0.0,1.0,0.0,1.0,0.0,1.0,0.0,0.0,1.0,0.0,1.0,0.0,0.0,1.0,0.0,0.0,0.0,0.0,0.0,1.0,0.0,0.0,0.0,0.0,1.0,0.0,0.0,0.0,0.0,0.0,0.0,0.0,0.0,1.0,0.0,1.0,1.0,0.0,0.0,0.0,0.0,0.0,1.0,1.0,0.0,0.0,1.0,0.0,0.0,1.0,1.0,0.0,1.0,0.0,0.0,0.0,1.0,0.0,0.0,0.0,0.0,1.0,0.0,0.0,0.0,0.0,0.0,0.0,1.0,0.0,1.0,0.0,0.0,1.0,0.0,0.0,0.0,1.0,0.0,0.0,0.0,0.0,0.0,1.0,0.0,0.0,0.0,0.0,0.0,0.0,0.0,0.88,0.96,1.0,0.92,0.76,0.76,0.8,0.92,0.8,0.6799999999999999,0.72,0.76,0.8,0.76,0.64,0.6799999999999999,0.72,0.76,0.72,0.6,0.64,0.6799999999999999,0.72,0.6799999999999999,0.6,0.6,0.64,0.6799999999999999,0.64,0.56,0.56,0.6,0.64,0.6,0.52,0.56,0.88,0.96,1.0,0.92,0.76,0.76,0.8,0.92,0.8,0.6799999999999999,0.72,0.76,0.8,0.76,0.64,0.6799999999999999,0.72,0.76,0.72,0.6,0.64,0.6799999999999999,0.72,0.6799999999999999,0.6,0.6,0.64,0.6799999999999999,0.64,0.56,0.56,0.6,0.64,0.6,0.52,0.56
595,0.0,0.0,0.0,0.0,0.0,0.0,1.0,0.0,0.0,0.0,1.0,0.0,0.0,0.0,0.0,0.0,1.0,0.0,0.0,0.0,0.0,0.0,1.0,0.0,0.0,0.0,1.0,0.0,0.0,0.0,0.0,0.0,0.0,1.0,0.0,0.0,1.0,1.0,0.0,0.0,1.0,0.0,0.0,1.0,0.0,0.0,1.0,1.0,0.0,0.0,0.0,1.0,1.0,0.0,1.0,0.0,1.0,0.0,0.0,0.0,0.0,0.0,0.0,1.0,1.0,1.0,0.0,0.0,0.0,0.0,0.0,0.0,1.0,1.0,0.0,0.0,0.0,0.0,0.0,0.0,0.0,1.0,0.0,1.0,0.0,0.0,0.0,0.0,0.0,0.0,1.0,1.0,0.0,0.0,1.0,0.0,0.0,0.0,0.0,0.0,0.0,0.0,0.0,0.0,0.84,0.92,0.8,1.0,0.96,0.96,0.92,0.72,0.92,0.88,0.88,0.84,0.6799999999999999,0.88,0.84,0.76,0.76,0.64,0.76,0.72,0.72,0.72,0.6,0.72,0.6799999999999999,0.6799999999999999,0.6799999999999999,0.56,0.6799999999999999,0.64,0.64,0.64,0.56,0.64,0.6,0.6,0.84,0.92,0.8,1.0,0.96,0.96,0.92,0.72,0.92,0.88,0.88,0.84,0.6799999999999999,0.88,0.84,0.76,0.76,0.64,0.76,0.72,0.72,0.72,0.6,0.72,0.6799999999999999,0.6799999999999999,0.6799999999999999,0.56,0.6799999999999999,0.64,0.64,0.64,0.56,0.64,0.6,0.6
596,1.0,0.0,0.0,0.0,0.0,0.0,0.0,0.0,0.0,0.0,0.0,1.0,0.0,1.0,0.0,1.0,0.0,1.0,0.0,0.0,1.0,1.0,0.0,0.0,0.0,0.0,0.0,1.0,0.0,1.0,1.0,0.0,0.0,1.0,1.0,0.0,0.0,0.0,0.0,0.0,1.0,0.0,0.0,0.0,0.0,0.0,0.0,0.0,0.0,0.0,0.0,0.0,0.0,0.0,1.0,0.0,0.0,0.0,1.0,1.0,1.0,1.0,0.0,0.0,1.0,0.0,0.0,0.0,0.0,0.0,0.0,0.0,0.0,0.0,0.0,0.0,1.0,0.0,0.0,0.0,0.0,0.0,0.0,0.0,0.0,0.0,0.0,1.0,1.0,0.0,0.0,0.0,0.0,0.0,0.0,1.0,0.0,1.0,0.0,0.0,1.0,0.0,1.0,0.0,0.92,1.0,0.8,0.84,0.76,0.84,0.88,0.76,0.8,0.72,0.76,0.8,0.72,0.76,0.6799999999999999,0.72,0.76,0.6799999999999999,0.72,0.64,0.6799999999999999,0.72,0.64,0.6799999999999999,0.6,0.64,0.6799999999999999,0.6,0.64,0.56,0.6,0.64,0.56,0.6,0.56,0.56,0.92,1.0,0.8,0.84,0.76,0.84,0.88,0.76,0.8,0.72,0.76,0.8,0.72,0.76,0.6799999999999999,0.72,0.76,0.6799999999999999,0.72,0.64,0.6799999999999999,0.72,0.64,0.6799999999999999,0.6,0.64,0.6799999999999999,0.6,0.64,0.56,0.6,0.64,0.56,0.6,0.56,0.56
597,0.0,1.0,0.0,0.0,0.0,0.0,1.0,0.0,1.0,0.0,0.0,1.0,1.0,0.0,0.0,1.0,0.0,0.0,0.0,0.0,0.0,1.0,0.0,0.0,1.0,1.0,0.0,0.0,0.0,0.0,0.0,0.0,1.0,0.0,0.0,0.0,0.0,1.0,1.0,0.0,0.0,1.0,0.0,0.0,0.0,0.0,0.0,0.0,0.0,0.0,0.0,0.0,0.0,0.0,0.0,0.0,0.0,0.0,0.0,0.0,0.0,0.0,1.0,0.0,0.0,1.0,0.0,0.0,1.0,0.0,1.0,0.0,0.0,0.0,0.0,0.0,0.0,0.0,0.0,1.0,1.0,1.0,1.0,0.0,0.0,0.0,0.0,1.0,0.0,0.0,0.0,0.0,1.0,0.0,1.0,0.0,0.0,1.0,0.0,0.0,0.0,0.0,0.0,1.0,0.56,0.64,0.64,0.72,0.64,0.6799999999999999,0.64,0.64,0.72,0.6,0.6799999999999999,0.64,0.64,0.72,0.56,0.92,0.6,0.64,1.0,0.52,0.64,0.64,0.64,0.84,0.48,0.56,0.6,0.52,0.84,0.48,0.52,0.48,0.48,0.72,0.48,0.48,0.56,0.64,0.64,0.72,0.64,0.6799999999999999,0.64,0.64,0.72,0.6,0.6799999999999999,0.64,0.64,0.72,0.56,0.92,0.6,0.64,1.0,0.52,0.64,0.64,0.64,0.84,0.48,0.56,0.6,0.52,0.84,0.48,0.52,0.48,0.48,0.72,0.48,0.48
598,0.0,0.0,1.0,0.0,1.0,1.0,0.0,0.0,1.0,0.0,0.0,0.0,0.0,1.0,0.0,0.0,0.0,0.0,0.0,0.0,1.0,1.0,0.0,0.0,0.0,0.0,0.0,0.0,0.0,0.0,0.0,0.0,0.0,0.0,0.0,1.0,0.0,1.0,0.0,0.0,0.0,0.0,0.0,1.0,0.0,0.0,0.0,1.0,1.0,1.0,0.0,0.0,0.0,0.0,0.0,0.0,0.0,0.0,1.0,1.0,0.0,0.0,1.0,0.0,0.0,0.0,1.0,0.0,1.0,0.0,0.0,0.0,0.0,0.0,1.0,0.0,0.0,0.0,1.0,0.0,1.0,1.0,1.0,0.0,1.0,1.0,0.0,0.0,0.0,0.0,0.0,0.0,0.0,0.0,0.0,0.0,0.0,0.0,1.0,0.0,0.0,0.0,0.0,0.0,1.0,0.72,0.6799999999999999,0.76,0.72,0.72,0.6799999999999999,0.64,0.72,0.6799999999999999,0.6799999999999999,0.64,0.6,0.6799999999999999,0.64,0.64,0.6,0.6,0.64,0.6,0.6,0.56,0.56,0.6,0.56,0.56,0.56,0.52,0.56,0.56,0.52,0.52,0.52,0.56,0.52,0.52,1.0,0.72,0.6799999999999999,0.76,0.72,0.72,0.6799999999999999,0.64,0.72,0.6799999999999999,0.6799999999999999,0.64,0.6,0.6799999999999999,0.64,0.64,0.6,0.6,0.64,0.6,0.6,0.56,0.56,0.6,0.56,0.56,0.56,0.52,0.56,0.56,0.52,0.52,0.52,0.56,0.52,0.52
599,0.0,0.0,0.0,0.0,1.0,0.0,0.0,0.0,0.0,0.0,1.0,0.0,0.0,1.0,0.0,0.0,0.0,0.0,0.0,0.0,0.0,1.0,0.0,0.0,0.0,1.0,0.0,1.0,0.0,0.0,0.0,0.0,0.0,1.0,1.0,0.0,0.0,0.0,1.0,1.0,0.0,0.0,0.0,1.0,0.0,0.0,0.0,0.0,0.0,1.0,1.0,0.0,0.0,0.0,1.0,0.0,0.0,0.0,0.0,0.0,0.0,0.0,0.0,1.0,1.0,0.0,1.0,0.0,0.0,0.0,0.0,1.0,1.0,0.0,0.0,1.0,0.0,0.0,0.0,0.0,1.0,0.0,1.0,0.0,1.0,0.0,0.0,0.0,1.0,0.0,0.0,0.0,0.0,1.0,0.0,0.0,0.0,0.0,1.0,0.0,0.0,0.0,0.0,0.0,0.56,0.64,0.64,0.72,0.6799999999999999,0.72,0.6,0.64,0.72,0.6799999999999999,0.72,0.56,0.64,0.72,0.6,1.0,0.52,0.6,0.96,0.6,1.0,0.48,0.52,0.6799999999999999,0.52,0.6,0.48,0.52,0.52,0.48,0.52,0.48,0.48,0.52,0.48,0.52,0.56,0.64,0.64,0.72,0.6799999999999999,0.72,0.6,0.64,0.72,0.6799999999999999,0.72,0.56,0.64,0.72,0.6,1.0,0.52,0.6,0.96,0.6,1.0,0.48,0.52,0.6799999999999999,0.52,0.6,0.48,0.52,0.52,0.48,0.52,0.48,0.48,0.52,0.48,0.52
600,0.0,0.0,0.0,1.0,1.0,0.0,1.0,1.0,0.0,0.0,1.0,0.0,1.0,0.0,0.0,0.0,1.0,0.0,0.0,0.0,0.0,0.0,0.0,1.0,1.0,0.0,0.0,0.0,0.0,0.0,0.0,0.0,0.0,0.0,0.0,0.0,0.0,0.0,0.0,0.0,0.0,0.0,1.0,1.0,0.0,0.0,0.0,0.0,1.0,0.0,1.0,0.0,0.0,0.0,0.0,0.0,0.0,1.0,0.0,0.0,0.0,1.0,0.0,0.0,0.0,0.0,0.0,0.0,0.0,1.0,0.0,1.0,0.0,0.0,1.0,0.0,0.0,0.0,1.0,0.0,1.0,0.0,0.0,1.0,1.0,0.0,0.0,0.0,0.0,0.0,0.0,0.0,1.0,1.0,0.0,0.0,0.0,1.0,0.0,0.0,0.0,1.0,0.0,0.0,0.84,0.96,0.76,0.6799999999999999,1.0,0.76,0.96,0.6799999999999999,0.64,1.0,0.72,0.92,0.64,0.6,0.84,0.6799999999999999,0.8,0.6,0.56,0.76,0.64,0.8,0.6,0.56,0.72,0.6,0.6799999999999999,0.56,0.52,0.6799999999999999,0.56,0.64,0.52,0.52,0.64,0.52,0.84,0.96,0.76,0.6799999999999999,1.0,0.76,0.96,0.6799999999999999,0.64,1.0,0.72,0.92,0.64,0.6,0.84,0.6799999999999999,0.8,0.6,0.56,0.76,0.64,0.8,0.6,0.56,0.72,0.6,0.6799999999999999,0.56,0.52,0.6799999999999999,0.56,0.64,0.52,0.52,0.64,0.52
601,0.0,0.0,0.0,0.0,0.0,0.0,0.0,1.0,0.0,0.0,0.0,0.0,0.0,0.0,1.0,0.0,0.0,0.0,0.0,0.0,0.0,0.0,0.0,1.0,0.0,0.0,0.0,0.0,1.0,1.0,0.0,0.0,1.0,0.0,0.0,0.0,1.0,0.0,0.0,0.0,1.0,0.0,0.0,1.0,1.0,0.0,0.0,1.0,0.0,1.0,0.0,1.0,0.0,0.0,0.0,0.0,0.0,1.0,0.0,0.0,0.0,0.0,1.0,0.0,0.0,0.0,0.0,1.0,0.0,1.0,1.0,1.0,0.0,0.0,1.0,0.0,1.0,0.0,1.0,1.0,0.0,0.0,1.0,0.0,0.0,0.0,0.0,0.0,0.0,0.0,1.0,0.0,0.0,0.0,0.0,0.0,0.0,0.0,0.0,0.0,1.0,0.0,0.0,0.0,0.8,0.64,0.92,1.0,0.92,0.72,0.6,0.92,1.0,0.92,0.6799999999999999,0.6,0.92,1.0,0.84,0.64,0.56,0.76,0.84,0.72,0.6,0.52,0.72,0.72,0.6799999999999999,0.56,0.52,0.6799999999999999,0.6799999999999999,0.64,0.52,0.48,0.64,0.64,0.6,0.52,0.8,0.64,0.92,1.0,0.92,0.72,0.6,0.92,1.0,0.92,0.6799999999999999,0.6,0.92,1.0,0.84,0.64,0.56,0.76,0.84,0.72,0.6,0.52,0.72,0.72,0.6799999999999999,0.56,0.52,0.6799999999999999,0.6799999999999999,0.64,0.52,0.48,0.64,0.64,0.6,0.52
602,1.0,0.0,0.0,1.0,0.0,0.0,0.0,0.0,0.0,0.0,1.0,0.0,0.0,1.0,1.0,0.0,0.0,0.0,1.0,1.0,1.0,0.0,1.0,0.0,0.0,1.0,0.0,0.0,0.0,0.0,0.0,0.0,0.0,0.0,0.0,0.0,0.0,0.0,1.0,0.0,0.0,1.0,0.0,0.0,0.0,1.0,0.0,0.0,0.0,0.0,0.0,0.0,0.0,0.0,0.0,0.0,0.0,0.0,0.0,0.0,0.0,0.0,0.0,0.0,1.0,0.0,0.0,1.0,0.0,0.0,0.0,0.0,0.0,1.0,0.0,1.0,1.0,0.0,0.0,0.0,0.0,1.0,1.0,1.0,0.0,1.0,1.0,0.0,0.0,1.0,0.0,0.0,1.0,0.0,0.0,0.0,0.0,0.0,0.0,0.0,0.0,0.0,0.0,1.0,0.31999999999999995,0.31999999999999995,0.36,0.36,0.31999999999999995,0.36,0.28,0.36,0.36,0.28,0.36,0.28,0.36,0.36,0.28,0.4,0.28,0.36,0.4,0.28,0.4,0.28,0.4,0.36,0.28,0.4,0.28,0.52,0.28,0.28,0.31999999999999995,0.24,1.0,0.28,0.24,0.28,0.31999999999999995,0.31999999999999995,0.36,0.36,0.31999999999999995,0.36,0.28,0.36,0.36,0.28,0.36,0.28,0.36,0.36,0.28,0.4,0.28,0.36,0.4,0.28,0.4,0.28,0.4,0.36,0.28,0.4,0.28,0.52,0.28,0.28,0.31999999999999995,0.24,1.0,0.28,0.24,0.28
603,0.0,1.0,0.0,1.0,1.0,0.0,0.0,0.0,0.0,1.0,1.0,0.0,1.0,0.0,0.0,0.0,1.0,0.0,0.0,0.0,0.0,1.0,1.0,0.0,0.0,1.0,0.0,1.0,0.0,0.0,0.0,0.0,0.0,0.0,0.0,1.0,0.0,0.0,1.0,0.0,0.0,0.0,0.0,0.0,0.0,0.0,0.0,0.0,0.0,0.0,0.0,0.0,1.0,0.0,0.0,0.0,0.0,0.0,0.0,1.0,0.0,0.0,0.0,1.0,0.0,0.0,0.0,1.0,0.0,0.0,0.0,1.0,0.0,0.0,0.0,0.0,0.0,0.0,0.0,0.0,0.0,1.0,0.0,0.0,0.0,0.0,0.0,0.0,0.0,0.0,0.0,1.0,1.0,1.0,0.0,0.0,0.0,1.0,0.0,0.0,1.0,1.0,1.0,0.0,0.52,0.6,0.56,0.48,0.6,0.6,0.6,0.56,0.48,0.6,0.6,0.6,0.52,0.48,0.6,0.76,0.6,0.48,0.43999999999999995,0.84,0.6799999999999999,0.84,0.48,0.43999999999999995,0.52,0.48,1.0,0.48,0.43999999999999995,0.48,0.48,0.6799999999999999,0.43999999999999995,0.4,0.48,0.48,0.52,0.6,0.56,0.48,0.6,0.6,0.6,0.56,0.48,0.6,0.6,0.6,0.52,0.48,0.6,0.76,0.6,0.48,0.43999999999999995,0.84,0.6799999999999999,0.84,0.48,0.43999999999999995,0.52,0.48,1.0,0.48,0.43999999999999995,0.48,0.48,0.6799999999999999,0.43999999999999995,0.4,0.48,0.48
604,0.0,0.0,1.0,0.0,0.0,0.0,0.0,1.0,1.0,0.0,0.0,0.0,1.0,1.0,0.0,0.0,0.0,0.0,0.0,1.0,0.0,0.0,1.0,1.0,0.0,0.0,0.0,0.0,0.0,0.0,0.0,1.0,0.0,0.0,0.0,1.0,1.0,1.0,0.0,0.0,0.0,0.0,0.0,0.0,0.0,0.0,0.0,1.0,0.0,0.0,0.0,0.0,0.0,0.0,0.0,0.0,0.0,0.0,0.0,0.0,0.0,0.0,0.0,0.0,0.0,0.0,0.0,0.0,0.0,0.0,0.0,0.0,1.0,1.0,0.0,0.0,1.0,1.0,1.0,1.0,1.0,0.0,0.0,0.0,0.0,0.0,0.0,0.0,0.0,0.0,1.0,1.0,0.0,0.0,0.0,0.0,1.0,0.0,0.0,0.0,1.0,1.0,0.0,1.0,0.36,0.4,0.4,0.4,0.4,0.4,0.4,0.4,0.4,0.4,0.4,0.36,0.4,0.4,0.4,0.48,0.36,0.4,0.48,0.48,0.48,0.31999999999999995,0.48,0.48,0.43999999999999995,0.43999999999999995,0.31999999999999995,0.76,0.8,0.48,0.4,0.31999999999999995,1.0,0.72,0.36,0.36,0.36,0.4,0.4,0.4,0.4,0.4,0.4,0.4,0.4,0.4,0.4,0.36,0.4,0.4,0.4,0.48,0.36,0.4,0.48,0.48,0.48,0.31999999999999995,0.48,0.48,0.43999999999999995,0.43999999999999995,0.31999999999999995,0.76,0.8,0.48,0.4,0.31999999999999995,1.0,0.72,0.36,0.36
605,1.0,1.0,0.0,1.0,1.0,0.0,0.0,0.0,1.0,0.0,0.0,0.0,0.0,0.0,1.0,0.0,0.0,0.0,0.0,0.0,0.0,0.0,0.0,1.0,0.0,1.0,0.0,0.0,0.0,1.0,0.0,0.0,1.0,0.0,0.0,0.0,0.0,0.0,0.0,0.0,1.0,0.0,0.0,0.0,0.0,0.0,0.0,0.0,1.0,0.0,0.0,1.0,0.0,0.0,0.0,0.0,0.0,0.0,1.0,1.0,0.0,0.0,1.0,0.0,1.0,0.0,0.0,0.0,0.0,1.0,0.0,0.0,0.0,0.0,0.0,0.0,0.0,0.0,0.0,0.0,0.0,0.0,0.0,1.0,0.0,0.0,0.0,0.0,0.0,1.0,0.0,1.0,0.0,0.0,0.0,0.0,1.0,1.0,0.0,1.0,0.0,1.0,1.0,0.0,0.52,0.6,0.48,0.48,0.64,0.6,0.6,0.48,0.48,0.64,0.56,0.6,0.43999999999999995,0.43999999999999995,0.64,0.6799999999999999,0.6,0.43999999999999995,0.43999999999999995,0.84,0.64,0.64,0.43999999999999995,0.43999999999999995,0.6799999999999999,0.64,0.92,0.4,0.4,1.0,0.88,0.48,0.4,0.4,0.48,0.48,0.52,0.6,0.48,0.48,0.64,0.6,0.6,0.48,0.48,0.64,0.56,0.6,0.43999999999999995,0.43999999999999995,0.64,0.6799999999999999,0.6,0.43999999999999995,0.43999999999999995,0.84,0.64,0.64,0.43999999999999995,0.43999999999999995,0.6799999999999999,0.64,0.92,0.4,0.4,1.0,0.88,0.48,0.4,0.4,0.48,0.48
606,0.0,1.0,1.0,0.0,1.0,0.0,0.0,0.0,0.0,0.0,0.0,0.0,0.0,0.0,1.0,0.0,1.0,1.0,0.0,0.0,0.0,0.0,0.0,0.0,0.0,0.0,1.0,0.0,1.0,1.0,0.0,0.0,0.0,0.0,0.0,0.0,0.0,0.0,1.0,1.0,0.0,0.0,0.0,0.0,1.0,0.0,0.0,0.0,0.0,0.0,1.0,0.0,1.0,0.0,0.0,0.0,0.0,0.0,0.0,1.0,1.0,0.0,1.0,0.0,0.0,0.0,0.0,1.0,0.0,0.0,1.0,0.0,0.0,1.0,1.0,1.0,0.0,0.0,0.0,0.0,0.0,0.0,1.0,0.0,0.0,0.0,0.0,1.0,0.0,0.0,0.0,0.0,0.0,0.0,0.0,0.0,0.0,1.0,1.0,0.0,0.0,0.0,0.0,0.0,1.0,0.76,0.84,0.6799999999999999,0.6799999999999999,0.6799999999999999,0.72,0.76,0.64,0.64,0.64,0.6799999999999999,0.72,0.6,0.6,0.6,0.64,0.6799999999999999,0.56,0.56,0.56,0.6,0.64,0.56,0.56,0.56,0.56,0.6,0.52,0.52,0.52,0.52,0.56,0.52,0.52,0.52,1.0,0.76,0.84,0.6799999999999999,0.6799999999999999,0.6799999999999999,0.72,0.76,0.64,0.64,0.64,0.6799999999999999,0.72,0.6,0.6,0.6,0.64,0.6799999999999999,0.56,0.56,0.56,0.6,0.64,0.56,0.56,0.56,0.56,0.6,0.52,0.52,0.52,0.52,0.56,0.52,0.52,0.52
607,0.0,0.0,1.0,0.0,1.0,1.0,0.0,0.0,0.0,0.0,0.0,1.0,0.0,0.0,0.0,0.0,0.0,1.0,0.0,0.0,0.0,0.0,0.0,1.0,0.0,1.0,0.0,1.0,0.0,1.0,0.0,0.0,0.0,0.0,0.0,0.0,0.0,0.0,0.0,0.0,0.0,0.0,0.0,0.0,0.0,1.0,0.0,0.0,1.0,0.0,1.0,1.0,0.0,0.0,0.0,0.0,0.0,0.0,1.0,0.0,0.0,1.0,0.0,0.0,0.0,1.0,0.0,0.0,0.0,0.0,0.0,1.0,1.0,0.0,1.0,0.0,1.0,0.0,0.0,0.0,0.0,0.0,0.0,1.0,0.0,1.0,0.0,0.0,0.0,0.0,0.0,0.0,0.0,0.0,0.0,1.0,1.0,0.0,1.0,0.0,0.0,1.0,0.0,0.0,0.64,0.6,0.76,0.56,0.8,0.6799999999999999,0.56,0.72,0.52,0.8,0.6,0.56,0.72,0.52,0.76,0.56,0.52,0.72,0.48,1.0,0.56,0.52,0.6,0.48,0.6,0.52,0.48,0.56,0.48,0.56,0.52,0.48,0.52,0.43999999999999995,0.56,0.48,0.64,0.6,0.76,0.56,0.8,0.6799999999999999,0.56,0.72,0.52,0.8,0.6,0.56,0.72,0.52,0.76,0.56,0.52,0.72,0.48,1.0,0.56,0.52,0.6,0.48,0.6,0.52,0.48,0.56,0.48,0.56,0.52,0.48,0.52,0.43999999999999995,0.56,0.48
608,0.0,1.0,0.0,0.0,1.0,0.0,1.0,0.0,0.0,0.0,1.0,0.0,1.0,0.0,0.0,0.0,0.0,0.0,0.0,0.0,0.0,0.0,1.0,0.0,0.0,0.0,0.0,0.0,1.0,1.0,0.0,0.0,0.0,1.0,0.0,0.0,1.0,1.0,1.0,0.0,0.0,0.0,0.0,0.0,0.0,1.0,0.0,0.0,0.0,0.0,0.0,0.0,0.0,0.0,0.0,0.0,0.0,1.0,0.0,0.0,0.0,1.0,0.0,1.0,0.0,1.0,0.0,0.0,0.0,0.0,1.0,0.0,0.0,1.0,0.0,1.0,0.0,1.0,1.0,0.0,0.0,0.0,0.0,0.0,0.0,0.0,0.0,1.0,0.0,0.0,0.0,0.0,0.0,1.0,0.0,0.0,0.0,0.0,0.0,0.0,0.0,1.0,0.0,1.0,0.28,0.31999999999999995,0.31999999999999995,0.36,0.31999999999999995,0.36,0.31999999999999995,0.31999999999999995,0.36,0.31999999999999995,0.36,0.31999999999999995,0.31999999999999995,0.36,0.28,0.4,0.31999999999999995,0.31999999999999995,0.4,0.28,0.4,0.4,0.31999999999999995,0.4,0.28,0.4,0.52,0.31999999999999995,0.52,0.28,0.52,0.6,0.28,0.64,0.24,1.0,0.28,0.31999999999999995,0.31999999999999995,0.36,0.31999999999999995,0.36,0.31999999999999995,0.31999999999999995,0.36,0.31999999999999995,0.36,0.31999999999999995,0.31999999999999995,0.36,0.28,0.4,0.31999999999999995,0.31999999999999995,0.4,0.28,0.4,0.4,0.31999999999999995,0.4,0.28,0.4,0.52,0.31999999999999995,0.52,0.28,0.52,0.6,0.28,0.64,0.24,1.0
609,0.0,1.0,1.0,0.0,0.0,0.0,0.0,1.0,0.0,0.0,0.0,0.0,1.0,1.0,0.0,0.0,0.0,0.0,0.0,0.0,0.0,0.0,1.0,0.0,0.0,0.0,0.0,0.0,0.0,0.0,1.0,1.0,0.0,0.0,0.0,0.0,0.0,0.0,1.0,1.0,0.0,0.0,0.0,0.0,0.0,0.0,0.0,1.0,0.0,1.0,0.0,1.0,0.0,0.0,0.0,0.0,1.0,1.0,1.0,0.0,0.0,0.0,1.0,0.0,0.0,0.0,0.0,0.0,0.0,1.0,1.0,1.0,0.0,1.0,0.0,0.0,0.0,0.0,0.0,0.0,1.0,0.0,0.0,0.0,0.0,0.0,1.0,0.0,0.0,1.0,0.0,0.0,0.0,1.0,0.0,0.0,1.0,0.0,0.0,0.0,0.0,0.0,0.0,0.0,0.88,1.0,0.8,0.8,0.8,0.88,1.0,0.76,0.76,0.76,0.8,0.8,0.72,0.72,0.72,0.76,0.76,0.6799999999999999,0.6799999999999999,0.6799999999999999,0.72,0.72,0.64,0.64,0.64,0.6799999999999999,0.6799999999999999,0.6,0.6,0.6,0.64,0.64,0.56,0.56,0.56,0.6,0.88,1.0,0.8,0.8,0.8,0.88,1.0,0.76,0.76,0.76,0.8,0.8,0.72,0.72,0.72,0.76,0.76,0.6799999999999999,0.6799999999999999,0.6799999999999999,0.72,0.72,0.64,0.64,0.64,0.6799999999999999,0.6799999999999999,0.6,0.6,0.6,0.64,0.64,0.56,0.56,0.56,0.6
610,0.0,1.0,0.0,0.0,1.0,0.0,0.0,1.0,0.0,0.0,0.0,1.0,0.0,0.0,1.0,0.0,0.0,0.0,0.0,1.0,0.0,0.0,0.0,0.0,0.0,0.0,0.0,0.0,0.0,1.0,0.0,1.0,0.0,1.0,1.0,0.0,1.0,0.0,0.0,0.0,0.0,0.0,0.0,0.0,0.0,0.0,1.0,1.0,0.0,0.0,0.0,0.0,0.0,0.0,1.0,1.0,0.0,0.0,1.0,0.0,0.0,0.0,1.0,0.0,1.0,1.0,0.0,0.0,1.0,0.0,0.0,0.0,1.0,0.0,0.0,0.0,0.0,1.0,0.0,0.0,0.0,0.0,0.0,0.0,0.0,0.0,0.0,0.0,0.0,1.0,0.0,0.0,0.0,1.0,0.0,1.0,0.0,1.0,0.0,0.0,0.0,0.0,0.0,0.0,0.84,1.0,0.72,0.8,0.6799999999999999,0.76,1.0,0.6799999999999999,0.76,0.64,0.72,0.92,0.64,0.72,0.6,0.6799999999999999,0.8,0.6,0.6799999999999999,0.56,0.64,0.76,0.56,0.64,0.56,0.6,0.6799999999999999,0.52,0.6,0.52,0.56,0.64,0.52,0.56,0.52,0.56,0.84,1.0,0.72,0.8,0.6799999999999999,0.76,1.0,0.6799999999999999,0.76,0.64,0.72,0.92,0.64,0.72,0.6,0.6799999999999999,0.8,0.6,0.6799999999999999,0.56,0.64,0.76,0.56,0.64,0.56,0.6,0.6799999999999999,0.52,0.6,0.52,0.56,0.64,0.52,0.56,0.52,0.56
611,0.0,0.0,0.0,0.0,1.0,0.0,0.0,0.0,0.0,0.0,0.0,0.0,0.0,1.0,1.0,0.0,0.0,0.0,0.0,1.0,0.0,1.0,0.0,0.0,0.0,1.0,1.0,0.0,0.0,0.0,0.0,0.0,0.0,1.0,0.0,1.0,0.0,0.0,0.0,0.0,1.0,0.0,0.0,1.0,0.0,0.0,1.0,0.0,1.0,0.0,0.0,0.0,1.0,1.0,0.0,0.0,0.0,1.0,0.0,0.0,0.0,1.0,0.0,0.0,1.0,0.0,0.0,0.0,0.0,0.0,1.0,0.0,0.0,0.0,0.0,0.0,1.0,0.0,0.0,0.0,0.0,1.0,0.0,0.0,0.0,0.0,0.0,0.0,1.0,1.0,0.0,0.0,0.0,1.0,0.0,0.0,1.0,1.0,0.0,0.0,0.0,0.0,0.0,0.0,0.92,0.8,1.0,0.84,0.84,0.84,0.76,0.84,0.76,0.8,0.8,0.72,0.8,0.72,0.76,0.76,0.6799999999999999,0.76,0.6799999999999999,0.72,0.72,0.64,0.72,0.64,0.6799999999999999,0.6799999999999999,0.6,0.6799999999999999,0.6,0.64,0.64,0.56,0.64,0.56,0.6,0.6,0.92,0.8,1.0,0.84,0.84,0.84,0.76,0.84,0.76,0.8,0.8,0.72,0.8,0.72,0.76,0.76,0.6799999999999999,0.76,0.6799999999999999,0.72,0.72,0.64,0.72,0.64,0.6799999999999999,0.6799999999999999,0.6,0.6799999999999999,0.6,0.64,0.64,0.56,0.64,0.56,0.6,0.6
612,1.0,0.0,0.0,0.0,1.0,1.0,1.0,1.0,0.0,0.0,1.0,0.0,0.0,0.0,0.0,0.0,1.0,0.0,0.0,0.0,0.0,1.0,0.0,0.0,0.0,0.0,0.0,0.0,0.0,1.0,0.0,0.0,0.0,0.0,0.0,1.0,0.0,0.0,0.0,1.0,0.0,0.0,1.0,0.0,0.0,0.0,1.0,0.0,0.0,0.0,0.0,0.0,0.0,0.0,0.0,1.0,0.0,0.0,0.0,0.0,1.0,1.0,0.0,0.0,0.0,0.0,0.0,0.0,0.0,1.0,0.0,1.0,0.0,0.0,0.0,0.0,1.0,0.0,0.0,0.0,0.0,0.0,0.0,1.0,1.0,1.0,1.0,0.0,0.0,0.0,1.0,0.0,0.0,0.0,0.0,0.0,0.0,1.0,0.0,0.0,0.0,1.0,0.0,0.0,1.0,0.88,0.6799999999999999,0.8,0.6799999999999999,0.6799999999999999,0.84,0.64,0.76,0.64,0.64,0.76,0.6,0.72,0.6,0.6,0.72,0.56,0.6799999999999999,0.56,0.56,0.6799999999999999,0.56,0.64,0.52,0.52,0.64,0.52,0.6,0.52,0.52,0.6,0.52,0.56,0.48,0.48,1.0,0.88,0.6799999999999999,0.8,0.6799999999999999,0.6799999999999999,0.84,0.64,0.76,0.64,0.64,0.76,0.6,0.72,0.6,0.6,0.72,0.56,0.6799999999999999,0.56,0.56,0.6799999999999999,0.56,0.64,0.52,0.52,0.64,0.52,0.6,0.52,0.52,0.6,0.52,0.56,0.48,0.48
613,0.0,0.0,0.0,1.0,0.0,0.0,0.0,0.0,0.0,0.0,0.0,1.0,1.0,0.0,0.0,0.0,1.0,0.0,1.0,0.0,0.0,1.0,0.0,0.0,0.0,0.0,1.0,0.0,0.0,0.0,0.0,1.0,0.0,0.0,0.0,0.0,0.0,1.0,0.0,0.0,0.0,0.0,0.0,1.0,0.0,0.0,1.0,0.0,0.0,1.0,0.0,1.0,1.0,1.0,0.0,0.0,0.0,0.0,0.0,0.0,0.0,1.0,0.0,0.0,0.0,0.0,0.0,0.0,0.0,1.0,0.0,0.0,0.0,0.0,0.0,0.0,0.0,0.0,0.0,1.0,0.0,1.0,0.0,0.0,1.0,1.0,0.0,1.0,1.0,0.0,0.0,1.0,0.0,0.0,0.0,0.0,0.0,0.0,0.0,1.0,0.0,0.0,1.0,0.0,0.56,0.56,0.52,0.72,0.64,0.6,0.52,0.48,0.72,0.64,0.52,0.52,0.48,0.72,0.6,0.52,0.48,0.48,1.0,0.56,0.48,0.48,0.43999999999999995,0.84,0.56,0.48,0.48,0.43999999999999995,0.52,0.48,0.48,0.43999999999999995,0.43999999999999995,0.52,0.48,0.43999999999999995,0.56,0.56,0.52,0.72,0.64,0.6,0.52,0.48,0.72,0.64,0.52,0.52,0.48,0.72,0.6,0.52,0.48,0.48,1.0,0.56,0.48,0.48,0.43999999999999995,0.84,0.56,0.48,0.48,0.43999999999999995,0.52,0.48,0.48,0.43999999999999995,0.43999999999999995,0.52,0.48,0.43999999999999995
614,1.0,0.0,1.0,0.0,0.0,0.0,1.0,0.0,1.0,0.0,1.0,0.0,0.0,1.0,0.0,1.0,0.0,1.0,0.0,0.0,0.0,0.0,0.0,1.0,0.0,0.0,0.0,0.0,0.0,0.0,0.0,0.0,0.0,0.0,0.0,0.0,0.0,0.0,1.0,0.0,0.0,1.0,0.0,0.0,0.0,0.0,1.0,0.0,0.0,0.0,1.0,0.0,0.0,0.0,0.0,1.0,0.0,0.0,0.0,1.0,0.0,0.0,0.0,1.0,0.0,0.0,1.0,0.0,0.0,0.0,0.0,1.0,0.0,1.0,1.0,0.0,1.0,1.0,0.0,0.0,0.0,0.0,0.0,1.0,1.0,0.0,0.0,0.0,0.0,0.0,0.0,1.0,0.0,0.0,0.0,0.0,0.0,0.0,0.0,0.0,1.0,0.0,0.0,0.0,0.8,0.96,1.0,0.64,0.6799999999999999,0.92,0.96,1.0,0.6,0.64,0.76,0.96,1.0,0.6,0.6,0.72,0.92,1.0,0.56,0.56,0.6799999999999999,0.84,0.96,0.52,0.56,0.64,0.72,0.76,0.52,0.52,0.6,0.6799999999999999,0.6799999999999999,0.48,0.52,0.56,0.8,0.96,1.0,0.64,0.6799999999999999,0.92,0.96,1.0,0.6,0.64,0.76,0.96,1.0,0.6,0.6,0.72,0.92,1.0,0.56,0.56,0.6799999999999999,0.84,0.96,0.52,0.56,0.64,0.72,0.76,0.52,0.52,0.6,0.6799999999999999,0.6799999999999999,0.48,0.52,0.56
615,0.0,0.0,1.0,0.0,1.0,0.0,1.0,0.0,0.0,0.0,1.0,0.0,0.0,0.0,0.0,0.0,0.0,0.0,0.0,0.0,0.0,0.0,0.0,0.0,1.0,1.0,0.0,1.0,1.0,0.0,0.0,0.0,0.0,0.0,0.0,0.0,0.0,0.0,0.0,0.0,1.0,1.0,1.0,1.0,0.0,1.0,0.0,0.0,0.0,0.0,0.0,0.0,0.0,0.0,0.0,0.0,0.0,1.0,0.0,1.0,1.0,0.0,0.0,0.0,0.0,0.0,1.0,1.0,0.0,1.0,0.0,1.0,0.0,0.0,0.0,0.0,0.0,0.0,0.0,0.0,0.0,0.0,1.0,1.0,0.0,0.0,0.0,0.0,1.0,0.0,0.0,1.0,0.0,0.0,0.0,0.0,0.0,0.0,1.0,1.0,0.0,0.0,0.0,0.0,1.0,0.76,0.72,0.6799999999999999,0.8,0.6799999999999999,0.72,0.6799999999999999,0.64,0.76,0.64,0.6799999999999999,0.64,0.6,0.6799999999999999,0.6,0.64,0.6,0.56,0.64,0.56,0.6,0.56,0.52,0.6,0.52,0.56,0.52,0.52,0.6,0.52,0.56,0.52,0.48,0.56,0.48,1.0,0.76,0.72,0.6799999999999999,0.8,0.6799999999999999,0.72,0.6799999999999999,0.64,0.76,0.64,0.6799999999999999,0.64,0.6,0.6799999999999999,0.6,0.64,0.6,0.56,0.64,0.56,0.6,0.56,0.52,0.6,0.52,0.56,0.52,0.52,0.6,0.52,0.56,0.52,0.48,0.56,0.48
616,0.0,1.0,0.0,0.0,0.0,1.0,1.0,1.0,0.0,0.0,0.0,1.0,1.0,0.0,1.0,0.0,0.0,0.0,0.0,0.0,0.0,0.0,0.0,1.0,0.0,0.0,0.0,0.0,1.0,0.0,0.0,0.0,0.0,0.0,0.0,0.0,0.0,1.0,0.0,0.0,1.0,0.0,0.0,0.0,0.0,0.0,1.0,0.0,0.0,1.0,0.0,0.0,0.0,0.0,0.0,0.0,0.0,0.0,0.0,0.0,1.0,1.0,0.0,0.0,0.0,0.0,0.0,0.0,0.0,1.0,0.0,0.0,0.0,0.0,0.0,0.0,1.0,0.0,1.0,0.0,0.0,1.0,0.0,0.0,0.0,1.0,0.0,0.0,1.0,0.0,1.0,1.0,0.0,0.0,0.0,0.0,0.0,0.0,0.0,1.0,1.0,0.0,1.0,0.0,0.56,0.6799999999999999,0.6,0.72,0.72,0.72,0.6799999999999999,0.52,0.72,0.72,0.72,0.6799999999999999,0.52,0.72,0.72,0.84,0.6799999999999999,0.48,0.84,1.0,0.84,0.84,0.48,0.6799999999999999,0.6799999999999999,0.6,0.52,0.48,0.52,0.52,0.52,0.52,0.43999999999999995,0.52,0.52,0.48,0.56,0.6799999999999999,0.6,0.72,0.72,0.72,0.6799999999999999,0.52,0.72,0.72,0.72,0.6799999999999999,0.52,0.72,0.72,0.84,0.6799999999999999,0.48,0.84,1.0,0.84,0.84,0.48,0.6799999999999999,0.6799999999999999,0.6,0.52,0.48,0.52,0.52,0.52,0.52,0.43999999999999995,0.52,0.52,0.48
617,1.0,0.0,0.0,0.0,0.0,0.0,1.0,0.0,0.0,0.0,0.0,0.0,1.0,0.0,0.0,0.0,0.0,1.0,0.0,0.0,0.0,1.0,0.0,0.0,1.0,0.0,1.0,0.0,1.0,0.0,0.0,0.0,0.0,0.0,1.0,1.0,0.0,0.0,1.0,0.0,0.0,0.0,0.0,0.0,0.0,0.0,0.0,0.0,1.0,0.0,0.0,1.0,0.0,0.0,0.0,0.0,0.0,0.0,0.0,0.0,1.0,0.0,0.0,0.0,0.0,1.0,1.0,0.0,0.0,0.0,0.0,0.0,0.0,0.0,1.0,1.0,0.0,1.0,0.0,1.0,0.0,0.0,1.0,0.0,0.0,1.0,0.0,0.0,0.0,0.0,0.0,0.0,0.0,1.0,1.0,1.0,0.0,0.0,0.0,0.0,0.0,1.0,0.0,0.0,0.52,0.48,0.6,0.64,0.56,0.6,0.48,0.6,0.64,0.56,0.6,0.43999999999999995,0.6,0.64,0.52,0.72,0.43999999999999995,0.6,0.84,0.48,0.52,0.43999999999999995,0.72,0.84,0.48,0.48,0.4,0.56,1.0,0.43999999999999995,0.48,0.4,0.48,0.48,0.43999999999999995,0.43999999999999995,0.52,0.48,0.6,0.64,0.56,0.6,0.48,0.6,0.64,0.56,0.6,0.43999999999999995,0.6,0.64,0.52,0.72,0.43999999999999995,0.6,0.84,0.48,0.52,0.43999999999999995,0.72,0.84,0.48,0.48,0.4,0.56,1.0,0.43999999999999995,0.48,0.4,0.48,0.48,0.43999999999999995,0.43999999999999995
618,0.0,0.0,1.0,0.0,0.0,0.0,0.0,1.0,0.0,1.0,0.0,0.0,0.0,1.0,1.0,0.0,0.0,0.0,0.0,0.0,0.0,0.0,0.0,0.0,0.0,0.0,1.0,0.0,1.0,1.0,0.0,0.0,0.0,1.0,0.0,1.0,0.0,0.0,0.0,1.0,0.0,0.0,0.0,0.0,0.0,0.0,0.0,1.0,0.0,0.0,1.0,0.0,0.0,0.0,0.0,1.0,0.0,0.0,0.0,0.0,0.0,0.0,0.0,0.0,0.0,0.0,0.0,0.0,1.0,0.0,0.0,1.0,0.0,0.0,0.0,0.0,0.0,1.0,0.0,1.0,0.0,0.0,0.0,0.0,1.0,0.0,0.0,0.0,1.0,0.0,0.0,0.0,0.0,0.0,1.0,1.0,0.0,0.0,1.0,0.0,1.0,1.0,0.0,1.0,0.84,0.6,0.6,0.88,1.0,0.8,0.56,0.6,0.84,1.0,0.72,0.56,0.56,0.76,0.88,0.6799999999999999,0.52,0.52,0.6799999999999999,0.76,0.64,0.52,0.52,0.64,0.72,0.6,0.48,0.48,0.6,0.6799999999999999,0.56,0.48,0.48,0.6,0.64,0.56,0.84,0.6,0.6,0.88,1.0,0.8,0.56,0.6,0.84,1.0,0.72,0.56,0.56,0.76,0.88,0.6799999999999999,0.52,0.52,0.6799999999999999,0.76,0.64,0.52,0.52,0.64,0.72,0.6,0.48,0.48,0.6,0.6799999999999999,0.56,0.48,0.48,0.6,0.64,0.56
619,0.0,0.0,0.0,0.0,0.0,1.0,1.0,0.0,0.0,0.0,0.0,0.0,1.0,1.0,0.0,0.0,1.0,0.0,1.0,0.0,0.0,0.0,1.0,0.0,0.0,0.0,0.0,0.0,1.0,0.0,0.0,0.0,0.0,0.0,0.0,0.0,1.0,0.0,0.0,1.0,1.0,0.0,0.0,1.0,0.0,0.0,0.0,0.0,0.0,0.0,1.0,0.0,0.0,0.0,0.0,0.0,0.0,0.0,0.0,1.0,1.0,1.0,0.0,1.0,0.0,0.0,1.0,1.0,0.0,0.0,0.0,0.0,1.0,0.0,0.0,0.0,0.0,0.0,0.0,1.0,0.0,0.0,1.0,0.0,0.0,1.0,1.0,0.0,0.0,0.0,0.0,0.0,0.0,0.0,0.0,0.0,0.0,0.0,1.0,0.0,0.0,0.0,0.0,1.0,0.92,1.0,0.92,0.84,0.8,0.88,0.84,0.84,0.8,0.76,0.8,0.8,0.8,0.76,0.72,0.76,0.76,0.76,0.6799999999999999,0.6799999999999999,0.72,0.72,0.6799999999999999,0.64,0.64,0.6799999999999999,0.6799999999999999,0.64,0.6,0.6,0.64,0.64,0.6,0.6,0.56,0.6,0.92,1.0,0.92,0.84,0.8,0.88,0.84,0.84,0.8,0.76,0.8,0.8,0.8,0.76,0.72,0.76,0.76,0.76,0.6799999999999999,0.6799999999999999,0.72,0.72,0.6799999999999999,0.64,0.64,0.6799999999999999,0.6799999999999999,0.64,0.6,0.6,0.64,0.64,0.6,0.6,0.56,0.6
620,0.0,1.0,0.0,0.0,1.0,1.0,0.0,1.0,0.0,0.0,0.0,1.0,0.0,0.0,0.0,0.0,0.0,0.0,0.0,0.0,1.0,1.0,0.0,0.0,1.0,0.0,1.0,1.0,0.0,0.0,0.0,0.0,1.0,1.0,1.0,0.0,0.0,0.0,0.0,0.0,0.0,0.0,0.0,0.0,0.0,0.0,0.0,0.0,0.0,0.0,0.0,0.0,1.0,0.0,0.0,1.0,0.0,0.0,0.0,0.0,0.0,0.0,1.0,0.0,0.0,0.0,0.0,0.0,1.0,0.0,0.0,0.0,0.0,0.0,1.0,0.0,0.0,0.0,0.0,0.0,0.0,1.0,0.0,0.0,0.0,0.0,0.0,0.0,1.0,0.0,0.0,1.0,0.0,1.0,1.0,0.0,1.0,0.0,0.0,0.0,0.0,1.0,0.0,1.0,0.92,1.0,0.76,0.84,0.8,0.8,0.88,0.72,0.8,0.76,0.76,0.8,0.6799999999999999,0.76,0.72,0.6799999999999999,0.76,0.64,0.72,0.6799999999999999,0.64,0.72,0.6,0.6799999999999999,0.64,0.6,0.6799999999999999,0.56,0.64,0.6,0.6,0.64,0.52,0.6,0.56,0.56,0.92,1.0,0.76,0.84,0.8,0.8,0.88,0.72,0.8,0.76,0.76,0.8,0.6799999999999999,0.76,0.72,0.6799999999999999,0.76,0.64,0.72,0.6799999999999999,0.64,0.72,0.6,0.6799999999999999,0.64,0.6,0.6799999999999999,0.56,0.64,0.6,0.6,0.64,0.52,0.6,0.56,0.56
621,0.0,1.0,1.0,1.0,0.0,0.0,0.0,0.0,0.0,0.0,0.0,0.0,0.0,1.0,0.0,1.0,0.0,1.0,0.0,0.0,0.0,1.0,0.0,0.0,1.0,0.0,0.0,0.0,0.0,0.0,0.0,0.0,0.0,0.0,0.0,0.0,0.0,0.0,0.0,0.0,0.0,0.0,1.0,1.0,0.0,1.0,0.0,0.0,0.0,0.0,1.0,1.0,1.0,0.0,0.0,0.0,1.0,0.0,1.0,0.0,0.0,1.0,1.0,0.0,0.0,0.0,0.0,0.0,0.0,0.0,1.0,0.0,0.0,0.0,0.0,0.0,0.0,0.0,0.0,0.0,0.0,1.0,0.0,1.0,0.0,0.0,1.0,0.0,0.0,0.0,0.0,0.0,0.0,1.0,0.0,0.0,1.0,0.0,1.0,0.0,1.0,0.0,0.0,0.0,0.8,0.88,0.6799999999999999,0.56,1.0,0.64,0.84,0.64,0.56,1.0,0.6,0.76,0.6,0.52,0.92,0.56,0.6799999999999999,0.56,0.52,0.76,0.56,0.64,0.56,0.48,0.72,0.52,0.6,0.52,0.48,0.6799999999999999,0.52,0.6,0.52,0.48,0.64,0.48,0.8,0.88,0.6799999999999999,0.56,1.0,0.64,0.84,0.64,0.56,1.0,0.6,0.76,0.6,0.52,0.92,0.56,0.6799999999999999,0.56,0.52,0.76,0.56,0.64,0.56,0.48,0.72,0.52,0.6,0.52,0.48,0.6799999999999999,0.52,0.6,0.52,0.48,0.64,0.48
622,0.0,0.0,0.0,0.0,0.0,0.0,1.0,1.0,0.0,0.0,0.0,0.0,0.0,0.0,0.0,0.0,0.0,1.0,0.0,0.0,0.0,0.0,0.0,0.0,0.0,1.0,0.0,0.0,0.0,0.0,0.0,1.0,0.0,1.0,0.0,0.0,1.0,1.0,0.0,1.0,0.0,1.0,0.0,0.0,0.0,0.0,0.0,1.0,1.0,0.0,0.0,1.0,1.0,1.0,0.0,0.0,0.0,0.0,0.0,0.0,1.0,0.0,0.0,0.0,1.0,0.0,1.0,0.0,1.0,0.0,1.0,1.0,1.0,0.0,0.0,0.0,1.0,0.0,0.0,0.0,0.0,0.0,0.0,0.0,1.0,0.0,0.0,0.0,0.0,0.0,0.0,0.0,1.0,0.0,0.0,0.0,0.0,0.0,0.0,0.0,0.0,0.0,1.0,0.0,0.76,0.84,0.84,0.84,0.88,0.88,0.84,0.84,0.76,0.88,0.88,0.76,0.84,0.72,0.88,1.0,0.6799999999999999,0.76,0.64,0.88,0.6799999999999999,0.64,0.6799999999999999,0.6,0.6799999999999999,0.64,0.6,0.64,0.56,0.64,0.6,0.56,0.6,0.56,0.6,0.56,0.76,0.84,0.84,0.84,0.88,0.88,0.84,0.84,0.76,0.88,0.88,0.76,0.84,0.72,0.88,1.0,0.6799999999999999,0.76,0.64,0.88,0.6799999999999999,0.64,0.6799999999999999,0.6,0.6799999999999999,0.64,0.6,0.64,0.56,0.64,0.6,0.56,0.6,0.56,0.6,0.56
623,0.0,1.0,0.0,0.0,0.0,0.0,0.0,1.0,0.0,0.0,0.0,0.0,0.0,0.0,0.0,0.0,0.0,0.0,0.0,0.0,1.0,0.0,1.0,0.0,0.0,0.0,1.0,0.0,0.0,1.0,1.0,0.0,0.0,1.0,0.0,1.0,1.0,0.0,0.0,0.0,1.0,0.0,0.0,0.0,0.0,0.0,0.0,1.0,1.0,0.0,0.0,0.0,1.0,0.0,0.0,0.0,0.0,0.0,1.0,0.0,1.0,0.0,0.0,1.0,0.0,1.0,0.0,0.0,0.0,0.0,1.0,0.0,0.0,0.0,0.0,1.0,0.0,0.0,0.0,0.0,0.0,0.0,0.0,1.0,1.0,0.0,0.0,0.0,0.0,0.0,1.0,0.0,0.0,0.0,1.0,0.0,1.0,0.0,0.0,0.0,0.0,1.0,0.0,0.0,1.0,0.8,0.72,0.92,0.76,0.84,0.76,0.6799999999999999,0.88,0.72,0.8,0.72,0.64,0.8,0.6799999999999999,0.76,0.6799999999999999,0.6,0.76,0.64,0.72,0.64,0.56,0.72,0.6,0.6799999999999999,0.6,0.56,0.6799999999999999,0.56,0.64,0.56,0.52,0.64,0.56,0.6,1.0,0.8,0.72,0.92,0.76,0.84,0.76,0.6799999999999999,0.88,0.72,0.8,0.72,0.64,0.8,0.6799999999999999,0.76,0.6799999999999999,0.6,0.76,0.64,0.72,0.64,0.56,0.72,0.6,0.6799999999999999,0.6,0.56,0.6799999999999999,0.56,0.64,0.56,0.52,0.64,0.56,0.6
624,0.0,0.0,0.0,0.0,0.0,0.0,0.0,0.0,1.0,1.0,0.0,0.0,0.0,0.0,0.0,0.0,0.0,0.0,1.0,0.0,0.0,1.0,0.0,0.0,0.0,0.0,0.0,0.0,0.0,0.0,1.0,0.0,0.0,1.0,0.0,0.0,1.0,0.0,1.0,1.0,0.0,1.0,1.0,0.0,1.0,0.0,0.0,0.0,1.0,0.0,0.0,0.0,0.0,0.0,1.0,0.0,0.0,1.0,0.0,0.0,0.0,0.0,1.0,1.0,1.0,0.0,0.0,0.0,1.0,1.0,0.0,0.0,1.0,0.0,0.0,0.0,0.0,0.0,1.0,0.0,0.0,0.0,0.0,0.0,0.0,0.0,0.0,0.0,0.0,1.0,0.0,0.0,0.0,0.0,0.0,0.0,0.0,0.0,0.0,1.0,0.0,1.0,0.0,1.0,0.64,0.76,0.6799999999999999,0.76,0.8,0.76,0.76,0.64,0.76,0.8,0.76,0.76,0.56,0.6799999999999999,0.8,0.6799999999999999,0.76,0.56,0.76,1.0,0.56,0.92,0.52,0.56,0.76,0.56,0.6,0.52,0.56,0.56,0.52,0.56,0.48,0.52,0.56,0.52,0.64,0.76,0.6799999999999999,0.76,0.8,0.76,0.76,0.64,0.76,0.8,0.76,0.76,0.56,0.6799999999999999,0.8,0.6799999999999999,0.76,0.56,0.76,1.0,0.56,0.92,0.52,0.56,0.76,0.56,0.6,0.52,0.56,0.56,0.52,0.56,0.48,0.52,0.56,0.52
625,0.0,0.0,0.0,0.0,0.0,0.0,1.0,0.0,0.0,0.0,0.0,0.0,0.0,1.0,1.0,0.0,0.0,1.0,1.0,0.0,0.0,1.0,1.0,1.0,0.0,0.0,0.0,0.0,1.0,1.0,0.0,0.0,1.0,0.0,0.0,0.0,0.0,0.0,1.0,0.0,0.0,0.0,0.0,0.0,1.0,0.0,0.0,0.0,0.0,0.0,0.0,0.0,0.0,0.0,1.0,0.0,0.0,1.0,0.0,0.0,0.0,1.0,0.0,0.0,0.0,0.0,0.0,0.0,1.0,0.0,0.0,1.0,0.0,0.0,0.0,0.0,0.0,0.0,1.0,0.0,0.0,0.0,1.0,1.0,0.0,0.0,0.0,0.0,0.0,0.0,0.0,1.0,0.0,1.0,1.0,0.0,0.0,0.0,1.0,0.0,0.0,1.0,0.0,0.0,1.0,0.6799999999999999,0.92,0.6799999999999999,0.76,0.6799999999999999,0.64,0.88,0.64,0.6799999999999999,0.64,0.6,0.8,0.6,0.64,0.6,0.56,0.76,0.56,0.6,0.56,0.52,0.72,0.56,0.6,0.52,0.52,0.6799999999999999,0.52,0.56,0.52,0.48,0.64,0.52,0.52,0.48,1.0,0.6799999999999999,0.92,0.6799999999999999,0.76,0.6799999999999999,0.64,0.88,0.64,0.6799999999999999,0.64,0.6,0.8,0.6,0.64,0.6,0.56,0.76,0.56,0.6,0.56,0.52,0.72,0.56,0.6,0.52,0.52,0.6799999999999999,0.52,0.56,0.52,0.48,0.64,0.52,0.52,0.48
626,0.0,0.0,0.0,0.0,0.0,0.0,1.0,0.0,0.0,0.0,1.0,0.0,0.0,0.0,0.0,1.0,0.0,1.0,1.0,1.0,0.0,0.0,0.0,0.0,0.0,0.0,1.0,0.0,0.0,1.0,0.0,0.0,1.0,1.0,0.0,0.0,0.0,0.0,0.0,0.0,1.0,0.0,1.0,0.0,0.0,1.0,0.0,0.0,0.0,0.0,0.0,0.0,0.0,0.0,0.0,0.0,0.0,0.0,0.0,0.0,0.0,0.0,0.0,1.0,0.0,0.0,0.0,0.0,1.0,0.0,0.0,0.0,0.0,0.0,0.0,1.0,1.0,0.0,0.0,1.0,1.0,0.0,0.0,1.0,0.0,0.0,0.0,1.0,0.0,0.0,0.0,1.0,0.0,0.0,0.0,0.0,1.0,0.0,0.0,1.0,0.0,1.0,1.0,0.0,1.0,0.6799999999999999,0.8,0.84,0.88,0.76,0.64,0.76,0.8,0.8,0.6799999999999999,0.6,0.72,0.76,0.76,0.64,0.56,0.6799999999999999,0.72,0.72,0.6,0.56,0.64,0.6799999999999999,0.6799999999999999,0.6,0.52,0.6,0.64,0.64,0.56,0.52,0.56,0.6,0.6,0.52,1.0,0.6799999999999999,0.8,0.84,0.88,0.76,0.64,0.76,0.8,0.8,0.6799999999999999,0.6,0.72,0.76,0.76,0.64,0.56,0.6799999999999999,0.72,0.72,0.6,0.56,0.64,0.6799999999999999,0.6799999999999999,0.6,0.52,0.6,0.64,0.64,0.56,0.52,0.56,0.6,0.6,0.52
627,0.0,0.0,0.0,0.0,0.0,1.0,1.0,0.0,0.0,1.0,0.0,0.0,1.0,0.0,0.0,0.0,0.0,0.0,0.0,0.0,0.0,0.0,0.0,1.0,1.0,0.0,0.0,0.0,0.0,0.0,1.0,0.0,1.0,0.0,0.0,0.0,0.0,0.0,0.0,0.0,0.0,1.0,1.0,0.0,0.0,1.0,1.0,0.0,1.0,0.0,0.0,0.0,0.0,0.0,0.0,1.0,0.0,0.0,0.0,0.0,0.0,0.0,0.0,0.0,0.0,0.0,0.0,0.0,0.0,1.0,1.0,1.0,1.0,0.0,1.0,0.0,0.0,1.0,0.0,0.0,1.0,0.0,0.0,0.0,0.0,0.0,0.0,0.0,0.0,1.0,1.0,0.0,0.0,0.0,0.0,1.0,0.0,0.0,0.0,1.0,0.0,1.0,0.0,0.0,0.56,0.56,0.6799999999999999,0.52,0.72,0.6799999999999999,0.52,0.6799999999999999,0.52,0.72,0.6799999999999999,0.48,0.6799999999999999,0.48,0.72,0.84,0.48,0.64,0.48,1.0,0.6,0.48,0.52,0.48,0.6799999999999999,0.52,0.43999999999999995,0.52,0.43999999999999995,0.52,0.52,0.43999999999999995,0.48,0.43999999999999995,0.52,0.48,0.56,0.56,0.6799999999999999,0.52,0.72,0.6799999999999999,0.52,0.6799999999999999,0.52,0.72,0.6799999999999999,0.48,0.6799999999999999,0.48,0.72,0.84,0.48,0.64,0.48,1.0,0.6,0.48,0.52,0.48,0.6799999999999999,0.52,0.43999999999999995,0.52,0.43999999999999995,0.52,0.52,0.43999999999999995,0.48,0.43999999999999995,0.52,0.48
628,1.0,0.0,0.0,0.0,0.0,0.0,0.0,1.0,0.0,0.0,0.0,0.0,0.0,0.0,0.0,0.0,0.0,0.0,0.0,1.0,0.0,0.0,0.0,1.0,0.0,0.0,1.0,1.0,0.0,1.0,0.0,0.0,0.0,0.0,0.0,1.0,0.0,0.0,0.0,0.0,0.0,1.0,0.0,1.0,0.0,1.0,1.0,1.0,0.0,0.0,0.0,0.0,0.0,0.0,1.0,0.0,0.0,0.0,1.0,0.0,1.0,0.0,1.0,0.0,0.0,1.0,0.0,0.0,1.0,0.0,0.0,0.0,0.0,0.0,1.0,0.0,0.0,0.0,0.0,0.0,0.0,0.0,1.0,0.0,1.0,0.0,0.0,0.0,0.0,0.0,1.0,0.0,1.0,0.0,0.0,0.0,1.0,0.0,0.0,0.0,0.0,0.0,0.0,1.0,1.0,0.8,0.76,0.8,0.84,0.76,0.76,0.72,0.76,0.8,0.72,0.6799999999999999,0.6799999999999999,0.6799999999999999,0.76,0.6799999999999999,0.64,0.64,0.64,0.6799999999999999,0.64,0.6,0.6,0.6,0.64,0.6,0.6,0.56,0.6,0.6,0.56,0.56,0.52,0.56,0.6,0.56,1.0,0.8,0.76,0.8,0.84,0.76,0.76,0.72,0.76,0.8,0.72,0.6799999999999999,0.6799999999999999,0.6799999999999999,0.76,0.6799999999999999,0.64,0.64,0.64,0.6799999999999999,0.64,0.6,0.6,0.6,0.64,0.6,0.6,0.56,0.6,0.6,0.56,0.56,0.52,0.56,0.6,0.56
629,0.0,0.0,0.0,0.0,1.0,0.0,0.0,0.0,0.0,0.0,0.0,1.0,0.0,1.0,0.0,0.0,0.0,0.0,0.0,0.0,0.0,0.0,1.0,1.0,0.0,0.0,0.0,0.0,1.0,1.0,0.0,0.0,0.0,0.0,0.0,1.0,0.0,0.0,0.0,0.0,1.0,0.0,0.0,0.0,1.0,0.0,1.0,1.0,0.0,0.0,0.0,1.0,1.0,1.0,0.0,0.0,0.0,1.0,1.0,0.0,0.0,0.0,0.0,0.0,0.0,0.0,0.0,0.0,0.0,0.0,1.0,1.0,0.0,0.0,0.0,0.0,1.0,0.0,1.0,1.0,0.0,0.0,1.0,0.0,0.0,1.0,0.0,0.0,1.0,0.0,0.0,0.0,0.0,0.0,0.0,0.0,0.0,0.0,0.0,0.0,1.0,0.0,0.0,0.0,1.0,0.84,0.84,0.96,0.88,0.84,0.76,0.8,0.88,0.84,0.8,0.72,0.76,0.84,0.76,0.76,0.6799999999999999,0.6799999999999999,0.76,0.72,0.6799999999999999,0.64,0.64,0.72,0.6799999999999999,0.64,0.6,0.6,0.6799999999999999,0.64,0.6,0.56,0.6,0.64,0.6,0.6,1.0,0.84,0.84,0.96,0.88,0.84,0.76,0.8,0.88,0.84,0.8,0.72,0.76,0.84,0.76,0.76,0.6799999999999999,0.6799999999999999,0.76,0.72,0.6799999999999999,0.64,0.64,0.72,0.6799999999999999,0.64,0.6,0.6,0.6799999999999999,0.64,0.6,0.56,0.6,0.64,0.6,0.6
630,0.0,1.0,0.0,0.0,1.0,0.0,0.0,0.0,0.0,0.0,0.0,1.0,1.0,0.0,0.0,0.0,0.0,1.0,0.0,1.0,0.0,0.0,0.0,0.0,0.0,1.0,0.0,1.0,0.0,0.0,0.0,0.0,0.0,1.0,0.0,0.0,0.0,0.0,0.0,1.0,0.0,0.0,0.0,0.0,0.0,0.0,0.0,0.0,1.0,0.0,1.0,1.0,1.0,0.0,1.0,0.0,0.0,1.0,0.0,0.0,1.0,1.0,0.0,0.0,0.0,0.0,0.0,0.0,1.0,0.0,0.0,0.0,1.0,0.0,0.0,0.0,0.0,0.0,1.0,0.0,0.0,1.0,0.0,0.0,0.0,0.0,0.0,0.0,0.0,1.0,0.0,0.0,0.0,0.0,0.0,0.0,0.0,1.0,1.0,1.0,0.0,0.0,0.0,0.0,0.84,0.96,0.76,0.76,1.0,0.88,0.96,0.6799999999999999,0.6799999999999999,0.92,0.84,0.96,0.64,0.64,0.84,0.8,0.84,0.6,0.6,0.84,0.76,0.84,0.6,0.6,0.8,0.64,0.88,0.56,0.56,0.6799999999999999,0.6,0.6799999999999999,0.52,0.52,0.64,0.6,0.84,0.96,0.76,0.76,1.0,0.88,0.96,0.6799999999999999,0.6799999999999999,0.92,0.84,0.96,0.64,0.64,0.84,0.8,0.84,0.6,0.6,0.84,0.76,0.84,0.6,0.6,0.8,0.64,0.88,0.56,0.56,0.6799999999999999,0.6,0.6799999999999999,0.52,0.52,0.64,0.6
631,0.0,0.0,0.0,0.0,0.0,1.0,1.0,0.0,0.0,0.0,1.0,0.0,0.0,0.0,0.0,0.0,0.0,0.0,0.0,0.0,0.0,1.0,0.0,0.0,0.0,0.0,1.0,0.0,0.0,1.0,1.0,0.0,0.0,0.0,0.0,0.0,0.0,0.0,0.0,0.0,1.0,0.0,0.0,0.0,1.0,1.0,1.0,1.0,0.0,0.0,1.0,0.0,0.0,0.0,0.0,0.0,0.0,0.0,0.0,0.0,0.0,0.0,0.0,0.0,1.0,0.0,1.0,0.0,1.0,0.0,1.0,0.0,0.0,0.0,1.0,0.0,0.0,0.0,0.0,1.0,0.0,0.0,0.0,1.0,0.0,1.0,0.0,1.0,1.0,0.0,0.0,0.0,0.0,0.0,0.0,1.0,0.0,0.0,0.0,0.0,0.0,1.0,0.0,1.0,0.8,0.64,0.64,0.88,1.0,0.92,0.6,0.6,0.8,1.0,0.76,0.56,0.56,0.72,1.0,0.72,0.52,0.56,0.6799999999999999,0.76,0.6799999999999999,0.52,0.52,0.64,0.72,0.64,0.48,0.52,0.6,0.6799999999999999,0.6,0.48,0.48,0.56,0.64,0.56,0.8,0.64,0.64,0.88,1.0,0.92,0.6,0.6,0.8,1.0,0.76,0.56,0.56,0.72,1.0,0.72,0.52,0.56,0.6799999999999999,0.76,0.6799999999999999,0.52,0.52,0.64,0.72,0.64,0.48,0.52,0.6,0.6799999999999999,0.6,0.48,0.48,0.56,0.64,0.56
632,1.0,0.0,0.0,1.0,0.0,0.0,0.0,0.0,0.0,0.0,0.0,1.0,0.0,0.0,0.0,0.0,1.0,0.0,1.0,0.0,0.0,0.0,0.0,0.0,0.0,0.0,0.0,0.0,0.0,1.0,0.0,0.0,0.0,0.0,0.0,0.0,1.0,0.0,1.0,0.0,1.0,0.0,0.0,1.0,0.0,0.0,0.0,1.0,0.0,1.0,1.0,0.0,0.0,0.0,0.0,0.0,0.0,0.0,0.0,0.0,1.0,0.0,0.0,0.0,0.0,1.0,0.0,0.0,0.0,0.0,0.0,1.0,1.0,0.0,0.0,0.0,1.0,0.0,1.0,0.0,1.0,0.0,1.0,0.0,0.0,1.0,1.0,0.0,0.0,0.0,0.0,0.0,0.0,1.0,0.0,0.0,1.0,0.0,1.0,0.0,0.0,0.0,0.0,0.0,0.92,0.72,0.8,1.0,1.0,0.76,0.6799999999999999,0.76,0.88,0.88,0.72,0.64,0.6799999999999999,0.8,0.8,0.6799999999999999,0.6,0.64,0.76,0.76,0.64,0.56,0.6,0.72,0.72,0.6,0.52,0.6,0.6799999999999999,0.6799999999999999,0.56,0.52,0.56,0.64,0.64,0.56,0.92,0.72,0.8,1.0,1.0,0.76,0.6799999999999999,0.76,0.88,0.88,0.72,0.64,0.6799999999999999,0.8,0.8,0.6799999999999999,0.6,0.64,0.76,0.76,0.64,0.56,0.6,0.72,0.72,0.6,0.52,0.6,0.6799999999999999,0.6799999999999999,0.56,0.52,0.56,0.64,0.64,0.56
633,0.0,0.0,1.0,0.0,0.0,0.0,0.0,0.0,0.0,1.0,1.0,0.0,1.0,0.0,1.0,0.0,0.0,0.0,0.0,0.0,0.0,0.0,1.0,0.0,1.0,0.0,0.0,0.0,1.0,0.0,0.0,0.0,0.0,0.0,1.0,0.0,0.0,0.0,1.0,1.0,1.0,0.0,0.0,1.0,0.0,0.0,0.0,0.0,0.0,0.0,0.0,0.0,0.0,0.0,0.0,0.0,1.0,0.0,0.0,1.0,0.0,0.0,0.0,1.0,0.0,1.0,0.0,0.0,1.0,0.0,0.0,1.0,1.0,0.0,0.0,1.0,0.0,0.0,0.0,0.0,0.0,1.0,1.0,0.0,0.0,0.0,0.0,0.0,0.0,0.0,0.0,0.0,0.0,0.0,0.0,0.0,0.0,0.0,1.0,0.0,0.0,1.0,1.0,0.0,0.84,0.96,1.0,0.72,0.8,0.96,0.96,1.0,0.6799999999999999,0.72,0.88,0.88,0.92,0.64,0.6799999999999999,0.96,0.76,0.92,0.6,0.64,0.72,0.72,0.76,0.56,0.6,0.6799999999999999,0.6799999999999999,0.72,0.56,0.56,0.64,0.64,0.6799999999999999,0.52,0.56,0.6,0.84,0.96,1.0,0.72,0.8,0.96,0.96,1.0,0.6799999999999999,0.72,0.88,0.88,0.92,0.64,0.6799999999999999,0.96,0.76,0.92,0.6,0.64,0.72,0.72,0.76,0.56,0.6,0.6799999999999999,0.6799999999999999,0.72,0.56,0.56,0.64,0.64,0.6799999999999999,0.52,0.56,0.6
634,0.0,0.0,1.0,1.0,0.0,0.0,0.0,0.0,0.0,0.0,0.0,0.0,0.0,0.0,0.0,1.0,1.0,1.0,0.0,0.0,1.0,1.0,0.0,0.0,0.0,0.0,0.0,0.0,1.0,1.0,0.0,0.0,1.0,1.0,0.0,0.0,0.0,0.0,1.0,0.0,0.0,0.0,0.0,1.0,0.0,0.0,0.0,0.0,0.0,0.0,0.0,0.0,0.0,0.0,0.0,0.0,1.0,0.0,1.0,0.0,0.0,0.0,1.0,0.0,0.0,1.0,0.0,0.0,0.0,0.0,0.0,0.0,0.0,0.0,0.0,0.0,1.0,0.0,0.0,0.0,0.0,0.0,0.0,0.0,0.0,0.0,0.0,1.0,1.0,1.0,0.0,1.0,0.0,0.0,1.0,0.0,0.0,1.0,0.0,1.0,0.0,0.0,0.0,1.0,0.84,0.6799999999999999,0.88,1.0,0.76,0.76,0.64,0.76,1.0,0.6799999999999999,0.72,0.6,0.72,0.8,0.64,0.6799999999999999,0.56,0.6799999999999999,0.76,0.6,0.64,0.56,0.64,0.72,0.6,0.6,0.52,0.6,0.6799999999999999,0.56,0.56,0.52,0.56,0.64,0.52,0.56,0.84,0.6799999999999999,0.88,1.0,0.76,0.76,0.64,0.76,1.0,0.6799999999999999,0.72,0.6,0.72,0.8,0.64,0.6799999999999999,0.56,0.6799999999999999,0.76,0.6,0.64,0.56,0.64,0.72,0.6,0.6,0.52,0.6,0.6799999999999999,0.56,0.56,0.52,0.56,0.64,0.52,0.56
635,0.0,0.0,0.0,0.0,0.0,0.0,0.0,0.0,0.0,0.0,0.0,0.0,0.0,0.0,1.0,0.0,1.0,0.0,1.0,0.0,0.0,0.0,0.0,0.0,1.0,0.0,1.0,0.0,1.0,1.0,1.0,0.0,0.0,0.0,0.0,0.0,0.0,0.0,0.0,1.0,0.0,1.0,1.0,0.0,0.0,0.0,0.0,1.0,0.0,0.0,1.0,0.0,0.0,0.0,0.0,0.0,0.0,1.0,0.0,0.0,1.0,0.0,1.0,1.0,0.0,0.0,0.0,1.0,0.0,0.0,0.0,0.0,0.0,1.0,0.0,0.0,0.0,0.0,0.0,0.0,0.0,0.0,0.0,1.0,1.0,0.0,1.0,1.0,0.0,0.0,0.0,0.0,1.0,0.0,0.0,0.0,1.0,1.0,0.0,0.0,0.0,0.0,0.0,0.0,1.0,0.76,0.76,0.84,0.84,0.76,0.6799999999999999,0.72,0.76,0.8,0.72,0.64,0.6799999999999999,0.72,0.76,0.6799999999999999,0.6,0.64,0.6799999999999999,0.6799999999999999,0.64,0.6,0.6,0.64,0.64,0.6,0.56,0.56,0.6,0.6,0.56,0.52,0.52,0.56,0.6,0.52,1.0,0.76,0.76,0.84,0.84,0.76,0.6799999999999999,0.72,0.76,0.8,0.72,0.64,0.6799999999999999,0.72,0.76,0.6799999999999999,0.6,0.64,0.6799999999999999,0.6799999999999999,0.64,0.6,0.6,0.64,0.64,0.6,0.56,0.56,0.6,0.6,0.56,0.52,0.52,0.56,0.6,0.52
636,0.0,0.0,1.0,0.0,0.0,0.0,0.0,0.0,0.0,1.0,0.0,0.0,0.0,0.0,0.0,1.0,0.0,0.0,0.0,0.0,0.0,1.0,0.0,1.0,0.0,0.0,0.0,0.0,0.0,0.0,0.0,0.0,1.0,0.0,1.0,1.0,0.0,1.0,0.0,0.0,1.0,0.0,1.0,0.0,0.0,0.0,1.0,0.0,0.0,0.0,0.0,1.0,0.0,1.0,0.0,0.0,0.0,1.0,0.0,1.0,0.0,0.0,1.0,0.0,0.0,0.0,0.0,0.0,0.0,1.0,0.0,1.0,0.0,0.0,1.0,0.0,0.0,1.0,0.0,0.0,1.0,1.0,0.0,0.0,0.0,0.0,0.0,0.0,0.0,0.0,0.0,0.0,0.0,0.0,0.0,0.0,0.0,0.0,0.0,0.0,1.0,1.0,1.0,0.0,0.6,0.64,0.6799999999999999,0.6799999999999999,0.6799999999999999,0.72,0.64,0.6799999999999999,0.64,0.6799999999999999,0.72,0.56,0.6799999999999999,0.56,0.6799999999999999,1.0,0.52,0.6,0.52,0.56,0.64,0.52,0.56,0.52,0.52,0.52,0.48,0.52,0.48,0.52,0.52,0.48,0.52,0.48,0.48,0.48,0.6,0.64,0.6799999999999999,0.6799999999999999,0.6799999999999999,0.72,0.64,0.6799999999999999,0.64,0.6799999999999999,0.72,0.56,0.6799999999999999,0.56,0.6799999999999999,1.0,0.52,0.6,0.52,0.56,0.64,0.52,0.56,0.52,0.52,0.52,0.48,0.52,0.48,0.52,0.52,0.48,0.52,0.48,0.48,0.48
637,1.0,0.0,0.0,0.0,1.0,0.0,0.0,0.0,0.0,1.0,0.0,0.0,1.0,0.0,1.0,0.0,0.0,0.0,0.0,0.0,0.0,1.0,1.0,0.0,0.0,0.0,0.0,1.0,0.0,0.0,0.0,0.0,1.0,0.0,0.0,0.0,0.0,0.0,0.0,0.0,0.0,1.0,0.0,0.0,0.0,0.0,0.0,0.0,0.0,1.0,1.0,1.0,0.0,1.0,0.0,1.0,0.0,0.0,0.0,0.0,0.0,0.0,1.0,0.0,0.0,1.0,0.0,0.0,1.0,0.0,0.0,0.0,1.0,0.0,0.0,0.0,0.0,1.0,0.0,0.0,0.0,0.0,0.0,0.0,0.0,1.0,1.0,0.0,0.0,0.0,1.0,0.0,0.0,0.0,1.0,0.0,1.0,1.0,0.0,0.0,0.0,0.0,0.0,0.0,0.72,0.84,0.84,0.76,0.88,0.88,0.84,0.84,0.6799999999999999,0.84,0.84,0.84,0.8,0.64,0.8,1.0,0.72,0.72,0.6,0.76,0.84,0.64,0.64,0.56,0.72,0.64,0.6,0.6,0.52,0.6,0.6,0.6,0.56,0.52,0.56,0.56,0.72,0.84,0.84,0.76,0.88,0.88,0.84,0.84,0.6799999999999999,0.84,0.84,0.84,0.8,0.64,0.8,1.0,0.72,0.72,0.6,0.76,0.84,0.64,0.64,0.56,0.72,0.64,0.6,0.6,0.52,0.6,0.6,0.6,0.56,0.52,0.56,0.56
638,0.0,0.0,0.0,1.0,0.0,0.0,0.0,0.0,0.0,1.0,0.0,1.0,0.0,0.0,1.0,0.0,0.0,0.0,0.0,0.0,1.0,1.0,0.0,0.0,0.0,1.0,0.0,0.0,0.0,1.0,0.0,0.0,1.0,0.0,0.0,0.0,1.0,0.0,0.0,1.0,0.0,1.0,0.0,0.0,0.0,0.0,0.0,0.0,0.0,1.0,0.0,0.0,0.0,0.0,0.0,0.0,0.0,0.0,1.0,1.0,0.0,0.0,1.0,0.0,1.0,1.0,0.0,0.0,1.0,0.0,0.0,0.0,0.0,0.0,0.0,0.0,1.0,0.0,0.0,0.0,1.0,0.0,0.0,0.0,0.0,1.0,0.0,0.0,0.0,0.0,1.0,0.0,1.0,0.0,1.0,1.0,0.0,0.0,0.0,0.0,0.0,0.0,0.0,0.0,0.84,0.92,0.88,0.88,0.84,1.0,0.88,0.84,0.76,0.76,1.0,0.76,0.76,0.72,0.72,0.88,0.72,0.72,0.6799999999999999,0.6799999999999999,0.76,0.6799999999999999,0.6799999999999999,0.64,0.64,0.6799999999999999,0.64,0.64,0.6,0.6,0.64,0.6,0.6,0.56,0.56,0.6,0.84,0.92,0.88,0.88,0.84,1.0,0.88,0.84,0.76,0.76,1.0,0.76,0.76,0.72,0.72,0.88,0.72,0.72,0.6799999999999999,0.6799999999999999,0.76,0.6799999999999999,0.6799999999999999,0.64,0.64,0.6799999999999999,0.64,0.64,0.6,0.6,0.64,0.6,0.6,0.56,0.56,0.6
639,0.0,0.0,0.0,0.0,1.0,0.0,0.0,0.0,0.0,0.0,1.0,1.0,0.0,0.0,1.0,1.0,0.0,0.0,0.0,1.0,0.0,1.0,0.0,1.0,0.0,0.0,1.0,0.0,0.0,0.0,0.0,0.0,1.0,0.0,0.0,0.0,0.0,0.0,0.0,1.0,0.0,0.0,0.0,0.0,0.0,0.0,0.0,1.0,0.0,0.0,0.0,1.0,0.0,0.0,1.0,0.0,0.0,0.0,0.0,0.0,0.0,0.0,0.0,0.0,0.0,0.0,0.0,0.0,1.0,1.0,1.0,0.0,1.0,0.0,0.0,0.0,0.0,1.0,0.0,0.0,0.0,0.0,1.0,0.0,0.0,1.0,1.0,1.0,0.0,0.0,1.0,0.0,0.0,0.0,0.0,0.0,1.0,0.0,0.0,0.0,0.0,0.0,1.0,0.0,0.72,0.6799999999999999,0.88,0.88,0.72,0.88,0.64,0.88,0.88,0.64,0.84,0.6,0.88,0.84,0.6,1.0,0.56,0.88,0.84,0.56,0.76,0.52,0.84,0.64,0.56,0.72,0.52,0.6799999999999999,0.6,0.52,0.6,0.48,0.64,0.6,0.52,0.56,0.72,0.6799999999999999,0.88,0.88,0.72,0.88,0.64,0.88,0.88,0.64,0.84,0.6,0.88,0.84,0.6,1.0,0.56,0.88,0.84,0.56,0.76,0.52,0.84,0.64,0.56,0.72,0.52,0.6799999999999999,0.6,0.52,0.6,0.48,0.64,0.6,0.52,0.56
640,0.0,0.0,0.0,0.0,0.0,0.0,0.0,0.0,1.0,0.0,0.0,0.0,0.0,1.0,0.0,0.0,1.0,1.0,1.0,0.0,0.0,0.0,0.0,0.0,0.0,0.0,0.0,0.0,0.0,0.0,0.0,1.0,1.0,0.0,0.0,1.0,0.0,0.0,0.0,0.0,1.0,0.0,1.0,0.0,1.0,0.0,0.0,0.0,1.0,0.0,1.0,0.0,1.0,0.0,0.0,0.0,1.0,1.0,0.0,0.0,0.0,1.0,1.0,1.0,1.0,0.0,0.0,1.0,0.0,0.0,0.0,0.0,1.0,1.0,0.0,0.0,0.0,0.0,0.0,0.0,0.0,0.0,0.0,0.0,0.0,0.0,1.0,0.0,1.0,0.0,0.0,1.0,0.0,0.0,0.0,0.0,0.0,0.0,0.0,0.0,0.0,0.0,0.0,0.0,0.88,1.0,0.76,0.6799999999999999,0.72,0.88,0.84,0.72,0.64,0.6799999999999999,0.8,0.8,0.6799999999999999,0.6,0.64,0.76,0.76,0.64,0.6,0.6,0.72,0.6799999999999999,0.6,0.56,0.56,0.6799999999999999,0.64,0.56,0.52,0.56,0.64,0.6,0.52,0.52,0.52,0.6,0.88,1.0,0.76,0.6799999999999999,0.72,0.88,0.84,0.72,0.64,0.6799999999999999,0.8,0.8,0.6799999999999999,0.6,0.64,0.76,0.76,0.64,0.6,0.6,0.72,0.6799999999999999,0.6,0.56,0.56,0.6799999999999999,0.64,0.56,0.52,0.56,0.64,0.6,0.52,0.52,0.52,0.6
641,0.0,0.0,0.0,0.0,0.0,0.0,0.0,1.0,1.0,1.0,1.0,0.0,1.0,0.0,1.0,0.0,0.0,0.0,0.0,0.0,0.0,0.0,1.0,0.0,1.0,0.0,1.0,0.0,0.0,0.0,0.0,0.0,0.0,0.0,1.0,0.0,0.0,0.0,1.0,0.0,0.0,0.0,0.0,0.0,0.0,0.0,1.0,0.0,0.0,0.0,0.0,1.0,0.0,1.0,0.0,0.0,0.0,1.0,0.0,0.0,0.0,0.0,0.0,0.0,0.0,0.0,0.0,0.0,1.0,0.0,0.0,0.0,0.0,1.0,0.0,0.0,0.0,1.0,0.0,0.0,0.0,0.0,1.0,0.0,0.0,1.0,0.0,0.0,0.0,1.0,0.0,1.0,0.0,1.0,1.0,0.0,1.0,0.0,0.0,0.0,0.0,0.0,1.0,0.0,0.4,0.43999999999999995,0.43999999999999995,0.48,0.48,0.48,0.43999999999999995,0.43999999999999995,0.48,0.48,0.48,0.43999999999999995,0.43999999999999995,0.48,0.48,0.56,0.43999999999999995,0.43999999999999995,0.56,0.56,0.56,0.52,0.48,0.52,0.48,0.56,1.0,0.48,0.43999999999999995,0.52,0.8,0.4,0.4,0.4,0.4,0.4,0.4,0.43999999999999995,0.43999999999999995,0.48,0.48,0.48,0.43999999999999995,0.43999999999999995,0.48,0.48,0.48,0.43999999999999995,0.43999999999999995,0.48,0.48,0.56,0.43999999999999995,0.43999999999999995,0.56,0.56,0.56,0.52,0.48,0.52,0.48,0.56,1.0,0.48,0.43999999999999995,0.52,0.8,0.4,0.4,0.4,0.4,0.4
642,0.0,1.0,0.0,1.0,0.0,0.0,0.0,1.0,0.0,0.0,0.0,0.0,0.0,0.0,0.0,0.0,0.0,0.0,0.0,0.0,0.0,0.0,0.0,0.0,0.0,1.0,0.0,0.0,1.0,0.0,1.0,1.0,0.0,0.0,0.0,1.0,1.0,0.0,1.0,1.0,1.0,0.0,0.0,0.0,0.0,0.0,0.0,1.0,0.0,0.0,0.0,0.0,1.0,0.0,0.0,0.0,0.0,0.0,0.0,0.0,0.0,0.0,1.0,1.0,1.0,0.0,0.0,0.0,0.0,1.0,0.0,0.0,0.0,0.0,0.0,0.0,0.0,0.0,1.0,0.0,0.0,0.0,0.0,0.0,0.0,0.0,1.0,0.0,0.0,1.0,0.0,0.0,0.0,1.0,0.0,0.0,1.0,0.0,0.0,0.0,1.0,1.0,0.0,1.0,0.4,0.43999999999999995,0.4,0.43999999999999995,0.43999999999999995,0.43999999999999995,0.43999999999999995,0.36,0.43999999999999995,0.43999999999999995,0.43999999999999995,0.43999999999999995,0.36,0.43999999999999995,0.43999999999999995,0.52,0.43999999999999995,0.36,0.52,0.52,0.52,0.48,0.36,0.52,0.52,0.52,0.6799999999999999,0.31999999999999995,0.92,0.92,1.0,0.4,0.31999999999999995,0.43999999999999995,0.43999999999999995,0.84,0.4,0.43999999999999995,0.4,0.43999999999999995,0.43999999999999995,0.43999999999999995,0.43999999999999995,0.36,0.43999999999999995,0.43999999999999995,0.43999999999999995,0.43999999999999995,0.36,0.43999999999999995,0.43999999999999995,0.52,0.43999999999999995,0.36,0.52,0.52,0.52,0.48,0.36,0.52,0.52,0.52,0.6799999999999999,0.31999999999999995,0.92,0.92,1.0,0.4,0.31999999999999995,0.43999999999999995,0.43999999999999995,0.84
643,0.0,0.0,0.0,0.0,0.0,0.0,0.0,0.0,0.0,0.0,0.0,0.0,0.0,0.0,0.0,0.0,0.0,1.0,0.0,0.0,0.0,0.0,1.0,0.0,0.0,0.0,1.0,1.0,0.0,0.0,0.0,1.0,1.0,1.0,0.0,0.0,0.0,0.0,0.0,1.0,0.0,0.0,0.0,1.0,0.0,0.0,1.0,1.0,0.0,1.0,0.0,1.0,0.0,0.0,1.0,1.0,0.0,0.0,0.0,0.0,1.0,0.0,1.0,0.0,1.0,0.0,0.0,0.0,0.0,0.0,1.0,1.0,0.0,0.0,0.0,0.0,0.0,0.0,0.0,0.0,0.0,0.0,0.0,0.0,0.0,0.0,0.0,0.0,0.0,0.0,1.0,0.0,0.0,1.0,1.0,0.0,1.0,1.0,0.0,0.0,1.0,0.0,0.0,0.0,0.56,0.52,0.48,0.52,0.72,0.6,0.52,0.48,0.52,0.72,0.56,0.48,0.48,0.48,0.72,0.52,0.48,0.43999999999999995,0.48,1.0,0.48,0.48,0.43999999999999995,0.48,0.84,0.48,0.43999999999999995,0.43999999999999995,0.43999999999999995,0.52,0.48,0.43999999999999995,0.4,0.43999999999999995,0.52,0.43999999999999995,0.56,0.52,0.48,0.52,0.72,0.6,0.52,0.48,0.52,0.72,0.56,0.48,0.48,0.48,0.72,0.52,0.48,0.43999999999999995,0.48,1.0,0.48,0.48,0.43999999999999995,0.48,0.84,0.48,0.43999999999999995,0.43999999999999995,0.43999999999999995,0.52,0.48,0.43999999999999995,0.4,0.43999999999999995,0.52,0.43999999999999995
644,0.0,0.0,0.0,0.0,0.0,0.0,0.0,1.0,0.0,0.0,1.0,0.0,1.0,0.0,1.0,0.0,1.0,0.0,0.0,0.0,0.0,0.0,0.0,0.0,0.0,0.0,1.0,0.0,0.0,1.0,0.0,0.0,0.0,0.0,1.0,0.0,0.0,1.0,0.0,1.0,0.0,0.0,0.0,1.0,0.0,1.0,1.0,0.0,0.0,0.0,0.0,0.0,0.0,1.0,0.0,1.0,1.0,0.0,0.0,0.0,0.0,0.0,0.0,0.0,0.0,0.0,0.0,0.0,0.0,0.0,1.0,1.0,1.0,1.0,1.0,0.0,0.0,0.0,0.0,0.0,0.0,0.0,0.0,1.0,0.0,1.0,0.0,1.0,0.0,0.0,1.0,0.0,0.0,1.0,0.0,0.0,0.0,0.0,0.0,0.0,0.0,0.0,0.0,0.0,0.84,0.76,0.84,1.0,0.6799999999999999,0.76,0.72,0.76,0.88,0.64,0.72,0.6799999999999999,0.72,0.76,0.6,0.6799999999999999,0.64,0.6799999999999999,0.72,0.56,0.64,0.6,0.64,0.6799999999999999,0.56,0.6,0.56,0.6,0.64,0.52,0.56,0.52,0.56,0.6,0.52,0.52,0.84,0.76,0.84,1.0,0.6799999999999999,0.76,0.72,0.76,0.88,0.64,0.72,0.6799999999999999,0.72,0.76,0.6,0.6799999999999999,0.64,0.6799999999999999,0.72,0.56,0.64,0.6,0.64,0.6799999999999999,0.56,0.6,0.56,0.6,0.64,0.52,0.56,0.52,0.56,0.6,0.52,0.52
645,0.0,0.0,0.0,0.0,1.0,1.0,0.0,1.0,1.0,0.0,0.0,0.0,0.0,0.0,0.0,0.0,0.0,0.0,0.0,0.0,0.0,0.0,0.0,0.0,0.0,0.0,1.0,1.0,0.0,0.0,0.0,0.0,1.0,0.0,1.0,1.0,1.0,1.0,0.0,0.0,0.0,0.0,0.0,0.0,1.0,0.0,1.0,0.0,0.0,0.0,0.0,0.0,0.0,0.0,0.0,0.0,0.0,0.0,0.0,0.0,0.0,0.0,0.0,0.0,0.0,0.0,0.0,0.0,0.0,0.0,1.0,1.0,1.0,0.0,1.0,0.0,0.0,1.0,0.0,0.0,0.0,1.0,0.0,1.0,0.0,1.0,0.0,0.0,0.0,0.0,0.0,0.0,0.0,0.0,1.0,1.0,0.0,0.0,0.0,1.0,0.0,1.0,0.0,1.0,0.43999999999999995,0.4,0.43999999999999995,0.52,0.48,0.43999999999999995,0.4,0.4,0.52,0.43999999999999995,0.4,0.4,0.4,0.52,0.43999999999999995,0.4,0.4,0.4,0.6,0.4,0.4,0.36,0.4,0.6,0.4,0.4,0.36,0.36,1.0,0.4,0.36,0.36,0.36,0.43999999999999995,0.4,0.36,0.43999999999999995,0.4,0.43999999999999995,0.52,0.48,0.43999999999999995,0.4,0.4,0.52,0.43999999999999995,0.4,0.4,0.4,0.52,0.43999999999999995,0.4,0.4,0.4,0.6,0.4,0.4,0.36,0.4,0.6,0.4,0.4,0.36,0.36,1.0,0.4,0.36,0.36,0.36,0.43999999999999995,0.4,0.36
646,0.0,0.0,0.0,1.0,1.0,0.0,1.0,0.0,1.0,0.0,0.0,0.0,0.0,0.0,0.0,0.0,0.0,0.0,0.0,0.0,0.0,0.0,1.0,0.0,0.0,0.0,0.0,0.0,0.0,1.0,0.0,0.0,0.0,0.0,0.0,1.0,0.0,1.0,0.0,0.0,0.0,0.0,0.0,1.0,0.0,1.0,0.0,0.0,1.0,1.0,0.0,1.0,1.0,0.0,1.0,0.0,0.0,0.0,0.0,0.0,0.0,1.0,0.0,0.0,1.0,0.0,0.0,1.0,1.0,0.0,1.0,0.0,0.0,0.0,0.0,1.0,0.0,1.0,0.0,0.0,0.0,0.0,0.0,1.0,0.0,0.0,1.0,0.0,0.0,0.0,0.0,1.0,0.0,1.0,0.0,0.0,0.0,0.0,0.0,0.0,0.0,0.0,0.0,0.0,0.72,0.88,0.8,0.76,0.88,0.88,0.88,0.76,0.72,0.88,0.84,0.88,0.72,0.64,0.88,1.0,0.84,0.64,0.6,0.88,0.84,0.84,0.6,0.56,0.84,0.64,0.64,0.56,0.56,0.64,0.6,0.6,0.56,0.52,0.6,0.56,0.72,0.88,0.8,0.76,0.88,0.88,0.88,0.76,0.72,0.88,0.84,0.88,0.72,0.64,0.88,1.0,0.84,0.64,0.6,0.88,0.84,0.84,0.6,0.56,0.84,0.64,0.64,0.56,0.56,0.64,0.6,0.6,0.56,0.52,0.6,0.56
647,1.0,0.0,0.0,0.0,0.0,0.0,0.0,1.0,0.0,0.0,0.0,0.0,0.0,1.0,0.0,0.0,0.0,1.0,0.0,0.0,0.0,0.0,0.0,0.0,1.0,1.0,0.0,1.0,0.0,0.0,0.0,0.0,0.0,1.0,0.0,1.0,0.0,0.0,0.0,0.0,0.0,1.0,0.0,1.0,1.0,1.0,0.0,0.0,0.0,0.0,0.0,0.0,0.0,1.0,1.0,1.0,0.0,0.0,0.0,0.0,1.0,0.0,0.0,0.0,0.0,0.0,0.0,0.0,1.0,0.0,1.0,0.0,0.0,1.0,0.0,1.0,0.0,0.0,0.0,0.0,0.0,0.0,0.0,0.0,1.0,0.0,0.0,0.0,1.0,0.0,0.0,1.0,0.0,0.0,0.0,0.0,0.0,0.0,1.0,0.0,0.0,1.0,0.0,0.0,1.0,0.6799999999999999,0.88,0.6799999999999999,0.8,0.76,0.64,0.84,0.64,0.76,0.72,0.6,0.76,0.6,0.6799999999999999,0.6799999999999999,0.6,0.72,0.6,0.64,0.64,0.56,0.6799999999999999,0.56,0.6,0.6,0.52,0.64,0.52,0.6,0.56,0.52,0.6,0.52,0.56,0.56,1.0,0.6799999999999999,0.88,0.6799999999999999,0.8,0.76,0.64,0.84,0.64,0.76,0.72,0.6,0.76,0.6,0.6799999999999999,0.6799999999999999,0.6,0.72,0.6,0.64,0.64,0.56,0.6799999999999999,0.56,0.6,0.6,0.52,0.64,0.52,0.6,0.56,0.52,0.6,0.52,0.56,0.56
648,0.0,1.0,0.0,0.0,0.0,1.0,1.0,0.0,0.0,0.0,0.0,1.0,1.0,0.0,0.0,0.0,0.0,0.0,0.0,0.0,0.0,1.0,0.0,0.0,0.0,1.0,1.0,0.0,0.0,0.0,0.0,1.0,0.0,0.0,0.0,0.0,0.0,0.0,0.0,0.0,0.0,0.0,0.0,1.0,0.0,1.0,0.0,1.0,0.0,0.0,0.0,1.0,0.0,0.0,0.0,0.0,1.0,0.0,0.0,0.0,0.0,0.0,1.0,0.0,0.0,0.0,0.0,0.0,1.0,1.0,0.0,0.0,1.0,0.0,0.0,0.0,0.0,0.0,0.0,0.0,1.0,0.0,1.0,0.0,0.0,0.0,0.0,0.0,1.0,1.0,0.0,0.0,0.0,1.0,0.0,0.0,1.0,0.0,0.0,0.0,1.0,0.0,1.0,0.0,0.56,0.64,0.56,0.64,0.72,0.6799999999999999,0.64,0.52,0.64,0.72,0.6799999999999999,0.64,0.52,0.56,0.72,0.92,0.64,0.48,0.52,1.0,0.76,0.64,0.48,0.52,0.76,0.6,0.52,0.48,0.48,0.84,0.52,0.52,0.43999999999999995,0.48,0.52,0.48,0.56,0.64,0.56,0.64,0.72,0.6799999999999999,0.64,0.52,0.64,0.72,0.6799999999999999,0.64,0.52,0.56,0.72,0.92,0.64,0.48,0.52,1.0,0.76,0.64,0.48,0.52,0.76,0.6,0.52,0.48,0.48,0.84,0.52,0.52,0.43999999999999995,0.48,0.52,0.48
649,0.0,1.0,1.0,1.0,0.0,0.0,0.0,1.0,0.0,0.0,0.0,1.0,0.0,0.0,0.0,1.0,0.0,1.0,0.0,0.0,1.0,0.0,0.0,0.0,0.0,0.0,0.0,1.0,0.0,0.0,0.0,0.0,0.0,0.0,1.0,0.0,1.0,0.0,0.0,0.0,1.0,0.0,0.0,0.0,0.0,0.0,0.0,0.0,0.0,0.0,1.0,0.0,1.0,0.0,0.0,0.0,0.0,1.0,0.0,0.0,0.0,0.0,1.0,0.0,1.0,0.0,0.0,0.0,0.0,0.0,1.0,0.0,0.0,0.0,1.0,0.0,0.0,0.0,0.0,0.0,0.0,0.0,0.0,1.0,1.0,0.0,0.0,0.0,0.0,1.0,0.0,1.0,0.0,0.0,1.0,0.0,0.0,0.0,1.0,0.0,0.0,0.0,0.0,1.0,0.84,1.0,0.76,0.84,0.84,0.92,1.0,0.72,0.76,0.76,0.8,0.92,0.6799999999999999,0.72,0.72,0.76,0.88,0.64,0.6799999999999999,0.6799999999999999,0.72,0.76,0.6,0.64,0.64,0.6799999999999999,0.72,0.56,0.6,0.6,0.64,0.6799999999999999,0.52,0.56,0.56,0.6,0.84,1.0,0.76,0.84,0.84,0.92,1.0,0.72,0.76,0.76,0.8,0.92,0.6799999999999999,0.72,0.72,0.76,0.88,0.64,0.6799999999999999,0.6799999999999999,0.72,0.76,0.6,0.64,0.64,0.6799999999999999,0.72,0.56,0.6,0.6,0.64,0.6799999999999999,0.52,0.56,0.56,0.6
650,0.0,0.0,0.0,0.0,0.0,0.0,0.0,1.0,0.0,0.0,0.0,0.0,1.0,1.0,0.0,1.0,0.0,0.0,0.0,1.0,0.0,0.0,1.0,1.0,1.0,0.0,1.0,0.0,1.0,0.0,1.0,0.0,0.0,0.0,0.0,0.0,0.0,0.0,0.0,0.0,0.0,0.0,1.0,0.0,0.0,0.0,1.0,0.0,0.0,0.0,0.0,0.0,1.0,1.0,0.0,0.0,1.0,0.0,0.0,0.0,0.0,0.0,1.0,1.0,0.0,0.0,0.0,0.0,0.0,1.0,0.0,0.0,0.0,1.0,0.0,0.0,0.0,0.0,0.0,0.0,0.0,0.0,0.0,0.0,0.0,1.0,0.0,0.0,0.0,1.0,1.0,1.0,0.0,0.0,0.0,1.0,0.0,0.0,0.0,0.0,0.0,0.0,1.0,0.0,0.8,0.92,1.0,0.84,0.72,0.92,0.84,1.0,0.76,0.6799999999999999,0.88,0.76,1.0,0.6799999999999999,0.64,0.92,0.72,0.92,0.64,0.6,0.72,0.6799999999999999,0.96,0.6,0.56,0.6799999999999999,0.64,0.72,0.6,0.56,0.64,0.6,0.6799999999999999,0.56,0.52,0.6,0.8,0.92,1.0,0.84,0.72,0.92,0.84,1.0,0.76,0.6799999999999999,0.88,0.76,1.0,0.6799999999999999,0.64,0.92,0.72,0.92,0.64,0.6,0.72,0.6799999999999999,0.96,0.6,0.56,0.6799999999999999,0.64,0.72,0.6,0.56,0.64,0.6,0.6799999999999999,0.56,0.52,0.6
651,0.0,1.0,0.0,0.0,0.0,0.0,0.0,0.0,1.0,0.0,0.0,0.0,0.0,0.0,0.0,1.0,0.0,0.0,0.0,1.0,1.0,0.0,0.0,0.0,0.0,0.0,0.0,0.0,0.0,0.0,0.0,0.0,0.0,1.0,1.0,0.0,1.0,0.0,1.0,0.0,0.0,0.0,1.0,0.0,0.0,0.0,1.0,0.0,1.0,0.0,0.0,1.0,0.0,0.0,1.0,1.0,0.0,1.0,1.0,0.0,0.0,1.0,1.0,0.0,0.0,1.0,0.0,0.0,0.0,0.0,1.0,0.0,0.0,0.0,1.0,1.0,1.0,0.0,0.0,0.0,0.0,0.0,0.0,1.0,0.0,0.0,0.0,0.0,0.0,0.0,0.0,0.0,0.0,0.0,0.0,0.0,0.0,0.0,0.0,0.0,0.0,0.0,1.0,0.0,0.76,0.84,0.84,0.76,0.72,0.88,0.84,0.84,0.6799999999999999,0.6799999999999999,0.84,0.84,0.84,0.64,0.64,1.0,0.72,0.76,0.6,0.6,0.6799999999999999,0.6799999999999999,0.6799999999999999,0.56,0.56,0.64,0.64,0.64,0.56,0.52,0.6,0.6,0.6,0.52,0.52,0.56,0.76,0.84,0.84,0.76,0.72,0.88,0.84,0.84,0.6799999999999999,0.6799999999999999,0.84,0.84,0.84,0.64,0.64,1.0,0.72,0.76,0.6,0.6,0.6799999999999999,0.6799999999999999,0.6799999999999999,0.56,0.56,0.64,0.64,0.64,0.56,0.52,0.6,0.6,0.6,0.52,0.52,0.56
652,1.0,0.0,0.0,1.0,0.0,0.0,1.0,0.0,0.0,0.0,0.0,0.0,0.0,0.0,0.0,1.0,0.0,1.0,0.0,0.0,1.0,0.0,0.0,0.0,0.0,1.0,0.0,0.0,1.0,1.0,0.0,1.0,0.0,1.0,0.0,0.0,1.0,0.0,0.0,0.0,0.0,1.0,0.0,0.0,0.0,0.0,0.0,0.0,0.0,0.0,0.0,0.0,0.0,0.0,0.0,0.0,0.0,0.0,0.0,1.0,1.0,0.0,0.0,0.0,0.0,0.0,0.0,0.0,1.0,0.0,1.0,0.0,0.0,0.0,0.0,1.0,0.0,0.0,0.0,0.0,0.0,0.0,0.0,0.0,1.0,0.0,1.0,0.0,0.0,0.0,0.0,0.0,0.0,0.0,0.0,1.0,0.0,1.0,1.0,1.0,1.0,1.0,0.0,0.0,1.0,0.6799999999999999,0.76,0.8,0.88,0.72,0.64,0.72,0.76,0.8,0.6799999999999999,0.6,0.6799999999999999,0.72,0.76,0.64,0.6,0.64,0.6799999999999999,0.72,0.6,0.56,0.6,0.64,0.6799999999999999,0.56,0.52,0.56,0.6,0.64,0.56,0.52,0.56,0.56,0.6,0.52,1.0,0.6799999999999999,0.76,0.8,0.88,0.72,0.64,0.72,0.76,0.8,0.6799999999999999,0.6,0.6799999999999999,0.72,0.76,0.64,0.6,0.64,0.6799999999999999,0.72,0.6,0.56,0.6,0.64,0.6799999999999999,0.56,0.52,0.56,0.6,0.64,0.56,0.52,0.56,0.56,0.6,0.52
653,0.0,0.0,0.0,0.0,0.0,0.0,0.0,1.0,0.0,0.0,1.0,1.0,1.0,0.0,1.0,1.0,0.0,0.0,0.0,0.0,0.0,0.0,0.0,0.0,0.0,0.0,0.0,1.0,0.0,0.0,0.0,0.0,0.0,1.0,0.0,1.0,0.0,0.0,0.0,1.0,1.0,0.0,0.0,0.0,1.0,1.0,0.0,0.0,0.0,0.0,0.0,0.0,0.0,1.0,1.0,0.0,0.0,1.0,1.0,0.0,0.0,0.0,0.0,0.0,0.0,1.0,0.0,0.0,1.0,1.0,1.0,1.0,0.0,1.0,0.0,0.0,0.0,0.0,0.0,0.0,0.0,0.0,0.0,0.0,0.0,0.0,0.0,0.0,0.0,0.0,0.0,0.0,0.0,0.0,0.0,0.0,0.0,0.0,1.0,1.0,0.0,0.0,1.0,0.0,0.92,0.92,1.0,0.64,0.8,0.6799999999999999,0.84,0.84,0.6,0.76,0.64,0.8,0.8,0.56,0.72,0.6,0.76,0.76,0.52,0.6799999999999999,0.56,0.6799999999999999,0.72,0.52,0.64,0.56,0.64,0.6799999999999999,0.48,0.6,0.52,0.6,0.64,0.48,0.56,0.52,0.92,0.92,1.0,0.64,0.8,0.6799999999999999,0.84,0.84,0.6,0.76,0.64,0.8,0.8,0.56,0.72,0.6,0.76,0.76,0.52,0.6799999999999999,0.56,0.6799999999999999,0.72,0.52,0.64,0.56,0.64,0.6799999999999999,0.48,0.6,0.52,0.6,0.64,0.48,0.56,0.52
654,0.0,0.0,0.0,0.0,0.0,0.0,0.0,0.0,0.0,0.0,1.0,0.0,0.0,0.0,0.0,0.0,0.0,0.0,0.0,0.0,0.0,0.0,0.0,0.0,0.0,1.0,1.0,0.0,0.0,1.0,0.0,0.0,1.0,0.0,1.0,0.0,0.0,1.0,1.0,0.0,1.0,0.0,0.0,0.0,1.0,0.0,0.0,1.0,0.0,1.0,1.0,0.0,0.0,0.0,0.0,0.0,0.0,0.0,0.0,0.0,0.0,1.0,0.0,0.0,1.0,0.0,0.0,1.0,1.0,0.0,0.0,1.0,1.0,0.0,0.0,0.0,1.0,0.0,0.0,0.0,1.0,0.0,0.0,0.0,0.0,1.0,0.0,0.0,1.0,0.0,0.0,0.0,0.0,0.0,1.0,0.0,0.0,0.0,1.0,0.0,0.0,0.0,0.0,1.0,0.28,0.31999999999999995,0.31999999999999995,0.36,0.36,0.36,0.28,0.31999999999999995,0.36,0.36,0.36,0.28,0.31999999999999995,0.36,0.36,0.4,0.28,0.31999999999999995,0.4,0.4,0.4,0.28,0.31999999999999995,0.4,0.4,0.4,0.24,0.28,0.52,0.52,0.52,0.24,0.28,0.96,0.96,1.0,0.28,0.31999999999999995,0.31999999999999995,0.36,0.36,0.36,0.28,0.31999999999999995,0.36,0.36,0.36,0.28,0.31999999999999995,0.36,0.36,0.4,0.28,0.31999999999999995,0.4,0.4,0.4,0.28,0.31999999999999995,0.4,0.4,0.4,0.24,0.28,0.52,0.52,0.52,0.24,0.28,0.96,0.96,1.0
655,0.0,1.0,1.0,1.0,0.0,0.0,0.0,0.0,0.0,1.0,0.0,0.0,0.0,0.0,0.0,1.0,0.0,1.0,0.0,1.0,0.0,0.0,0.0,0.0,0.0,1.0,0.0,1.0,1.0,0.0,0.0,1.0,0.0,0.0,0.0,0.0,0.0,0.0,0.0,0.0,0.0,0.0,0.0,0.0,0.0,0.0,0.0,0.0,0.0,1.0,1.0,0.0,0.0,0.0,0.0,0.0,0.0,0.0,1.0,0.0,0.0,0.0,1.0,1.0,0.0,1.0,0.0,0.0,0.0,0.0,0.0,0.0,1.0,0.0,0.0,0.0,0.0,0.0,0.0,0.0,0.0,0.0,1.0,0.0,0.0,0.0,1.0,0.0,0.0,1.0,1.0,0.0,0.0,0.0,1.0,0.0,0.0,0.0,1.0,1.0,0.0,0.0,0.0,1.0,0.6,0.6799999999999999,0.64,0.72,0.6799999999999999,0.72,0.6799999999999999,0.6,0.72,0.6799999999999999,0.72,0.6799999999999999,0.56,0.72,0.64,1.0,0.64,0.52,0.76,0.6,0.6799999999999999,0.6,0.52,0.56,0.52,0.6,0.52,0.48,0.52,0.52,0.52,0.52,0.48,0.52,0.48,0.52,0.6,0.6799999999999999,0.64,0.72,0.6799999999999999,0.72,0.6799999999999999,0.6,0.72,0.6799999999999999,0.72,0.6799999999999999,0.56,0.72,0.64,1.0,0.64,0.52,0.76,0.6,0.6799999999999999,0.6,0.52,0.56,0.52,0.6,0.52,0.48,0.52,0.52,0.52,0.52,0.48,0.52,0.48,0.52
656,0.0,0.0,0.0,0.0,1.0,1.0,0.0,0.0,0.0,0.0,0.0,0.0,0.0,1.0,0.0,0.0,0.0,0.0,0.0,1.0,0.0,0.0,1.0,0.0,0.0,0.0,0.0,0.0,0.0,0.0,0.0,0.0,0.0,1.0,0.0,0.0,1.0,0.0,0.0,0.0,1.0,1.0,1.0,1.0,0.0,0.0,1.0,0.0,0.0,0.0,0.0,1.0,0.0,0.0,0.0,0.0,0.0,0.0,1.0,0.0,1.0,0.0,0.0,0.0,0.0,0.0,0.0,0.0,0.0,0.0,1.0,0.0,1.0,1.0,0.0,0.0,0.0,1.0,1.0,0.0,1.0,0.0,1.0,0.0,0.0,0.0,0.0,1.0,0.0,0.0,1.0,0.0,0.0,0.0,0.0,0.0,0.0,1.0,0.0,0.0,0.0,1.0,0.0,0.0,0.84,0.6799999999999999,0.88,0.92,1.0,0.72,0.64,0.76,0.8,0.88,0.6799999999999999,0.6,0.72,0.76,0.76,0.64,0.56,0.6799999999999999,0.72,0.72,0.6,0.56,0.64,0.6799999999999999,0.6799999999999999,0.56,0.52,0.6,0.64,0.64,0.56,0.52,0.56,0.6,0.6,0.52,0.84,0.6799999999999999,0.88,0.92,1.0,0.72,0.64,0.76,0.8,0.88,0.6799999999999999,0.6,0.72,0.76,0.76,0.64,0.56,0.6799999999999999,0.72,0.72,0.6,0.56,0.64,0.6799999999999999,0.6799999999999999,0.56,0.52,0.6,0.64,0.64,0.56,0.52,0.56,0.6,0.6,0.52
657,0.0,1.0,0.0,1.0,1.0,0.0,0.0,0.0,0.0,0.0,0.0,0.0,0.0,0.0,1.0,0.0,0.0,0.0,0.0,1.0,0.0,0.0,0.0,0.0,0.0,0.0,0.0,1.0,0.0,0.0,0.0,0.0,0.0,0.0,0.0,0.0,1.0,0.0,0.0,1.0,0.0,0.0,0.0,1.0,0.0,1.0,1.0,1.0,0.0,0.0,1.0,0.0,0.0,0.0,0.0,0.0,0.0,0.0,1.0,0.0,0.0,0.0,0.0,0.0,1.0,0.0,0.0,0.0,0.0,0.0,1.0,0.0,0.0,1.0,1.0,1.0,0.0,1.0,0.0,0.0,0.0,0.0,1.0,0.0,0.0,0.0,1.0,0.0,0.0,1.0,0.0,0.0,1.0,0.0,0.0,0.0,1.0,0.0,0.0,0.0,0.0,1.0,0.0,0.0,0.8,0.6799999999999999,0.88,0.6799999999999999,1.0,0.88,0.64,0.88,0.64,1.0,0.76,0.6,0.8,0.6,1.0,0.72,0.6,0.72,0.6,0.84,0.6799999999999999,0.56,0.6799999999999999,0.56,0.72,0.64,0.52,0.64,0.52,0.6799999999999999,0.6,0.52,0.6,0.52,0.64,0.56,0.8,0.6799999999999999,0.88,0.6799999999999999,1.0,0.88,0.64,0.88,0.64,1.0,0.76,0.6,0.8,0.6,1.0,0.72,0.6,0.72,0.6,0.84,0.6799999999999999,0.56,0.6799999999999999,0.56,0.72,0.64,0.52,0.64,0.52,0.6799999999999999,0.6,0.52,0.6,0.52,0.64,0.56
658,1.0,0.0,0.0,0.0,1.0,0.0,1.0,0.0,0.0,0.0,0.0,1.0,0.0,0.0,1.0,0.0,1.0,0.0,0.0,1.0,0.0,1.0,0.0,0.0,0.0,0.0,1.0,0.0,0.0,1.0,0.0,0.0,0.0,0.0,0.0,0.0,0.0,0.0,0.0,0.0,0.0,0.0,1.0,0.0,0.0,1.0,0.0,0.0,0.0,0.0,0.0,1.0,0.0,1.0,0.0,0.0,0.0,1.0,0.0,0.0,1.0,0.0,0.0,0.0,0.0,0.0,0.0,0.0,0.0,1.0,1.0,0.0,0.0,0.0,0.0,0.0,1.0,0.0,0.0,0.0,0.0,0.0,1.0,1.0,1.0,0.0,0.0,0.0,0.0,1.0,0.0,1.0,0.0,0.0,0.0,0.0,0.0,0.0,0.0,0.0,1.0,1.0,0.0,0.0,1.0,0.84,0.84,0.76,0.8,0.84,0.8,0.8,0.72,0.76,0.76,0.76,0.76,0.6799999999999999,0.72,0.72,0.6799999999999999,0.72,0.64,0.6799999999999999,0.6799999999999999,0.64,0.6799999999999999,0.6,0.64,0.64,0.6,0.64,0.56,0.6,0.6,0.6,0.6,0.56,0.56,0.56,1.0,0.84,0.84,0.76,0.8,0.84,0.8,0.8,0.72,0.76,0.76,0.76,0.76,0.6799999999999999,0.72,0.72,0.6799999999999999,0.72,0.64,0.6799999999999999,0.6799999999999999,0.64,0.6799999999999999,0.6,0.64,0.64,0.6,0.64,0.56,0.6,0.6,0.6,0.6,0.56,0.56,0.56
659,1.0,0.0,0.0,1.0,1.0,0.0,0.0,0.0,0.0,0.0,0.0,0.0,0.0,0.0,1.0,0.0,0.0,0.0,0.0,1.0,0.0,0.0,0.0,1.0,1.0,0.0,0.0,1.0,0.0,0.0,0.0,0.0,0.0,0.0,0.0,0.0,1.0,0.0,1.0,0.0,0.0,0.0,0.0,1.0,0.0,1.0,0.0,0.0,0.0,0.0,1.0,0.0,0.0,0.0,1.0,0.0,0.0,0.0,1.0,1.0,1.0,0.0,0.0,1.0,0.0,1.0,0.0,0.0,0.0,0.0,1.0,0.0,0.0,0.0,0.0,0.0,0.0,1.0,0.0,0.0,0.0,0.0,0.0,1.0,0.0,0.0,0.0,1.0,0.0,1.0,0.0,0.0,1.0,0.0,0.0,0.0,0.0,0.0,0.0,0.0,1.0,0.0,0.0,0.0,0.84,0.96,0.92,0.96,0.8,1.0,0.96,0.92,0.96,0.76,0.92,0.92,0.88,0.76,0.6799999999999999,0.96,0.8,0.76,0.72,0.64,0.76,0.72,0.72,0.6799999999999999,0.6,0.6799999999999999,0.6799999999999999,0.6799999999999999,0.64,0.6,0.64,0.64,0.64,0.6,0.56,0.6,0.84,0.96,0.92,0.96,0.8,1.0,0.96,0.92,0.96,0.76,0.92,0.92,0.88,0.76,0.6799999999999999,0.96,0.8,0.76,0.72,0.64,0.76,0.72,0.72,0.6799999999999999,0.6,0.6799999999999999,0.6799999999999999,0.6799999999999999,0.64,0.6,0.64,0.64,0.64,0.6,0.56,0.6
660,0.0,0.0,0.0,0.0,1.0,0.0,0.0,0.0,1.0,0.0,0.0,0.0,0.0,0.0,0.0,0.0,0.0,1.0,0.0,0.0,0.0,1.0,1.0,0.0,0.0,1.0,1.0,0.0,0.0,0.0,1.0,0.0,0.0,0.0,1.0,1.0,1.0,0.0,1.0,0.0,0.0,0.0,0.0,0.0,1.0,0.0,0.0,0.0,0.0,0.0,0.0,0.0,0.0,0.0,0.0,1.0,0.0,0.0,0.0,1.0,0.0,0.0,1.0,0.0,1.0,1.0,1.0,0.0,0.0,0.0,0.0,1.0,0.0,0.0,0.0,1.0,0.0,0.0,0.0,0.0,0.0,1.0,0.0,0.0,0.0,0.0,0.0,0.0,0.0,0.0,0.0,1.0,0.0,0.0,1.0,0.0,0.0,1.0,0.0,0.0,0.0,0.0,1.0,0.0,0.72,0.76,0.84,0.88,0.76,0.76,0.76,0.84,0.88,0.6799999999999999,0.76,0.72,0.84,0.88,0.64,0.8,0.64,0.84,1.0,0.6,0.6799999999999999,0.6,0.84,0.76,0.56,0.6,0.56,0.84,0.64,0.52,0.56,0.52,0.64,0.6,0.52,0.52,0.72,0.76,0.84,0.88,0.76,0.76,0.76,0.84,0.88,0.6799999999999999,0.76,0.72,0.84,0.88,0.64,0.8,0.64,0.84,1.0,0.6,0.6799999999999999,0.6,0.84,0.76,0.56,0.6,0.56,0.84,0.64,0.52,0.56,0.52,0.64,0.6,0.52,0.52
661,0.0,0.0,0.0,0.0,0.0,1.0,0.0,0.0,0.0,0.0,1.0,0.0,0.0,0.0,1.0,0.0,0.0,0.0,0.0,0.0,0.0,0.0,0.0,1.0,0.0,0.0,0.0,0.0,0.0,1.0,1.0,0.0,0.0,0.0,0.0,1.0,0.0,0.0,1.0,1.0,0.0,1.0,1.0,1.0,0.0,0.0,0.0,0.0,0.0,0.0,0.0,1.0,0.0,0.0,0.0,1.0,0.0,0.0,0.0,0.0,0.0,1.0,0.0,0.0,1.0,0.0,0.0,0.0,0.0,0.0,0.0,1.0,1.0,0.0,1.0,0.0,0.0,0.0,1.0,1.0,0.0,0.0,0.0,1.0,0.0,0.0,1.0,0.0,1.0,1.0,0.0,0.0,0.0,0.0,0.0,0.0,0.0,0.0,1.0,0.0,0.0,0.0,0.0,0.0,0.56,0.52,0.52,0.72,0.6,0.6799999999999999,0.52,0.52,0.72,0.52,0.6799999999999999,0.48,0.48,0.72,0.52,0.84,0.48,0.48,1.0,0.48,0.52,0.48,0.48,0.76,0.48,0.52,0.43999999999999995,0.43999999999999995,0.52,0.48,0.48,0.43999999999999995,0.43999999999999995,0.52,0.43999999999999995,0.48,0.56,0.52,0.52,0.72,0.6,0.6799999999999999,0.52,0.52,0.72,0.52,0.6799999999999999,0.48,0.48,0.72,0.52,0.84,0.48,0.48,1.0,0.48,0.52,0.48,0.48,0.76,0.48,0.52,0.43999999999999995,0.43999999999999995,0.52,0.48,0.48,0.43999999999999995,0.43999999999999995,0.52,0.43999999999999995,0.48
662,1.0,1.0,0.0,0.0,0.0,0.0,1.0,0.0,1.0,1.0,1.0,0.0,0.0,0.0,0.0,0.0,0.0,0.0,0.0,0.0,0.0,0.0,0.0,0.0,1.0,0.0,0.0,0.0,0.0,1.0,0.0,0.0,0.0,0.0,0.0,0.0,1.0,0.0,0.0,0.0,0.0,1.0,0.0,0.0,0.0,1.0,1.0,0.0,0.0,1.0,0.0,0.0,0.0,0.0,0.0,0.0,1.0,1.0,0.0,0.0,0.0,0.0,0.0,0.0,0.0,1.0,1.0,1.0,0.0,1.0,0.0,0.0,0.0,0.0,0.0,0.0,0.0,1.0,0.0,0.0,1.0,0.0,0.0,0.0,1.0,0.0,0.0,0.0,0.0,1.0,1.0,0.0,0.0,0.0,0.0,1.0,0.0,0.0,0.0,0.0,0.0,0.0,1.0,0.0,0.84,1.0,0.88,0.92,0.92,0.96,1.0,0.8,0.76,0.88,0.88,0.92,0.72,0.72,0.76,0.76,0.92,0.6799999999999999,0.6799999999999999,0.72,0.72,0.76,0.64,0.64,0.6799999999999999,0.6799999999999999,0.72,0.6,0.6,0.64,0.64,0.6799999999999999,0.56,0.56,0.6,0.6,0.84,1.0,0.88,0.92,0.92,0.96,1.0,0.8,0.76,0.88,0.88,0.92,0.72,0.72,0.76,0.76,0.92,0.6799999999999999,0.6799999999999999,0.72,0.72,0.76,0.64,0.64,0.6799999999999999,0.6799999999999999,0.72,0.6,0.6,0.64,0.64,0.6799999999999999,0.56,0.56,0.6,0.6
663,0.0,0.0,1.0,0.0,0.0,0.0,0.0,1.0,0.0,1.0,1.0,0.0,1.0,0.0,0.0,0.0,0.0,0.0,0.0,0.0,1.0,0.0,0.0,0.0,0.0,0.0,1.0,1.0,1.0,0.0,0.0,0.0,0.0,0.0,0.0,0.0,1.0,0.0,0.0,0.0,0.0,1.0,0.0,0.0,0.0,1.0,0.0,0.0,0.0,0.0,0.0,1.0,0.0,0.0,0.0,0.0,0.0,1.0,0.0,0.0,0.0,0.0,0.0,1.0,0.0,0.0,0.0,1.0,0.0,1.0,0.0,1.0,0.0,0.0,0.0,0.0,1.0,0.0,0.0,0.0,0.0,0.0,1.0,0.0,1.0,1.0,0.0,0.0,0.0,1.0,0.0,1.0,0.0,0.0,0.0,0.0,1.0,0.0,0.0,0.0,1.0,0.0,0.0,0.0,0.84,0.92,0.76,1.0,0.84,0.92,0.88,0.72,1.0,0.76,0.88,0.84,0.6799999999999999,0.88,0.72,0.76,0.76,0.64,0.76,0.6799999999999999,0.72,0.6799999999999999,0.6,0.72,0.64,0.6799999999999999,0.64,0.56,0.6799999999999999,0.6,0.64,0.6,0.52,0.64,0.56,0.6,0.84,0.92,0.76,1.0,0.84,0.92,0.88,0.72,1.0,0.76,0.88,0.84,0.6799999999999999,0.88,0.72,0.76,0.76,0.64,0.76,0.6799999999999999,0.72,0.6799999999999999,0.6,0.72,0.64,0.6799999999999999,0.64,0.56,0.6799999999999999,0.6,0.64,0.6,0.52,0.64,0.56,0.6
664,1.0,0.0,0.0,0.0,1.0,0.0,0.0,1.0,0.0,0.0,0.0,0.0,1.0,0.0,0.0,0.0,0.0,0.0,0.0,0.0,0.0,0.0,1.0,0.0,0.0,0.0,0.0,0.0,0.0,0.0,0.0,0.0,0.0,1.0,1.0,1.0,1.0,0.0,0.0,0.0,0.0,0.0,1.0,0.0,0.0,1.0,0.0,1.0,0.0,0.0,1.0,0.0,0.0,1.0,1.0,0.0,0.0,0.0,0.0,0.0,0.0,1.0,1.0,1.0,0.0,0.0,0.0,1.0,0.0,0.0,0.0,1.0,1.0,1.0,0.0,0.0,1.0,0.0,0.0,0.0,0.0,1.0,0.0,0.0,0.0,0.0,0.0,0.0,0.0,0.0,0.0,0.0,0.0,0.0,0.0,0.0,1.0,0.0,0.0,0.0,0.0,0.0,0.0,1.0,0.6,0.72,0.6799999999999999,0.64,0.6799999999999999,0.72,0.72,0.6799999999999999,0.6,0.64,0.72,0.72,0.64,0.56,0.56,1.0,0.72,0.56,0.52,0.52,0.56,1.0,0.52,0.52,0.52,0.52,0.56,0.52,0.48,0.48,0.52,0.52,0.48,0.48,0.48,0.48,0.6,0.72,0.6799999999999999,0.64,0.6799999999999999,0.72,0.72,0.6799999999999999,0.6,0.64,0.72,0.72,0.64,0.56,0.56,1.0,0.72,0.56,0.52,0.52,0.56,1.0,0.52,0.52,0.52,0.52,0.56,0.52,0.48,0.48,0.52,0.52,0.48,0.48,0.48,0.48
665,0.0,0.0,1.0,0.0,0.0,0.0,1.0,0.0,0.0,0.0,1.0,0.0,0.0,1.0,1.0,0.0,0.0,1.0,0.0,0.0,0.0,1.0,1.0,0.0,0.0,0.0,1.0,0.0,0.0,0.0,0.0,0.0,0.0,1.0,0.0,0.0,0.0,0.0,0.0,1.0,0.0,0.0,0.0,1.0,0.0,1.0,0.0,0.0,0.0,0.0,0.0,0.0,0.0,1.0,0.0,0.0,1.0,0.0,0.0,0.0,1.0,0.0,0.0,0.0,1.0,0.0,0.0,1.0,0.0,0.0,1.0,0.0,1.0,0.0,0.0,0.0,1.0,0.0,0.0,0.0,0.0,0.0,0.0,0.0,0.0,0.0,0.0,1.0,1.0,1.0,0.0,0.0,0.0,1.0,0.0,0.0,0.0,0.0,0.0,0.0,0.0,0.0,1.0,0.0,0.88,0.8,1.0,0.6799999999999999,0.6799999999999999,0.72,0.76,0.88,0.64,0.64,0.6799999999999999,0.72,0.8,0.6,0.6,0.64,0.6799999999999999,0.76,0.6,0.56,0.6,0.64,0.72,0.56,0.56,0.56,0.6,0.6799999999999999,0.52,0.52,0.56,0.56,0.64,0.52,0.52,0.52,0.88,0.8,1.0,0.6799999999999999,0.6799999999999999,0.72,0.76,0.88,0.64,0.64,0.6799999999999999,0.72,0.8,0.6,0.6,0.64,0.6799999999999999,0.76,0.6,0.56,0.6,0.64,0.72,0.56,0.56,0.56,0.6,0.6799999999999999,0.52,0.52,0.56,0.56,0.64,0.52,0.52,0.52
666,0.0,1.0,1.0,0.0,0.0,1.0,0.0,1.0,0.0,0.0,0.0,0.0,1.0,0.0,0.0,1.0,1.0,0.0,0.0,0.0,1.0,1.0,0.0,0.0,0.0,0.0,0.0,1.0,0.0,0.0,0.0,1.0,0.0,0.0,0.0,0.0,0.0,0.0,0.0,0.0,0.0,0.0,1.0,0.0,0.0,1.0,0.0,0.0,0.0,0.0,0.0,0.0,1.0,0.0,0.0,0.0,1.0,0.0,0.0,0.0,1.0,0.0,0.0,1.0,0.0,0.0,1.0,0.0,0.0,0.0,0.0,0.0,0.0,0.0,0.0,1.0,1.0,0.0,0.0,0.0,0.0,1.0,0.0,0.0,0.0,1.0,0.0,1.0,0.0,0.0,1.0,0.0,1.0,1.0,0.0,0.0,0.0,0.0,0.0,0.0,0.0,0.0,0.0,0.0,0.84,1.0,0.88,0.76,0.72,0.8,1.0,0.8,0.72,0.6799999999999999,0.76,0.92,0.76,0.6799999999999999,0.64,0.72,0.8,0.6799999999999999,0.64,0.6,0.6799999999999999,0.76,0.64,0.6,0.56,0.64,0.6799999999999999,0.6,0.56,0.52,0.6,0.64,0.6,0.52,0.52,0.56,0.84,1.0,0.88,0.76,0.72,0.8,1.0,0.8,0.72,0.6799999999999999,0.76,0.92,0.76,0.6799999999999999,0.64,0.72,0.8,0.6799999999999999,0.64,0.6,0.6799999999999999,0.76,0.64,0.6,0.56,0.64,0.6799999999999999,0.6,0.56,0.52,0.6,0.64,0.6,0.52,0.52,0.56
667,1.0,0.0,0.0,1.0,0.0,0.0,1.0,1.0,0.0,0.0,0.0,1.0,0.0,0.0,0.0,1.0,0.0,0.0,0.0,1.0,0.0,1.0,0.0,1.0,1.0,0.0,0.0,0.0,0.0,0.0,0.0,0.0,0.0,0.0,0.0,0.0,1.0,0.0,0.0,0.0,0.0,0.0,0.0,0.0,1.0,0.0,0.0,0.0,1.0,0.0,0.0,0.0,0.0,1.0,0.0,0.0,0.0,1.0,0.0,0.0,0.0,1.0,0.0,0.0,0.0,1.0,1.0,0.0,0.0,0.0,0.0,0.0,0.0,0.0,0.0,0.0,0.0,0.0,0.0,1.0,0.0,1.0,0.0,1.0,0.0,0.0,1.0,0.0,0.0,1.0,1.0,0.0,1.0,0.0,0.0,0.0,0.0,0.0,0.0,0.0,0.0,0.0,1.0,0.0,0.84,1.0,0.96,0.92,0.72,0.76,1.0,0.84,0.84,0.6799999999999999,0.72,0.88,0.8,0.8,0.64,0.6799999999999999,0.76,0.72,0.72,0.6,0.64,0.72,0.6799999999999999,0.6799999999999999,0.56,0.6,0.6799999999999999,0.64,0.64,0.52,0.56,0.64,0.6,0.6,0.52,0.56,0.84,1.0,0.96,0.92,0.72,0.76,1.0,0.84,0.84,0.6799999999999999,0.72,0.88,0.8,0.8,0.64,0.6799999999999999,0.76,0.72,0.72,0.6,0.64,0.72,0.6799999999999999,0.6799999999999999,0.56,0.6,0.6799999999999999,0.64,0.64,0.52,0.56,0.64,0.6,0.6,0.52,0.56
668,0.0,0.0,1.0,0.0,0.0,0.0,1.0,0.0,1.0,0.0,0.0,0.0,0.0,1.0,0.0,0.0,0.0,0.0,0.0,0.0,1.0,0.0,0.0,0.0,0.0,0.0,1.0,0.0,0.0,0.0,0.0,0.0,1.0,0.0,1.0,0.0,0.0,1.0,1.0,0.0,1.0,0.0,0.0,0.0,0.0,0.0,1.0,0.0,0.0,0.0,0.0,1.0,0.0,0.0,0.0,1.0,0.0,1.0,0.0,0.0,0.0,0.0,1.0,0.0,0.0,0.0,1.0,0.0,0.0,0.0,0.0,0.0,0.0,0.0,1.0,1.0,1.0,0.0,0.0,1.0,1.0,0.0,0.0,0.0,0.0,1.0,0.0,0.0,0.0,0.0,0.0,1.0,0.0,0.0,1.0,0.0,1.0,0.0,0.0,0.0,0.0,0.0,0.0,0.0,1.0,0.84,0.88,0.96,0.84,0.84,0.76,0.8,0.88,0.76,0.8,0.72,0.76,0.84,0.72,0.76,0.6799999999999999,0.72,0.76,0.6799999999999999,0.6799999999999999,0.64,0.6799999999999999,0.72,0.64,0.64,0.6,0.64,0.6799999999999999,0.6,0.6,0.56,0.6,0.64,0.56,0.6,1.0,0.84,0.88,0.96,0.84,0.84,0.76,0.8,0.88,0.76,0.8,0.72,0.76,0.84,0.72,0.76,0.6799999999999999,0.72,0.76,0.6799999999999999,0.6799999999999999,0.64,0.6799999999999999,0.72,0.64,0.64,0.6,0.64,0.6799999999999999,0.6,0.6,0.56,0.6,0.64,0.56,0.6
669,0.0,0.0,0.0,0.0,0.0,0.0,0.0,0.0,1.0,0.0,0.0,0.0,1.0,0.0,0.0,0.0,0.0,1.0,0.0,1.0,0.0,0.0,0.0,0.0,0.0,0.0,1.0,0.0,1.0,1.0,0.0,1.0,1.0,0.0,0.0,1.0,0.0,0.0,0.0,0.0,0.0,0.0,0.0,0.0,1.0,0.0,0.0,0.0,1.0,0.0,0.0,1.0,1.0,0.0,0.0,0.0,0.0,0.0,1.0,0.0,0.0,1.0,1.0,0.0,0.0,0.0,0.0,0.0,1.0,0.0,0.0,0.0,1.0,0.0,0.0,1.0,1.0,1.0,0.0,0.0,0.0,0.0,0.0,0.0,0.0,0.0,0.0,0.0,0.0,0.0,1.0,0.0,0.0,0.0,0.0,1.0,0.0,0.0,0.0,1.0,0.0,1.0,0.0,0.0,0.56,0.64,0.6799999999999999,0.72,0.6799999999999999,0.72,0.64,0.6799999999999999,0.72,0.6799999999999999,0.72,0.64,0.6799999999999999,0.72,0.6799999999999999,1.0,0.6,0.6799999999999999,0.96,0.76,0.88,0.56,0.92,0.6,0.52,0.6799999999999999,0.52,0.84,0.52,0.52,0.52,0.48,0.52,0.52,0.48,0.52,0.56,0.64,0.6799999999999999,0.72,0.6799999999999999,0.72,0.64,0.6799999999999999,0.72,0.6799999999999999,0.72,0.64,0.6799999999999999,0.72,0.6799999999999999,1.0,0.6,0.6799999999999999,0.96,0.76,0.88,0.56,0.92,0.6,0.52,0.6799999999999999,0.52,0.84,0.52,0.52,0.52,0.48,0.52,0.52,0.48,0.52
670,0.0,0.0,0.0,0.0,0.0,0.0,0.0,1.0,1.0,0.0,1.0,1.0,0.0,1.0,0.0,0.0,1.0,0.0,1.0,0.0,0.0,0.0,1.0,0.0,1.0,0.0,0.0,0.0,0.0,0.0,0.0,0.0,0.0,0.0,1.0,0.0,0.0,0.0,0.0,0.0,0.0,1.0,0.0,0.0,0.0,1.0,0.0,1.0,0.0,0.0,0.0,0.0,0.0,1.0,0.0,0.0,0.0,0.0,0.0,0.0,0.0,0.0,0.0,0.0,0.0,0.0,0.0,0.0,0.0,0.0,0.0,0.0,0.0,1.0,0.0,1.0,0.0,0.0,0.0,0.0,0.0,0.0,0.0,1.0,0.0,1.0,0.0,0.0,0.0,0.0,1.0,0.0,1.0,0.0,1.0,1.0,1.0,0.0,1.0,0.0,1.0,0.0,1.0,0.0,0.8,0.76,0.88,0.64,1.0,0.76,0.6799999999999999,0.88,0.6,1.0,0.72,0.64,0.84,0.6,1.0,0.76,0.6,0.72,0.56,0.96,0.64,0.6,0.6799999999999999,0.52,0.72,0.6,0.56,0.64,0.52,0.6799999999999999,0.56,0.52,0.6,0.48,0.64,0.52,0.8,0.76,0.88,0.64,1.0,0.76,0.6799999999999999,0.88,0.6,1.0,0.72,0.64,0.84,0.6,1.0,0.76,0.6,0.72,0.56,0.96,0.64,0.6,0.6799999999999999,0.52,0.72,0.6,0.56,0.64,0.52,0.6799999999999999,0.56,0.52,0.6,0.48,0.64,0.52
671,0.0,0.0,0.0,0.0,0.0,1.0,0.0,0.0,1.0,0.0,0.0,1.0,0.0,0.0,0.0,0.0,0.0,1.0,0.0,1.0,0.0,0.0,0.0,0.0,0.0,1.0,1.0,1.0,1.0,0.0,0.0,0.0,0.0,0.0,0.0,0.0,0.0,0.0,0.0,0.0,0.0,1.0,0.0,1.0,0.0,0.0,1.0,0.0,0.0,0.0,1.0,0.0,0.0,0.0,0.0,1.0,1.0,0.0,1.0,0.0,0.0,1.0,0.0,0.0,1.0,0.0,0.0,0.0,0.0,0.0,1.0,0.0,1.0,0.0,0.0,0.0,1.0,0.0,0.0,0.0,0.0,0.0,0.0,0.0,1.0,0.0,0.0,0.0,0.0,0.0,1.0,0.0,1.0,0.0,0.0,0.0,0.0,1.0,0.0,0.0,0.0,0.0,0.0,1.0,0.56,0.6799999999999999,0.64,0.6,0.72,0.72,0.6799999999999999,0.64,0.52,0.72,0.72,0.6799999999999999,0.64,0.52,0.72,0.96,0.6799999999999999,0.52,0.48,1.0,0.96,0.92,0.52,0.48,0.84,0.6,0.52,0.48,0.48,0.52,0.52,0.52,0.48,0.43999999999999995,0.52,0.52,0.56,0.6799999999999999,0.64,0.6,0.72,0.72,0.6799999999999999,0.64,0.52,0.72,0.72,0.6799999999999999,0.64,0.52,0.72,0.96,0.6799999999999999,0.52,0.48,1.0,0.96,0.92,0.52,0.48,0.84,0.6,0.52,0.48,0.48,0.52,0.52,0.52,0.48,0.43999999999999995,0.52,0.52
672,0.0,0.0,0.0,0.0,1.0,0.0,0.0,0.0,0.0,0.0,0.0,0.0,1.0,0.0,1.0,0.0,0.0,0.0,0.0,1.0,0.0,0.0,0.0,1.0,0.0,1.0,0.0,0.0,0.0,1.0,0.0,1.0,1.0,0.0,0.0,0.0,0.0,0.0,0.0,1.0,0.0,0.0,0.0,0.0,1.0,0.0,0.0,0.0,1.0,0.0,0.0,1.0,0.0,0.0,0.0,0.0,0.0,1.0,0.0,1.0,0.0,0.0,0.0,0.0,0.0,0.0,0.0,0.0,1.0,0.0,0.0,0.0,0.0,0.0,0.0,0.0,0.0,0.0,1.0,0.0,1.0,0.0,0.0,0.0,0.0,0.0,0.0,0.0,0.0,1.0,1.0,0.0,1.0,0.0,1.0,1.0,0.0,0.0,1.0,1.0,0.0,0.0,1.0,0.0,0.43999999999999995,0.48,0.48,0.52,0.52,0.52,0.43999999999999995,0.43999999999999995,0.52,0.52,0.52,0.43999999999999995,0.43999999999999995,0.52,0.52,0.64,0.4,0.4,0.64,0.6799999999999999,0.64,0.4,0.4,0.6,0.6799999999999999,0.6,0.4,0.4,0.48,1.0,0.43999999999999995,0.4,0.4,0.43999999999999995,0.43999999999999995,0.43999999999999995,0.43999999999999995,0.48,0.48,0.52,0.52,0.52,0.43999999999999995,0.43999999999999995,0.52,0.52,0.52,0.43999999999999995,0.43999999999999995,0.52,0.52,0.64,0.4,0.4,0.64,0.6799999999999999,0.64,0.4,0.4,0.6,0.6799999999999999,0.6,0.4,0.4,0.48,1.0,0.43999999999999995,0.4,0.4,0.43999999999999995,0.43999999999999995,0.43999999999999995
673,0.0,0.0,0.0,0.0,0.0,1.0,0.0,0.0,0.0,1.0,0.0,0.0,0.0,1.0,0.0,1.0,0.0,0.0,0.0,0.0,0.0,1.0,0.0,0.0,0.0,1.0,0.0,0.0,0.0,0.0,0.0,0.0,1.0,0.0,1.0,0.0,0.0,1.0,1.0,0.0,0.0,0.0,0.0,0.0,0.0,0.0,0.0,1.0,0.0,1.0,1.0,0.0,1.0,0.0,0.0,1.0,0.0,0.0,0.0,0.0,0.0,0.0,0.0,1.0,0.0,0.0,0.0,0.0,1.0,1.0,0.0,1.0,0.0,0.0,1.0,0.0,0.0,0.0,0.0,0.0,0.0,1.0,0.0,1.0,0.0,1.0,0.0,0.0,0.0,0.0,0.0,0.0,0.0,0.0,0.0,1.0,0.0,1.0,1.0,0.0,0.0,0.0,0.0,0.0,0.88,0.76,1.0,0.96,0.8,0.88,0.72,0.88,0.88,0.76,0.8,0.6799999999999999,0.84,0.76,0.72,0.76,0.64,0.76,0.72,0.6799999999999999,0.6799999999999999,0.6,0.72,0.6799999999999999,0.64,0.64,0.56,0.6799999999999999,0.64,0.6,0.6,0.56,0.64,0.6,0.56,0.6,0.88,0.76,1.0,0.96,0.8,0.88,0.72,0.88,0.88,0.76,0.8,0.6799999999999999,0.84,0.76,0.72,0.76,0.64,0.76,0.72,0.6799999999999999,0.6799999999999999,0.6,0.72,0.6799999999999999,0.64,0.64,0.56,0.6799999999999999,0.64,0.6,0.6,0.56,0.64,0.6,0.56,0.6
674,0.0,1.0,0.0,1.0,1.0,0.0,0.0,0.0,0.0,1.0,0.0,1.0,0.0,0.0,1.0,0.0,0.0,0.0,0.0,0.0,0.0,0.0,1.0,0.0,0.0,0.0,0.0,0.0,0.0,0.0,1.0,0.0,0.0,0.0,0.0,0.0,1.0,1.0,0.0,0.0,0.0,1.0,0.0,0.0,1.0,0.0,0.0,1.0,0.0,0.0,0.0,0.0,1.0,0.0,0.0,0.0,0.0,0.0,0.0,0.0,0.0,0.0,0.0,0.0,1.0,0.0,0.0,0.0,0.0,1.0,1.0,0.0,0.0,0.0,0.0,1.0,0.0,0.0,0.0,1.0,1.0,0.0,0.0,0.0,1.0,0.0,0.0,0.0,0.0,0.0,0.0,0.0,0.0,0.0,0.0,1.0,0.0,0.0,1.0,0.0,0.0,1.0,1.0,1.0,0.72,0.84,0.76,0.76,0.88,0.84,0.84,0.6799999999999999,0.6799999999999999,0.88,0.84,0.76,0.64,0.64,0.88,0.92,0.6799999999999999,0.6,0.6,1.0,0.64,0.64,0.56,0.56,0.6799999999999999,0.6,0.6,0.52,0.52,0.64,0.6,0.56,0.52,0.52,0.6,0.56,0.72,0.84,0.76,0.76,0.88,0.84,0.84,0.6799999999999999,0.6799999999999999,0.88,0.84,0.76,0.64,0.64,0.88,0.92,0.6799999999999999,0.6,0.6,1.0,0.64,0.64,0.56,0.56,0.6799999999999999,0.6,0.6,0.52,0.52,0.64,0.6,0.56,0.52,0.52,0.6,0.56
675,1.0,0.0,0.0,0.0,1.0,0.0,1.0,0.0,1.0,0.0,1.0,0.0,0.0,0.0,1.0,0.0,0.0,0.0,0.0,0.0,0.0,1.0,0.0,0.0,0.0,0.0,0.0,0.0,0.0,0.0,1.0,0.0,0.0,0.0,0.0,0.0,0.0,1.0,1.0,0.0,0.0,1.0,0.0,1.0,0.0,0.0,0.0,0.0,0.0,0.0,0.0,1.0,0.0,0.0,0.0,1.0,0.0,0.0,0.0,0.0,0.0,0.0,0.0,1.0,0.0,0.0,0.0,1.0,1.0,0.0,0.0,1.0,0.0,0.0,1.0,1.0,0.0,0.0,1.0,0.0,0.0,0.0,0.0,1.0,0.0,1.0,1.0,0.0,0.0,0.0,0.0,0.0,1.0,0.0,0.0,0.0,0.0,0.0,0.0,0.0,0.0,0.0,1.0,0.0,0.84,0.92,0.92,1.0,0.76,0.96,0.92,0.92,1.0,0.72,0.92,0.76,0.92,0.88,0.6799999999999999,0.76,0.72,0.76,0.76,0.64,0.72,0.6799999999999999,0.72,0.72,0.6,0.6799999999999999,0.64,0.6799999999999999,0.6799999999999999,0.56,0.64,0.6,0.64,0.64,0.56,0.6,0.84,0.92,0.92,1.0,0.76,0.96,0.92,0.92,1.0,0.72,0.92,0.76,0.92,0.88,0.6799999999999999,0.76,0.72,0.76,0.76,0.64,0.72,0.6799999999999999,0.72,0.72,0.6,0.6799999999999999,0.64,0.6799999999999999,0.6799999999999999,0.56,0.64,0.6,0.64,0.64,0.56,0.6
676,1.0,0.0,1.0,0.0,0.0,0.0,0.0,0.0,1.0,0.0,0.0,1.0,0.0,0.0,0.0,0.0,0.0,0.0,0.0,0.0,0.0,1.0,1.0,1.0,0.0,0.0,0.0,0.0,0.0,0.0,0.0,0.0,1.0,0.0,0.0,0.0,1.0,0.0,0.0,0.0,1.0,0.0,0.0,0.0,1.0,1.0,0.0,0.0,0.0,0.0,1.0,0.0,0.0,0.0,0.0,1.0,0.0,0.0,1.0,0.0,0.0,0.0,0.0,0.0,0.0,1.0,0.0,0.0,0.0,0.0,1.0,1.0,1.0,0.0,0.0,0.0,1.0,1.0,0.0,0.0,0.0,0.0,1.0,0.0,0.0,1.0,0.0,0.0,0.0,1.0,1.0,0.0,0.0,0.0,1.0,0.0,0.0,0.0,0.0,0.0,0.0,0.0,0.0,0.0,0.56,0.6,0.6799999999999999,0.6799999999999999,0.56,0.72,0.56,0.6799999999999999,0.6799999999999999,0.52,0.72,0.52,0.6799999999999999,0.64,0.52,1.0,0.52,0.6799999999999999,0.76,0.48,0.88,0.48,0.84,0.52,0.48,0.56,0.48,0.56,0.52,0.48,0.52,0.48,0.52,0.48,0.43999999999999995,0.52,0.56,0.6,0.6799999999999999,0.6799999999999999,0.56,0.72,0.56,0.6799999999999999,0.6799999999999999,0.52,0.72,0.52,0.6799999999999999,0.64,0.52,1.0,0.52,0.6799999999999999,0.76,0.48,0.88,0.48,0.84,0.52,0.48,0.56,0.48,0.56,0.52,0.48,0.52,0.48,0.52,0.48,0.43999999999999995,0.52
677,0.0,0.0,0.0,1.0,0.0,0.0,0.0,0.0,1.0,0.0,0.0,0.0,1.0,0.0,0.0,1.0,0.0,0.0,0.0,0.0,0.0,0.0,0.0,0.0,0.0,1.0,0.0,0.0,0.0,0.0,1.0,0.0,0.0,0.0,0.0,0.0,0.0,0.0,1.0,0.0,1.0,0.0,0.0,1.0,1.0,0.0,1.0,0.0,0.0,1.0,1.0,0.0,0.0,1.0,0.0,0.0,0.0,0.0,0.0,0.0,0.0,0.0,1.0,0.0,0.0,0.0,0.0,0.0,0.0,1.0,0.0,1.0,1.0,1.0,1.0,0.0,1.0,0.0,1.0,0.0,0.0,0.0,0.0,0.0,1.0,1.0,0.0,1.0,0.0,0.0,0.0,0.0,0.0,0.0,1.0,0.0,0.0,0.0,0.0,0.0,0.0,0.0,0.0,0.0,0.72,0.72,0.84,0.84,0.84,0.88,0.64,0.84,0.84,0.84,0.88,0.6,0.84,0.72,0.8,1.0,0.6,0.8,0.64,0.6799999999999999,0.96,0.56,0.76,0.6,0.64,0.64,0.52,0.64,0.56,0.6,0.6,0.52,0.6,0.56,0.56,0.56,0.72,0.72,0.84,0.84,0.84,0.88,0.64,0.84,0.84,0.84,0.88,0.6,0.84,0.72,0.8,1.0,0.6,0.8,0.64,0.6799999999999999,0.96,0.56,0.76,0.6,0.64,0.64,0.52,0.64,0.56,0.6,0.6,0.52,0.6,0.56,0.56,0.56
678,0.0,1.0,0.0,1.0,0.0,0.0,1.0,0.0,0.0,1.0,1.0,1.0,0.0,0.0,0.0,0.0,0.0,0.0,0.0,0.0,1.0,0.0,0.0,0.0,0.0,0.0,0.0,0.0,0.0,0.0,0.0,1.0,0.0,0.0,0.0,0.0,0.0,0.0,0.0,0.0,0.0,0.0,1.0,1.0,0.0,1.0,1.0,0.0,0.0,0.0,1.0,0.0,0.0,0.0,0.0,0.0,1.0,0.0,0.0,1.0,0.0,0.0,0.0,0.0,0.0,1.0,0.0,0.0,0.0,0.0,1.0,1.0,0.0,0.0,0.0,0.0,0.0,0.0,0.0,0.0,1.0,1.0,1.0,0.0,1.0,0.0,0.0,1.0,0.0,1.0,0.0,0.0,1.0,0.0,0.0,0.0,1.0,0.0,0.0,0.0,0.0,0.0,0.0,0.0,1.0,0.92,0.6799999999999999,0.8,0.8,0.72,0.84,0.64,0.76,0.76,0.6799999999999999,0.8,0.6,0.72,0.72,0.64,0.76,0.56,0.6799999999999999,0.6799999999999999,0.6,0.72,0.56,0.64,0.64,0.56,0.6799999999999999,0.52,0.6,0.6,0.56,0.64,0.52,0.56,0.56,0.52,1.0,0.92,0.6799999999999999,0.8,0.8,0.72,0.84,0.64,0.76,0.76,0.6799999999999999,0.8,0.6,0.72,0.72,0.64,0.76,0.56,0.6799999999999999,0.6799999999999999,0.6,0.72,0.56,0.64,0.64,0.56,0.6799999999999999,0.52,0.6,0.6,0.56,0.64,0.52,0.56,0.56,0.52
679,1.0,1.0,0.0,0.0,0.0,0.0,1.0,1.0,1.0,0.0,0.0,1.0,0.0,0.0,0.0,0.0,0.0,0.0,0.0,0.0,0.0,0.0,0.0,0.0,0.0,0.0,1.0,0.0,1.0,0.0,0.0,1.0,0.0,1.0,0.0,0.0,0.0,0.0,0.0,0.0,1.0,0.0,0.0,0.0,1.0,1.0,0.0,0.0,0.0,0.0,0.0,0.0,0.0,0.0,0.0,1.0,0.0,1.0,0.0,0.0,0.0,0.0,1.0,0.0,1.0,0.0,0.0,0.0,0.0,0.0,0.0,0.0,0.0,0.0,1.0,1.0,0.0,0.0,0.0,1.0,0.0,0.0,1.0,0.0,0.0,0.0,0.0,0.0,0.0,0.0,1.0,0.0,0.0,1.0,0.0,0.0,0.0,0.0,0.0,0.0,1.0,0.0,1.0,1.0,0.64,0.8,0.52,0.6799999999999999,0.8,0.6799999999999999,0.8,0.52,0.6799999999999999,0.8,0.6,0.8,0.48,0.6,0.76,0.56,0.8,0.48,0.56,0.8,0.52,1.0,0.48,0.52,0.6799999999999999,0.52,0.76,0.43999999999999995,0.52,0.72,0.48,0.6,0.43999999999999995,0.48,0.76,0.48,0.64,0.8,0.52,0.6799999999999999,0.8,0.6799999999999999,0.8,0.52,0.6799999999999999,0.8,0.6,0.8,0.48,0.6,0.76,0.56,0.8,0.48,0.56,0.8,0.52,1.0,0.48,0.52,0.6799999999999999,0.52,0.76,0.43999999999999995,0.52,0.72,0.48,0.6,0.43999999999999995,0.48,0.76,0.48
680,0.0,0.0,1.0,0.0,0.0,0.0,0.0,1.0,0.0,0.0,0.0,1.0,1.0,0.0,1.0,0.0,0.0,1.0,0.0,0.0,0.0,0.0,0.0,0.0,0.0,0.0,0.0,1.0,0.0,1.0,0.0,0.0,0.0,1.0,0.0,0.0,0.0,1.0,0.0,0.0,1.0,1.0,0.0,0.0,0.0,0.0,0.0,0.0,0.0,1.0,0.0,0.0,0.0,0.0,0.0,0.0,1.0,1.0,1.0,0.0,0.0,1.0,0.0,0.0,0.0,0.0,0.0,1.0,0.0,0.0,0.0,0.0,1.0,0.0,0.0,0.0,0.0,0.0,0.0,0.0,0.0,0.0,1.0,0.0,1.0,0.0,1.0,0.0,1.0,0.0,0.0,1.0,0.0,0.0,0.0,0.0,1.0,0.0,1.0,0.0,0.0,0.0,0.0,0.0,1.0,0.88,0.6799999999999999,0.92,0.72,0.72,0.84,0.64,0.88,0.6799999999999999,0.6799999999999999,0.8,0.6,0.8,0.64,0.64,0.76,0.6,0.76,0.6,0.6,0.72,0.56,0.72,0.56,0.56,0.6799999999999999,0.52,0.6799999999999999,0.56,0.56,0.64,0.52,0.64,0.52,0.52,1.0,0.88,0.6799999999999999,0.92,0.72,0.72,0.84,0.64,0.88,0.6799999999999999,0.6799999999999999,0.8,0.6,0.8,0.64,0.64,0.76,0.6,0.76,0.6,0.6,0.72,0.56,0.72,0.56,0.56,0.6799999999999999,0.52,0.6799999999999999,0.56,0.56,0.64,0.52,0.64,0.52,0.52
681,0.0,1.0,1.0,0.0,1.0,0.0,0.0,1.0,0.0,1.0,0.0,0.0,1.0,0.0,0.0,0.0,0.0,0.0,1.0,0.0,0.0,0.0,0.0,0.0,0.0,1.0,0.0,1.0,1.0,0.0,0.0,0.0,0.0,1.0,0.0,0.0,0.0,0.0,0.0,0.0,0.0,0.0,1.0,0.0,1.0,0.0,0.0,0.0,0.0,0.0,0.0,0.0,0.0,0.0,0.0,0.0,0.0,1.0,0.0,0.0,0.0,0.0,0.0,1.0,0.0,1.0,1.0,1.0,0.0,0.0,0.0,1.0,1.0,0.0,0.0,0.0,0.0,0.0,1.0,0.0,0.0,1.0,0.0,0.0,0.0,0.0,1.0,1.0,0.0,1.0,0.0,0.0,0.0,0.0,0.0,0.0,0.0,0.0,0.0,0.0,0.0,1.0,0.0,0.0,0.84,0.92,0.8,1.0,0.64,0.76,0.88,0.72,1.0,0.6,0.6799999999999999,0.84,0.6799999999999999,0.84,0.56,0.64,0.76,0.64,0.84,0.56,0.6,0.72,0.6,0.72,0.52,0.6,0.6799999999999999,0.56,0.6799999999999999,0.52,0.56,0.64,0.56,0.64,0.48,0.52,0.84,0.92,0.8,1.0,0.64,0.76,0.88,0.72,1.0,0.6,0.6799999999999999,0.84,0.6799999999999999,0.84,0.56,0.64,0.76,0.64,0.84,0.56,0.6,0.72,0.6,0.72,0.52,0.6,0.6799999999999999,0.56,0.6799999999999999,0.52,0.56,0.64,0.56,0.64,0.48,0.52
682,1.0,0.0,0.0,0.0,1.0,0.0,0.0,1.0,1.0,0.0,0.0,0.0,1.0,1.0,0.0,0.0,0.0,1.0,0.0,0.0,0.0,1.0,0.0,0.0,0.0,0.0,0.0,0.0,0.0,1.0,0.0,0.0,0.0,1.0,0.0,1.0,0.0,1.0,0.0,0.0,1.0,0.0,0.0,0.0,0.0,0.0,0.0,0.0,0.0,0.0,0.0,0.0,0.0,0.0,0.0,0.0,0.0,0.0,0.0,0.0,0.0,0.0,1.0,0.0,0.0,0.0,1.0,0.0,1.0,0.0,1.0,0.0,1.0,0.0,0.0,0.0,0.0,1.0,0.0,0.0,0.0,0.0,0.0,1.0,0.0,0.0,1.0,0.0,0.0,0.0,0.0,1.0,0.0,0.0,0.0,0.0,0.0,1.0,0.0,1.0,0.0,0.0,1.0,1.0,0.84,0.92,1.0,0.92,0.92,0.96,0.84,1.0,0.84,0.88,0.84,0.76,1.0,0.76,0.76,0.76,0.72,0.84,0.72,0.72,0.72,0.6799999999999999,0.76,0.6799999999999999,0.6799999999999999,0.6799999999999999,0.64,0.72,0.64,0.64,0.64,0.6,0.6799999999999999,0.6,0.6,0.6,0.84,0.92,1.0,0.92,0.92,0.96,0.84,1.0,0.84,0.88,0.84,0.76,1.0,0.76,0.76,0.76,0.72,0.84,0.72,0.72,0.72,0.6799999999999999,0.76,0.6799999999999999,0.6799999999999999,0.6799999999999999,0.64,0.72,0.64,0.64,0.64,0.6,0.6799999999999999,0.6,0.6,0.6
683,0.0,0.0,1.0,0.0,0.0,0.0,1.0,0.0,0.0,0.0,1.0,0.0,0.0,0.0,0.0,0.0,0.0,0.0,1.0,0.0,0.0,0.0,0.0,0.0,0.0,0.0,0.0,1.0,0.0,0.0,1.0,0.0,0.0,1.0,0.0,1.0,0.0,0.0,0.0,0.0,1.0,1.0,0.0,0.0,0.0,0.0,1.0,0.0,1.0,0.0,0.0,1.0,0.0,1.0,0.0,0.0,1.0,0.0,0.0,0.0,1.0,0.0,0.0,1.0,0.0,0.0,0.0,0.0,1.0,0.0,0.0,0.0,1.0,0.0,0.0,1.0,0.0,0.0,1.0,0.0,0.0,0.0,0.0,1.0,0.0,0.0,0.0,0.0,1.0,0.0,1.0,1.0,0.0,0.0,0.0,1.0,0.0,0.0,0.0,0.0,0.0,0.0,0.0,0.0,0.8,0.84,0.6799999999999999,1.0,0.88,0.72,0.76,0.64,1.0,0.8,0.6799999999999999,0.72,0.6,0.88,0.76,0.64,0.6799999999999999,0.56,0.84,0.6799999999999999,0.6,0.64,0.52,0.72,0.64,0.56,0.6,0.52,0.6799999999999999,0.6,0.56,0.56,0.48,0.64,0.56,0.52,0.8,0.84,0.6799999999999999,1.0,0.88,0.72,0.76,0.64,1.0,0.8,0.6799999999999999,0.72,0.6,0.88,0.76,0.64,0.6799999999999999,0.56,0.84,0.6799999999999999,0.6,0.64,0.52,0.72,0.64,0.56,0.6,0.52,0.6799999999999999,0.6,0.56,0.56,0.48,0.64,0.56,0.52
684,0.0,1.0,0.0,0.0,0.0,0.0,0.0,0.0,0.0,1.0,0.0,1.0,1.0,1.0,0.0,0.0,0.0,0.0,0.0,0.0,0.0,0.0,0.0,0.0,1.0,0.0,0.0,0.0,0.0,1.0,0.0,0.0,0.0,0.0,0.0,1.0,0.0,1.0,0.0,0.0,1.0,0.0,0.0,0.0,0.0,0.0,0.0,1.0,1.0,0.0,0.0,1.0,0.0,0.0,0.0,0.0,0.0,0.0,1.0,1.0,0.0,0.0,1.0,0.0,0.0,0.0,1.0,0.0,1.0,0.0,1.0,0.0,1.0,0.0,0.0,0.0,0.0,1.0,1.0,0.0,0.0,0.0,0.0,0.0,1.0,1.0,0.0,0.0,1.0,0.0,0.0,0.0,0.0,0.0,0.0,0.0,1.0,0.0,0.0,0.0,0.0,0.0,0.0,0.0,0.56,0.6799999999999999,0.6799999999999999,0.6799999999999999,0.64,0.72,0.6799999999999999,0.6799999999999999,0.6799999999999999,0.6,0.72,0.6799999999999999,0.64,0.6799999999999999,0.56,1.0,0.64,0.6,0.84,0.52,1.0,0.6799999999999999,0.64,0.6799999999999999,0.52,0.6,0.8,0.52,0.64,0.48,0.52,0.52,0.48,0.52,0.48,0.52,0.56,0.6799999999999999,0.6799999999999999,0.6799999999999999,0.64,0.72,0.6799999999999999,0.6799999999999999,0.6799999999999999,0.6,0.72,0.6799999999999999,0.64,0.6799999999999999,0.56,1.0,0.64,0.6,0.84,0.52,1.0,0.6799999999999999,0.64,0.6799999999999999,0.52,0.6,0.8,0.52,0.64,0.48,0.52,0.52,0.48,0.52,0.48,0.52
685,0.0,1.0,0.0,0.0,0.0,0.0,1.0,1.0,0.0,1.0,0.0,0.0,0.0,0.0,0.0,0.0,1.0,0.0,0.0,0.0,0.0,0.0,0.0,0.0,0.0,0.0,0.0,1.0,1.0,0.0,0.0,0.0,0.0,1.0,0.0,1.0,0.0,0.0,0.0,1.0,0.0,0.0,0.0,0.0,1.0,0.0,0.0,0.0,0.0,1.0,1.0,0.0,0.0,0.0,0.0,0.0,1.0,0.0,0.0,0.0,0.0,0.0,0.0,0.0,0.0,1.0,0.0,0.0,0.0,0.0,1.0,0.0,1.0,1.0,1.0,1.0,0.0,0.0,0.0,0.0,0.0,1.0,0.0,0.0,1.0,0.0,0.0,0.0,1.0,0.0,0.0,0.0,0.0,0.0,1.0,0.0,0.0,0.0,0.0,1.0,1.0,0.0,0.0,0.0,1.0,0.72,0.84,0.84,0.84,0.8,0.6799999999999999,0.8,0.76,0.76,0.76,0.64,0.76,0.72,0.72,0.72,0.6,0.72,0.6799999999999999,0.6799999999999999,0.6799999999999999,0.56,0.6799999999999999,0.64,0.64,0.64,0.56,0.64,0.6,0.6,0.6,0.52,0.6,0.56,0.56,0.56,1.0,0.72,0.84,0.84,0.84,0.8,0.6799999999999999,0.8,0.76,0.76,0.76,0.64,0.76,0.72,0.72,0.72,0.6,0.72,0.6799999999999999,0.6799999999999999,0.6799999999999999,0.56,0.6799999999999999,0.64,0.64,0.64,0.56,0.64,0.6,0.6,0.6,0.52,0.6,0.56,0.56,0.56
686,0.0,0.0,1.0,0.0,0.0,0.0,0.0,0.0,0.0,0.0,0.0,0.0,0.0,0.0,0.0,1.0,0.0,1.0,1.0,0.0,1.0,0.0,0.0,1.0,1.0,1.0,0.0,0.0,0.0,0.0,0.0,1.0,0.0,0.0,0.0,0.0,0.0,0.0,0.0,1.0,1.0,0.0,0.0,0.0,0.0,0.0,0.0,0.0,0.0,1.0,1.0,0.0,1.0,0.0,0.0,1.0,0.0,0.0,1.0,0.0,0.0,0.0,0.0,0.0,0.0,0.0,0.0,0.0,0.0,0.0,0.0,0.0,0.0,1.0,0.0,0.0,0.0,0.0,1.0,0.0,0.0,0.0,0.0,0.0,0.0,1.0,0.0,0.0,0.0,1.0,1.0,0.0,0.0,1.0,0.0,0.0,1.0,1.0,1.0,0.0,1.0,0.0,0.0,0.0,0.56,0.48,0.64,0.52,0.72,0.56,0.48,0.64,0.48,0.72,0.52,0.48,0.64,0.48,0.72,0.52,0.43999999999999995,0.6,0.48,1.0,0.48,0.43999999999999995,0.56,0.43999999999999995,0.84,0.48,0.43999999999999995,0.52,0.43999999999999995,0.52,0.48,0.4,0.48,0.43999999999999995,0.52,0.43999999999999995,0.56,0.48,0.64,0.52,0.72,0.56,0.48,0.64,0.48,0.72,0.52,0.48,0.64,0.48,0.72,0.52,0.43999999999999995,0.6,0.48,1.0,0.48,0.43999999999999995,0.56,0.43999999999999995,0.84,0.48,0.43999999999999995,0.52,0.43999999999999995,0.52,0.48,0.4,0.48,0.43999999999999995,0.52,0.43999999999999995
687,0.0,0.0,0.0,0.0,0.0,0.0,0.0,1.0,1.0,0.0,0.0,0.0,1.0,0.0,0.0,1.0,0.0,0.0,0.0,0.0,0.0,0.0,1.0,0.0,1.0,0.0,0.0,0.0,0.0,0.0,0.0,1.0,1.0,0.0,1.0,1.0,0.0,0.0,0.0,0.0,0.0,0.0,0.0,0.0,0.0,0.0,0.0,1.0,0.0,1.0,1.0,0.0,0.0,0.0,1.0,0.0,1.0,1.0,1.0,0.0,0.0,0.0,1.0,0.0,0.0,0.0,1.0,0.0,1.0,0.0,0.0,1.0,0.0,0.0,0.0,0.0,0.0,0.0,1.0,0.0,0.0,1.0,1.0,0.0,0.0,0.0,0.0,0.0,0.0,0.0,0.0,0.0,1.0,0.0,0.0,0.0,0.0,0.0,0.0,0.0,1.0,0.0,0.0,0.0,1.0,0.92,0.84,0.88,0.8,0.84,0.88,0.76,0.8,0.76,0.8,0.8,0.72,0.76,0.72,0.76,0.76,0.6799999999999999,0.72,0.6799999999999999,0.6799999999999999,0.72,0.64,0.6799999999999999,0.64,0.64,0.6799999999999999,0.6,0.64,0.6,0.6,0.64,0.56,0.6,0.56,0.6,1.0,0.92,0.84,0.88,0.8,0.84,0.88,0.76,0.8,0.76,0.8,0.8,0.72,0.76,0.72,0.76,0.76,0.6799999999999999,0.72,0.6799999999999999,0.6799999999999999,0.72,0.64,0.6799999999999999,0.64,0.64,0.6799999999999999,0.6,0.64,0.6,0.6,0.64,0.56,0.6,0.56,0.6
688,0.0,1.0,0.0,0.0,0.0,1.0,0.0,1.0,0.0,0.0,0.0,0.0,0.0,0.0,0.0,1.0,1.0,0.0,0.0,1.0,0.0,0.0,1.0,1.0,1.0,0.0,0.0,1.0,1.0,0.0,0.0,0.0,1.0,0.0,1.0,0.0,0.0,0.0,0.0,0.0,0.0,0.0,0.0,0.0,0.0,0.0,0.0,0.0,0.0,0.0,0.0,0.0,0.0,0.0,0.0,0.0,1.0,0.0,0.0,0.0,1.0,0.0,0.0,0.0,0.0,1.0,1.0,0.0,0.0,1.0,1.0,0.0,0.0,0.0,0.0,0.0,0.0,0.0,0.0,0.0,0.0,0.0,0.0,0.0,0.0,0.0,0.0,1.0,0.0,1.0,1.0,1.0,0.0,1.0,1.0,0.0,0.0,0.0,0.0,0.0,0.0,0.0,1.0,0.0,0.84,0.64,1.0,0.8,0.64,0.64,0.6,1.0,0.76,0.6,0.6,0.56,1.0,0.72,0.56,0.56,0.52,0.84,0.6799999999999999,0.52,0.56,0.52,0.76,0.64,0.52,0.52,0.48,0.72,0.6,0.48,0.52,0.48,0.6799999999999999,0.56,0.48,0.48,0.84,0.64,1.0,0.8,0.64,0.64,0.6,1.0,0.76,0.6,0.6,0.56,1.0,0.72,0.56,0.56,0.52,0.84,0.6799999999999999,0.52,0.56,0.52,0.76,0.64,0.52,0.52,0.48,0.72,0.6,0.48,0.52,0.48,0.6799999999999999,0.56,0.48,0.48
689,0.0,0.0,0.0,1.0,0.0,0.0,0.0,0.0,0.0,0.0,0.0,0.0,1.0,0.0,0.0,0.0,1.0,0.0,0.0,0.0,0.0,0.0,0.0,0.0,0.0,1.0,0.0,0.0,0.0,1.0,0.0,1.0,1.0,0.0,0.0,0.0,1.0,0.0,0.0,1.0,0.0,1.0,0.0,0.0,0.0,1.0,0.0,0.0,1.0,0.0,0.0,1.0,0.0,1.0,0.0,0.0,1.0,0.0,1.0,0.0,0.0,0.0,0.0,0.0,0.0,1.0,1.0,0.0,0.0,0.0,0.0,0.0,0.0,1.0,0.0,0.0,0.0,0.0,1.0,1.0,0.0,0.0,0.0,0.0,0.0,0.0,1.0,1.0,0.0,0.0,1.0,0.0,0.0,0.0,0.0,0.0,0.0,0.0,0.0,1.0,0.0,0.0,1.0,0.0,0.56,0.52,0.52,0.72,0.6799999999999999,0.6799999999999999,0.52,0.52,0.72,0.6799999999999999,0.6799999999999999,0.48,0.48,0.72,0.6799999999999999,0.6799999999999999,0.48,0.48,1.0,0.6799999999999999,0.64,0.48,0.48,1.0,0.64,0.56,0.43999999999999995,0.43999999999999995,0.6799999999999999,0.52,0.48,0.43999999999999995,0.43999999999999995,0.52,0.48,0.48,0.56,0.52,0.52,0.72,0.6799999999999999,0.6799999999999999,0.52,0.52,0.72,0.6799999999999999,0.6799999999999999,0.48,0.48,0.72,0.6799999999999999,0.6799999999999999,0.48,0.48,1.0,0.6799999999999999,0.64,0.48,0.48,1.0,0.64,0.56,0.43999999999999995,0.43999999999999995,0.6799999999999999,0.52,0.48,0.43999999999999995,0.43999999999999995,0.52,0.48,0.48
690,1.0,0.0,0.0,0.0,0.0,0.0,0.0,0.0,1.0,0.0,1.0,0.0,0.0,1.0,0.0,0.0,1.0,0.0,0.0,1.0,0.0,0.0,0.0,0.0,0.0,0.0,0.0,0.0,0.0,0.0,0.0,1.0,0.0,0.0,1.0,0.0,0.0,0.0,1.0,1.0,1.0,0.0,0.0,0.0,0.0,0.0,0.0,1.0,1.0,0.0,0.0,0.0,0.0,1.0,0.0,0.0,0.0,0.0,1.0,0.0,0.0,0.0,0.0,0.0,0.0,0.0,0.0,0.0,0.0,0.0,0.0,0.0,1.0,0.0,0.0,0.0,0.0,0.0,0.0,1.0,1.0,0.0,1.0,0.0,0.0,1.0,0.0,1.0,0.0,1.0,0.0,0.0,0.0,0.0,1.0,0.0,0.0,0.0,0.0,0.0,0.0,1.0,1.0,1.0,0.64,0.52,0.52,0.8,0.8,0.52,0.48,0.48,0.8,0.8,0.52,0.48,0.48,0.76,0.76,0.48,0.48,0.48,1.0,1.0,0.48,0.43999999999999995,0.43999999999999995,0.6,0.6,0.48,0.43999999999999995,0.43999999999999995,0.56,0.56,0.43999999999999995,0.43999999999999995,0.43999999999999995,0.56,0.56,0.43999999999999995,0.64,0.52,0.52,0.8,0.8,0.52,0.48,0.48,0.8,0.8,0.52,0.48,0.48,0.76,0.76,0.48,0.48,0.48,1.0,1.0,0.48,0.43999999999999995,0.43999999999999995,0.6,0.6,0.48,0.43999999999999995,0.43999999999999995,0.56,0.56,0.43999999999999995,0.43999999999999995,0.43999999999999995,0.56,0.56,0.43999999999999995
691,1.0,0.0,1.0,0.0,0.0,0.0,0.0,0.0,0.0,0.0,0.0,0.0,0.0,0.0,0.0,0.0,0.0,1.0,0.0,1.0,0.0,1.0,0.0,0.0,0.0,1.0,1.0,0.0,0.0,1.0,0.0,0.0,1.0,0.0,0.0,0.0,0.0,1.0,0.0,1.0,0.0,1.0,0.0,1.0,0.0,0.0,0.0,0.0,0.0,0.0,0.0,0.0,0.0,1.0,0.0,0.0,1.0,0.0,0.0,0.0,1.0,0.0,0.0,0.0,0.0,0.0,1.0,0.0,1.0,0.0,1.0,0.0,1.0,0.0,0.0,0.0,1.0,0.0,0.0,0.0,0.0,0.0,1.0,0.0,0.0,0.0,0.0,1.0,0.0,0.0,0.0,0.0,1.0,0.0,0.0,0.0,0.0,1.0,0.0,0.0,0.0,0.0,1.0,0.0,0.92,0.72,1.0,0.76,0.76,0.76,0.6799999999999999,0.84,0.6799999999999999,0.6799999999999999,0.72,0.64,0.8,0.64,0.64,0.6799999999999999,0.6,0.76,0.6,0.6,0.64,0.56,0.72,0.6,0.6,0.6,0.52,0.6799999999999999,0.56,0.56,0.56,0.52,0.64,0.52,0.52,0.56,0.92,0.72,1.0,0.76,0.76,0.76,0.6799999999999999,0.84,0.6799999999999999,0.6799999999999999,0.72,0.64,0.8,0.64,0.64,0.6799999999999999,0.6,0.76,0.6,0.6,0.64,0.56,0.72,0.6,0.6,0.6,0.52,0.6799999999999999,0.56,0.56,0.56,0.52,0.64,0.52,0.52,0.56
692,0.0,0.0,1.0,0.0,0.0,0.0,0.0,0.0,0.0,0.0,0.0,0.0,0.0,0.0,1.0,0.0,0.0,1.0,0.0,1.0,0.0,0.0,1.0,1.0,1.0,0.0,0.0,0.0,0.0,1.0,0.0,1.0,0.0,0.0,0.0,0.0,0.0,0.0,0.0,1.0,0.0,1.0,1.0,0.0,0.0,0.0,0.0,0.0,1.0,0.0,0.0,0.0,0.0,1.0,0.0,1.0,0.0,0.0,0.0,1.0,0.0,1.0,0.0,1.0,1.0,0.0,0.0,0.0,0.0,0.0,0.0,0.0,1.0,0.0,0.0,0.0,0.0,1.0,0.0,0.0,0.0,0.0,1.0,0.0,0.0,1.0,1.0,0.0,0.0,0.0,0.0,0.0,0.0,0.0,0.0,0.0,0.0,0.0,1.0,0.0,0.0,1.0,0.0,0.0,0.84,0.92,1.0,0.76,0.84,0.84,0.84,1.0,0.72,0.76,0.76,0.76,0.88,0.6799999999999999,0.72,0.72,0.72,0.76,0.64,0.6799999999999999,0.6799999999999999,0.6799999999999999,0.72,0.6,0.64,0.64,0.64,0.6799999999999999,0.56,0.6,0.6,0.6,0.64,0.52,0.56,0.56,0.84,0.92,1.0,0.76,0.84,0.84,0.84,1.0,0.72,0.76,0.76,0.76,0.88,0.6799999999999999,0.72,0.72,0.72,0.76,0.64,0.6799999999999999,0.6799999999999999,0.6799999999999999,0.72,0.6,0.64,0.64,0.64,0.6799999999999999,0.56,0.6,0.6,0.6,0.64,0.52,0.56,0.56
693,0.0,0.0,0.0,0.0,0.0,0.0,0.0,0.0,0.0,0.0,0.0,0.0,0.0,0.0,0.0,0.0,0.0,0.0,1.0,1.0,1.0,0.0,0.0,1.0,1.0,0.0,0.0,0.0,0.0,0.0,0.0,0.0,0.0,0.0,0.0,1.0,1.0,1.0,1.0,0.0,0.0,0.0,0.0,0.0,1.0,1.0,0.0,0.0,0.0,1.0,0.0,1.0,1.0,1.0,0.0,1.0,0.0,0.0,0.0,0.0,0.0,0.0,0.0,1.0,0.0,0.0,0.0,0.0,0.0,1.0,0.0,0.0,0.0,0.0,0.0,0.0,0.0,0.0,1.0,0.0,0.0,0.0,1.0,1.0,1.0,0.0,0.0,0.0,0.0,0.0,0.0,1.0,1.0,0.0,1.0,0.0,0.0,0.0,0.0,1.0,0.0,0.0,0.0,0.0,0.72,0.64,0.76,0.88,0.88,0.76,0.6,0.76,0.88,0.88,0.6799999999999999,0.56,0.64,0.84,0.88,0.64,0.56,0.6,0.84,1.0,0.6,0.52,0.6,0.72,0.76,0.56,0.52,0.56,0.6,0.64,0.52,0.48,0.52,0.6,0.6,0.52,0.72,0.64,0.76,0.88,0.88,0.76,0.6,0.76,0.88,0.88,0.6799999999999999,0.56,0.64,0.84,0.88,0.64,0.56,0.6,0.84,1.0,0.6,0.52,0.6,0.72,0.76,0.56,0.52,0.56,0.6,0.64,0.52,0.48,0.52,0.6,0.6,0.52
694,0.0,0.0,0.0,0.0,0.0,1.0,0.0,1.0,1.0,0.0,0.0,0.0,1.0,1.0,1.0,0.0,0.0,1.0,0.0,0.0,0.0,1.0,0.0,0.0,0.0,0.0,0.0,0.0,0.0,0.0,1.0,0.0,1.0,0.0,1.0,0.0,0.0,0.0,0.0,0.0,0.0,0.0,0.0,0.0,0.0,0.0,0.0,0.0,0.0,1.0,1.0,0.0,0.0,0.0,0.0,1.0,1.0,0.0,1.0,0.0,0.0,0.0,1.0,1.0,0.0,0.0,0.0,0.0,0.0,0.0,0.0,0.0,0.0,0.0,1.0,0.0,1.0,0.0,0.0,0.0,0.0,1.0,0.0,0.0,0.0,0.0,0.0,1.0,0.0,0.0,1.0,0.0,0.0,0.0,0.0,0.0,1.0,0.0,1.0,0.0,1.0,0.0,0.0,0.0,0.6799999999999999,0.76,0.72,0.6799999999999999,0.6,0.8,0.76,0.64,0.6,0.56,0.8,0.76,0.6,0.56,0.56,1.0,0.76,0.56,0.56,0.52,0.6,0.64,0.52,0.52,0.52,0.6,0.6,0.52,0.52,0.48,0.56,0.56,0.48,0.48,0.48,0.52,0.6799999999999999,0.76,0.72,0.6799999999999999,0.6,0.8,0.76,0.64,0.6,0.56,0.8,0.76,0.6,0.56,0.56,1.0,0.76,0.56,0.56,0.52,0.6,0.64,0.52,0.52,0.52,0.6,0.6,0.52,0.52,0.48,0.56,0.56,0.48,0.48,0.48,0.52
695,1.0,0.0,0.0,1.0,0.0,0.0,1.0,0.0,0.0,0.0,0.0,0.0,1.0,1.0,1.0,1.0,0.0,0.0,0.0,0.0,0.0,1.0,0.0,0.0,0.0,0.0,0.0,0.0,0.0,0.0,0.0,1.0,1.0,1.0,0.0,1.0,0.0,0.0,0.0,0.0,0.0,0.0,0.0,0.0,0.0,0.0,0.0,0.0,0.0,1.0,0.0,0.0,0.0,0.0,0.0,0.0,0.0,0.0,0.0,0.0,1.0,0.0,1.0,1.0,0.0,0.0,0.0,0.0,1.0,1.0,1.0,0.0,1.0,0.0,0.0,0.0,1.0,1.0,0.0,0.0,1.0,0.0,0.0,0.0,0.0,0.0,0.0,0.0,0.0,1.0,0.0,0.0,1.0,0.0,0.0,0.0,0.0,0.0,0.0,0.0,0.0,0.0,0.0,1.0,0.6,0.6799999999999999,0.72,0.6799999999999999,0.56,0.76,0.6799999999999999,0.72,0.64,0.52,0.76,0.6799999999999999,0.72,0.56,0.52,0.92,0.6799999999999999,0.72,0.52,0.48,0.88,0.76,1.0,0.52,0.48,0.88,0.56,0.88,0.48,0.48,0.56,0.52,0.56,0.48,0.43999999999999995,0.52,0.6,0.6799999999999999,0.72,0.6799999999999999,0.56,0.76,0.6799999999999999,0.72,0.64,0.52,0.76,0.6799999999999999,0.72,0.56,0.52,0.92,0.6799999999999999,0.72,0.52,0.48,0.88,0.76,1.0,0.52,0.48,0.88,0.56,0.88,0.48,0.48,0.56,0.52,0.56,0.48,0.43999999999999995,0.52
696,0.0,0.0,0.0,0.0,0.0,0.0,1.0,0.0,0.0,0.0,1.0,0.0,0.0,1.0,0.0,0.0,0.0,0.0,1.0,0.0,0.0,0.0,0.0,1.0,1.0,0.0,0.0,0.0,0.0,1.0,0.0,0.0,0.0,0.0,1.0,1.0,0.0,1.0,0.0,1.0,1.0,0.0,0.0,0.0,0.0,0.0,0.0,1.0,0.0,0.0,0.0,0.0,0.0,0.0,0.0,0.0,0.0,0.0,0.0,1.0,0.0,1.0,0.0,0.0,0.0,0.0,0.0,0.0,0.0,0.0,0.0,1.0,0.0,0.0,0.0,0.0,0.0,0.0,0.0,1.0,1.0,0.0,0.0,0.0,1.0,1.0,0.0,0.0,0.0,0.0,1.0,0.0,0.0,1.0,0.0,1.0,1.0,0.0,1.0,0.0,1.0,0.0,0.0,0.0,0.88,0.64,0.6799999999999999,1.0,0.92,0.72,0.6,0.64,0.84,0.8,0.6799999999999999,0.6,0.6,0.76,0.76,0.64,0.56,0.56,0.72,0.72,0.6,0.52,0.56,0.6799999999999999,0.6799999999999999,0.56,0.52,0.52,0.64,0.64,0.52,0.48,0.52,0.6,0.6,0.52,0.88,0.64,0.6799999999999999,1.0,0.92,0.72,0.6,0.64,0.84,0.8,0.6799999999999999,0.6,0.6,0.76,0.76,0.64,0.56,0.56,0.72,0.72,0.6,0.52,0.56,0.6799999999999999,0.6799999999999999,0.56,0.52,0.52,0.64,0.64,0.52,0.48,0.52,0.6,0.6,0.52
697,0.0,0.0,0.0,1.0,0.0,0.0,1.0,0.0,0.0,0.0,0.0,0.0,1.0,0.0,0.0,1.0,0.0,0.0,0.0,0.0,0.0,1.0,1.0,0.0,1.0,0.0,0.0,0.0,0.0,0.0,0.0,0.0,0.0,0.0,1.0,0.0,0.0,0.0,1.0,0.0,0.0,0.0,0.0,0.0,0.0,0.0,0.0,1.0,1.0,1.0,1.0,0.0,0.0,0.0,0.0,0.0,1.0,0.0,0.0,0.0,1.0,1.0,1.0,1.0,0.0,0.0,0.0,0.0,0.0,0.0,0.0,0.0,0.0,0.0,0.0,0.0,0.0,0.0,0.0,1.0,0.0,0.0,0.0,1.0,1.0,0.0,0.0,0.0,1.0,0.0,0.0,1.0,0.0,0.0,0.0,0.0,1.0,1.0,0.0,0.0,0.0,0.0,0.0,1.0,0.4,0.43999999999999995,0.4,0.43999999999999995,0.43999999999999995,0.43999999999999995,0.43999999999999995,0.4,0.43999999999999995,0.43999999999999995,0.43999999999999995,0.43999999999999995,0.4,0.43999999999999995,0.43999999999999995,0.52,0.43999999999999995,0.36,0.48,0.52,0.52,0.52,0.36,0.4,0.52,0.52,0.88,0.36,0.36,1.0,0.4,0.4,0.36,0.36,0.84,0.36,0.4,0.43999999999999995,0.4,0.43999999999999995,0.43999999999999995,0.43999999999999995,0.43999999999999995,0.4,0.43999999999999995,0.43999999999999995,0.43999999999999995,0.43999999999999995,0.4,0.43999999999999995,0.43999999999999995,0.52,0.43999999999999995,0.36,0.48,0.52,0.52,0.52,0.36,0.4,0.52,0.52,0.88,0.36,0.36,1.0,0.4,0.4,0.36,0.36,0.84,0.36
698,0.0,0.0,0.0,1.0,0.0,0.0,1.0,1.0,1.0,1.0,0.0,0.0,0.0,0.0,1.0,0.0,0.0,0.0,0.0,0.0,0.0,1.0,0.0,0.0,1.0,1.0,0.0,0.0,0.0,0.0,0.0,0.0,0.0,0.0,0.0,0.0,1.0,1.0,0.0,1.0,0.0,0.0,0.0,0.0,0.0,0.0,0.0,0.0,0.0,0.0,0.0,1.0,1.0,0.0,0.0,0.0,1.0,0.0,0.0,0.0,0.0,0.0,0.0,1.0,0.0,1.0,0.0,0.0,1.0,0.0,0.0,0.0,1.0,0.0,0.0,1.0,0.0,0.0,0.0,0.0,0.0,1.0,1.0,0.0,1.0,0.0,0.0,0.0,0.0,0.0,0.0,0.0,0.0,0.0,0.0,0.0,1.0,0.0,0.0,1.0,1.0,0.0,0.0,0.0,0.84,0.96,1.0,0.72,0.76,0.92,0.96,1.0,0.6799999999999999,0.72,0.8,0.92,1.0,0.64,0.6799999999999999,0.84,0.84,0.84,0.6,0.64,0.72,0.76,0.76,0.56,0.6,0.6799999999999999,0.72,0.72,0.56,0.56,0.64,0.6799999999999999,0.6799999999999999,0.52,0.52,0.6,0.84,0.96,1.0,0.72,0.76,0.92,0.96,1.0,0.6799999999999999,0.72,0.8,0.92,1.0,0.64,0.6799999999999999,0.84,0.84,0.84,0.6,0.64,0.72,0.76,0.76,0.56,0.6,0.6799999999999999,0.72,0.72,0.56,0.56,0.64,0.6799999999999999,0.6799999999999999,0.52,0.52,0.6
699,1.0,1.0,0.0,0.0,0.0,0.0,0.0,0.0,0.0,1.0,0.0,0.0,0.0,1.0,1.0,1.0,0.0,0.0,1.0,0.0,0.0,0.0,0.0,0.0,0.0,0.0,0.0,1.0,0.0,0.0,1.0,0.0,0.0,0.0,0.0,0.0,0.0,1.0,0.0,0.0,0.0,0.0,1.0,0.0,1.0,0.0,0.0,0.0,1.0,0.0,0.0,0.0,0.0,0.0,0.0,1.0,1.0,1.0,0.0,0.0,0.0,0.0,0.0,0.0,0.0,0.0,0.0,0.0,0.0,0.0,0.0,0.0,1.0,0.0,1.0,1.0,0.0,1.0,0.0,0.0,0.0,0.0,0.0,0.0,0.0,1.0,1.0,0.0,0.0,0.0,0.0,1.0,0.0,0.0,0.0,1.0,0.0,0.0,0.0,0.0,0.0,0.0,1.0,1.0,0.92,0.76,1.0,0.76,0.88,0.8,0.72,0.84,0.72,0.8,0.76,0.6799999999999999,0.8,0.6799999999999999,0.76,0.6799999999999999,0.64,0.76,0.64,0.72,0.64,0.6,0.72,0.6,0.6799999999999999,0.6,0.56,0.6799999999999999,0.56,0.64,0.6,0.56,0.64,0.52,0.6,0.56,0.92,0.76,1.0,0.76,0.88,0.8,0.72,0.84,0.72,0.8,0.76,0.6799999999999999,0.8,0.6799999999999999,0.76,0.6799999999999999,0.64,0.76,0.64,0.72,0.64,0.6,0.72,0.6,0.6799999999999999,0.6,0.56,0.6799999999999999,0.56,0.64,0.6,0.56,0.64,0.52,0.6,0.56
700,1.0,0.0,0.0,1.0,1.0,1.0,0.0,1.0,0.0,1.0,0.0,0.0,1.0,0.0,1.0,0.0,0.0,1.0,0.0,1.0,0.0,0.0,0.0,0.0,0.0,1.0,0.0,0.0,0.0,0.0,0.0,0.0,1.0,0.0,0.0,0.0,0.0,0.0,0.0,0.0,0.0,0.0,0.0,0.0,0.0,0.0,0.0,0.0,1.0,0.0,0.0,0.0,0.0,0.0,0.0,0.0,0.0,0.0,1.0,0.0,1.0,0.0,0.0,0.0,0.0,0.0,0.0,0.0,0.0,0.0,0.0,0.0,0.0,0.0,1.0,1.0,0.0,0.0,0.0,1.0,1.0,1.0,0.0,1.0,0.0,0.0,0.0,0.0,1.0,0.0,1.0,0.0,0.0,1.0,0.0,0.0,0.0,0.0,0.0,0.0,0.0,0.0,1.0,1.0,0.6,0.72,0.6799999999999999,0.6799999999999999,0.56,0.72,0.72,0.6799999999999999,0.6799999999999999,0.52,0.6799999999999999,0.72,0.56,0.64,0.52,0.84,0.72,0.52,0.6,0.48,0.6799999999999999,1.0,0.52,0.52,0.48,0.52,0.72,0.48,0.52,0.48,0.52,0.52,0.48,0.48,0.43999999999999995,0.48,0.6,0.72,0.6799999999999999,0.6799999999999999,0.56,0.72,0.72,0.6799999999999999,0.6799999999999999,0.52,0.6799999999999999,0.72,0.56,0.64,0.52,0.84,0.72,0.52,0.6,0.48,0.6799999999999999,1.0,0.52,0.52,0.48,0.52,0.72,0.48,0.52,0.48,0.52,0.52,0.48,0.48,0.43999999999999995,0.48
701,1.0,0.0,0.0,0.0,0.0,0.0,1.0,0.0,0.0,0.0,0.0,0.0,1.0,0.0,0.0,0.0,0.0,0.0,0.0,0.0,0.0,0.0,1.0,1.0,0.0,0.0,0.0,0.0,1.0,1.0,1.0,0.0,0.0,0.0,1.0,0.0,0.0,0.0,0.0,0.0,0.0,0.0,0.0,0.0,1.0,1.0,0.0,0.0,1.0,0.0,1.0,0.0,0.0,0.0,0.0,1.0,1.0,0.0,0.0,0.0,0.0,1.0,1.0,0.0,0.0,1.0,0.0,0.0,0.0,0.0,0.0,1.0,1.0,1.0,0.0,0.0,0.0,0.0,0.0,0.0,0.0,0.0,0.0,1.0,1.0,0.0,0.0,1.0,0.0,0.0,1.0,0.0,1.0,0.0,0.0,0.0,0.0,0.0,0.0,0.0,0.0,0.0,0.0,0.0,0.88,0.92,0.8,1.0,0.76,0.92,0.8,0.76,0.96,0.72,0.8,0.76,0.72,0.8,0.6799999999999999,0.76,0.72,0.6799999999999999,0.76,0.64,0.72,0.6799999999999999,0.64,0.72,0.6,0.6799999999999999,0.64,0.6,0.6799999999999999,0.56,0.64,0.6,0.56,0.64,0.56,0.6,0.88,0.92,0.8,1.0,0.76,0.92,0.8,0.76,0.96,0.72,0.8,0.76,0.72,0.8,0.6799999999999999,0.76,0.72,0.6799999999999999,0.76,0.64,0.72,0.6799999999999999,0.64,0.72,0.6,0.6799999999999999,0.64,0.6,0.6799999999999999,0.56,0.64,0.6,0.56,0.64,0.56,0.6
702,0.0,0.0,0.0,0.0,0.0,0.0,0.0,0.0,0.0,0.0,0.0,0.0,0.0,1.0,1.0,0.0,1.0,0.0,0.0,1.0,1.0,0.0,0.0,0.0,0.0,1.0,1.0,1.0,0.0,1.0,0.0,0.0,0.0,0.0,0.0,0.0,0.0,0.0,0.0,1.0,1.0,0.0,0.0,0.0,0.0,0.0,1.0,0.0,1.0,0.0,0.0,0.0,0.0,0.0,1.0,1.0,0.0,0.0,1.0,0.0,0.0,0.0,0.0,0.0,1.0,0.0,0.0,1.0,0.0,0.0,0.0,0.0,0.0,1.0,0.0,0.0,1.0,0.0,0.0,0.0,0.0,0.0,0.0,0.0,0.0,1.0,0.0,0.0,0.0,1.0,1.0,0.0,0.0,0.0,0.0,1.0,1.0,0.0,0.0,0.0,0.0,0.0,1.0,0.0,0.64,0.6,0.8,0.76,0.76,0.8,0.56,0.8,0.72,0.76,0.76,0.52,0.8,0.6799999999999999,0.72,1.0,0.52,0.8,0.6,0.6799999999999999,0.76,0.48,0.96,0.56,0.64,0.6,0.48,0.6,0.52,0.56,0.56,0.48,0.56,0.52,0.52,0.52,0.64,0.6,0.8,0.76,0.76,0.8,0.56,0.8,0.72,0.76,0.76,0.52,0.8,0.6799999999999999,0.72,1.0,0.52,0.8,0.6,0.6799999999999999,0.76,0.48,0.96,0.56,0.64,0.6,0.48,0.6,0.52,0.56,0.56,0.48,0.56,0.52,0.52,0.52
703,1.0,0.0,0.0,0.0,1.0,0.0,0.0,0.0,0.0,1.0,1.0,0.0,0.0,0.0,0.0,1.0,0.0,0.0,0.0,0.0,0.0,0.0,0.0,0.0,1.0,0.0,0.0,0.0,0.0,1.0,0.0,1.0,1.0,1.0,0.0,0.0,0.0,0.0,1.0,0.0,0.0,0.0,0.0,0.0,0.0,0.0,0.0,1.0,0.0,1.0,0.0,0.0,0.0,0.0,1.0,0.0,0.0,0.0,0.0,0.0,1.0,0.0,0.0,0.0,0.0,0.0,0.0,0.0,0.0,1.0,1.0,1.0,0.0,1.0,1.0,0.0,0.0,0.0,0.0,0.0,1.0,0.0,1.0,0.0,0.0,0.0,1.0,0.0,1.0,0.0,0.0,0.0,0.0,0.0,0.0,1.0,0.0,0.0,0.0,0.0,0.0,0.0,1.0,0.0,0.84,0.72,0.84,1.0,0.6799999999999999,0.76,0.6799999999999999,0.76,0.88,0.64,0.6799999999999999,0.64,0.72,0.8,0.6,0.64,0.6,0.6799999999999999,0.76,0.56,0.6,0.56,0.64,0.6799999999999999,0.56,0.6,0.56,0.6,0.64,0.52,0.56,0.52,0.56,0.6,0.52,0.52,0.84,0.72,0.84,1.0,0.6799999999999999,0.76,0.6799999999999999,0.76,0.88,0.64,0.6799999999999999,0.64,0.72,0.8,0.6,0.64,0.6,0.6799999999999999,0.76,0.56,0.6,0.56,0.64,0.6799999999999999,0.56,0.6,0.56,0.6,0.64,0.52,0.56,0.52,0.56,0.6,0.52,0.52
704,0.0,0.0,0.0,0.0,0.0,0.0,0.0,0.0,0.0,1.0,0.0,0.0,0.0,0.0,0.0,0.0,1.0,0.0,0.0,0.0,0.0,0.0,1.0,1.0,0.0,0.0,0.0,0.0,0.0,0.0,0.0,0.0,0.0,1.0,1.0,0.0,1.0,0.0,1.0,0.0,0.0,0.0,1.0,0.0,0.0,1.0,1.0,1.0,0.0,0.0,1.0,0.0,1.0,1.0,1.0,0.0,0.0,0.0,0.0,0.0,0.0,0.0,0.0,0.0,0.0,0.0,0.0,1.0,0.0,1.0,1.0,1.0,1.0,1.0,0.0,0.0,1.0,0.0,0.0,0.0,0.0,1.0,1.0,0.0,1.0,0.0,0.0,0.0,0.0,0.0,0.0,0.0,0.0,0.0,0.0,0.0,0.0,0.0,0.0,0.0,0.0,0.0,0.0,0.0,0.84,0.64,1.0,0.76,0.6799999999999999,0.6799999999999999,0.6,1.0,0.72,0.64,0.64,0.56,0.92,0.6799999999999999,0.6,0.6,0.52,0.92,0.64,0.56,0.56,0.52,0.84,0.6,0.56,0.56,0.48,0.72,0.56,0.52,0.52,0.48,0.6799999999999999,0.56,0.52,0.52,0.84,0.64,1.0,0.76,0.6799999999999999,0.6799999999999999,0.6,1.0,0.72,0.64,0.64,0.56,0.92,0.6799999999999999,0.6,0.6,0.52,0.92,0.64,0.56,0.56,0.52,0.84,0.6,0.56,0.56,0.48,0.72,0.56,0.52,0.52,0.48,0.6799999999999999,0.56,0.52,0.52
705,0.0,0.0,1.0,0.0,0.0,1.0,1.0,0.0,0.0,0.0,0.0,1.0,0.0,1.0,0.0,1.0,0.0,0.0,0.0,0.0,0.0,0.0,0.0,0.0,0.0,0.0,0.0,0.0,0.0,0.0,0.0,0.0,0.0,0.0,0.0,0.0,1.0,1.0,1.0,0.0,1.0,1.0,1.0,0.0,0.0,1.0,0.0,0.0,0.0,0.0,0.0,0.0,0.0,1.0,0.0,1.0,0.0,0.0,0.0,1.0,1.0,0.0,1.0,0.0,1.0,0.0,0.0,0.0,0.0,0.0,1.0,0.0,1.0,0.0,0.0,1.0,0.0,0.0,0.0,0.0,0.0,0.0,0.0,0.0,0.0,0.0,1.0,0.0,0.0,0.0,0.0,1.0,0.0,0.0,0.0,0.0,0.0,0.0,0.0,1.0,0.0,0.0,0.0,1.0,0.6,0.72,0.56,0.56,0.6799999999999999,0.72,0.72,0.52,0.52,0.64,0.72,0.72,0.52,0.52,0.56,0.88,0.72,0.48,0.48,0.52,0.88,1.0,0.48,0.48,0.52,0.6,0.56,0.48,0.48,0.48,0.52,0.52,0.43999999999999995,0.43999999999999995,0.48,0.52,0.6,0.72,0.56,0.56,0.6799999999999999,0.72,0.72,0.52,0.52,0.64,0.72,0.72,0.52,0.52,0.56,0.88,0.72,0.48,0.48,0.52,0.88,1.0,0.48,0.48,0.52,0.6,0.56,0.48,0.48,0.48,0.52,0.52,0.43999999999999995,0.43999999999999995,0.48,0.52
706,1.0,1.0,0.0,0.0,0.0,0.0,1.0,1.0,1.0,0.0,0.0,0.0,0.0,0.0,1.0,0.0,0.0,0.0,0.0,1.0,0.0,0.0,0.0,1.0,0.0,0.0,0.0,0.0,0.0,0.0,0.0,0.0,1.0,0.0,0.0,1.0,0.0,0.0,0.0,0.0,0.0,0.0,1.0,1.0,0.0,0.0,0.0,0.0,0.0,0.0,0.0,1.0,0.0,0.0,0.0,0.0,0.0,0.0,0.0,0.0,0.0,0.0,1.0,0.0,0.0,1.0,0.0,0.0,1.0,1.0,0.0,0.0,0.0,0.0,1.0,0.0,0.0,1.0,1.0,0.0,0.0,1.0,1.0,0.0,0.0,0.0,0.0,0.0,0.0,0.0,0.0,0.0,1.0,0.0,0.0,0.0,0.0,1.0,0.0,0.0,1.0,0.0,1.0,0.0,0.92,0.84,1.0,0.72,0.92,0.76,0.76,0.88,0.6799999999999999,0.84,0.72,0.72,0.8,0.64,0.76,0.6799999999999999,0.6799999999999999,0.76,0.6,0.72,0.64,0.64,0.72,0.56,0.6799999999999999,0.6,0.6,0.6799999999999999,0.56,0.64,0.56,0.56,0.64,0.52,0.6,0.56,0.92,0.84,1.0,0.72,0.92,0.76,0.76,0.88,0.6799999999999999,0.84,0.72,0.72,0.8,0.64,0.76,0.6799999999999999,0.6799999999999999,0.76,0.6,0.72,0.64,0.64,0.72,0.56,0.6799999999999999,0.6,0.6,0.6799999999999999,0.56,0.64,0.56,0.56,0.64,0.52,0.6,0.56
707,0.0,1.0,0.0,0.0,1.0,0.0,1.0,0.0,0.0,0.0,1.0,1.0,0.0,0.0,0.0,0.0,0.0,0.0,1.0,0.0,0.0,0.0,0.0,0.0,0.0,0.0,1.0,1.0,0.0,0.0,0.0,0.0,0.0,0.0,0.0,0.0,0.0,0.0,0.0,0.0,0.0,1.0,0.0,0.0,0.0,1.0,1.0,1.0,0.0,0.0,1.0,0.0,0.0,0.0,0.0,0.0,0.0,0.0,0.0,0.0,0.0,0.0,0.0,0.0,0.0,0.0,1.0,0.0,1.0,0.0,0.0,0.0,0.0,1.0,1.0,1.0,0.0,0.0,0.0,0.0,0.0,0.0,0.0,0.0,1.0,0.0,0.0,0.0,1.0,1.0,1.0,0.0,1.0,0.0,1.0,0.0,0.0,0.0,0.0,0.0,1.0,1.0,0.0,0.0,0.56,0.6,0.64,0.64,0.72,0.64,0.56,0.6,0.6,0.72,0.64,0.52,0.56,0.52,0.72,0.6,0.48,0.52,0.52,1.0,0.52,0.48,0.48,0.48,0.76,0.52,0.48,0.48,0.48,0.52,0.48,0.43999999999999995,0.48,0.48,0.52,0.48,0.56,0.6,0.64,0.64,0.72,0.64,0.56,0.6,0.6,0.72,0.64,0.52,0.56,0.52,0.72,0.6,0.48,0.52,0.52,1.0,0.52,0.48,0.48,0.48,0.76,0.52,0.48,0.48,0.48,0.52,0.48,0.43999999999999995,0.48,0.48,0.52,0.48
708,0.0,0.0,1.0,0.0,0.0,0.0,0.0,0.0,0.0,1.0,0.0,0.0,0.0,1.0,0.0,1.0,0.0,0.0,1.0,0.0,0.0,0.0,0.0,1.0,1.0,0.0,0.0,0.0,0.0,1.0,0.0,0.0,0.0,0.0,1.0,1.0,1.0,0.0,0.0,0.0,0.0,0.0,0.0,1.0,0.0,0.0,0.0,0.0,0.0,1.0,0.0,0.0,0.0,0.0,0.0,1.0,0.0,0.0,1.0,0.0,0.0,0.0,0.0,0.0,0.0,0.0,0.0,0.0,1.0,1.0,0.0,1.0,1.0,1.0,1.0,0.0,0.0,0.0,1.0,1.0,0.0,0.0,0.0,1.0,0.0,1.0,0.0,0.0,0.0,0.0,0.0,0.0,0.0,0.0,0.0,0.0,0.0,0.0,0.0,0.0,0.0,0.0,0.0,1.0,0.88,0.6,1.0,0.84,0.6,0.6,0.56,0.92,0.8,0.56,0.56,0.56,0.8,0.76,0.56,0.56,0.52,0.76,0.6799999999999999,0.52,0.52,0.52,0.72,0.64,0.52,0.52,0.48,0.6799999999999999,0.6,0.48,0.48,0.48,0.64,0.6,0.48,0.48,0.88,0.6,1.0,0.84,0.6,0.6,0.56,0.92,0.8,0.56,0.56,0.56,0.8,0.76,0.56,0.56,0.52,0.76,0.6799999999999999,0.52,0.52,0.52,0.72,0.64,0.52,0.52,0.48,0.6799999999999999,0.6,0.48,0.48,0.48,0.64,0.6,0.48,0.48
709,0.0,0.0,0.0,1.0,1.0,0.0,0.0,0.0,1.0,0.0,1.0,0.0,1.0,0.0,0.0,0.0,1.0,0.0,0.0,1.0,0.0,1.0,0.0,0.0,0.0,0.0,0.0,0.0,0.0,0.0,1.0,0.0,1.0,0.0,0.0,0.0,1.0,0.0,1.0,0.0,0.0,0.0,0.0,0.0,0.0,0.0,0.0,0.0,1.0,0.0,0.0,0.0,1.0,0.0,0.0,0.0,0.0,0.0,0.0,1.0,0.0,0.0,0.0,0.0,0.0,1.0,1.0,1.0,0.0,0.0,1.0,0.0,0.0,0.0,0.0,1.0,1.0,0.0,1.0,0.0,1.0,0.0,0.0,1.0,0.0,0.0,0.0,0.0,0.0,1.0,0.0,0.0,0.0,0.0,0.0,0.0,0.0,0.0,0.0,1.0,0.0,0.0,0.0,0.0,0.72,0.84,0.84,0.88,0.6,0.64,0.84,0.84,0.88,0.56,0.6,0.76,0.84,0.84,0.56,0.56,0.6799999999999999,0.84,1.0,0.52,0.56,0.64,0.76,0.76,0.52,0.52,0.6,0.64,0.64,0.48,0.52,0.56,0.6,0.6,0.48,0.48,0.72,0.84,0.84,0.88,0.6,0.64,0.84,0.84,0.88,0.56,0.6,0.76,0.84,0.84,0.56,0.56,0.6799999999999999,0.84,1.0,0.52,0.56,0.64,0.76,0.76,0.52,0.52,0.6,0.64,0.64,0.48,0.52,0.56,0.6,0.6,0.48,0.48
710,0.0,0.0,0.0,0.0,0.0,0.0,0.0,0.0,1.0,1.0,0.0,1.0,1.0,0.0,1.0,0.0,0.0,0.0,1.0,0.0,1.0,0.0,0.0,0.0,0.0,0.0,0.0,0.0,1.0,0.0,1.0,0.0,0.0,0.0,1.0,0.0,0.0,0.0,0.0,0.0,0.0,0.0,0.0,0.0,0.0,0.0,0.0,0.0,1.0,1.0,0.0,1.0,0.0,1.0,0.0,0.0,0.0,0.0,1.0,1.0,0.0,0.0,0.0,0.0,0.0,0.0,0.0,0.0,0.0,0.0,0.0,1.0,0.0,0.0,1.0,0.0,0.0,0.0,0.0,1.0,0.0,0.0,0.0,1.0,0.0,0.0,0.0,1.0,0.0,0.0,1.0,1.0,0.0,0.0,0.0,0.0,1.0,0.0,1.0,0.0,0.0,0.0,1.0,0.0,0.84,0.92,0.76,0.96,1.0,0.96,0.92,0.72,0.96,1.0,0.96,0.88,0.6799999999999999,0.8,0.88,0.88,0.76,0.64,0.76,0.76,0.76,0.72,0.6,0.6799999999999999,0.72,0.6799999999999999,0.6799999999999999,0.56,0.64,0.6799999999999999,0.64,0.64,0.56,0.6,0.64,0.6,0.84,0.92,0.76,0.96,1.0,0.96,0.92,0.72,0.96,1.0,0.96,0.88,0.6799999999999999,0.8,0.88,0.88,0.76,0.64,0.76,0.76,0.76,0.72,0.6,0.6799999999999999,0.72,0.6799999999999999,0.6799999999999999,0.56,0.64,0.6799999999999999,0.64,0.64,0.56,0.6,0.64,0.6
711,0.0,0.0,0.0,0.0,1.0,0.0,0.0,0.0,0.0,1.0,0.0,1.0,1.0,0.0,1.0,0.0,0.0,0.0,1.0,0.0,0.0,1.0,1.0,0.0,0.0,0.0,0.0,1.0,0.0,0.0,0.0,0.0,0.0,0.0,1.0,0.0,0.0,0.0,0.0,0.0,0.0,1.0,0.0,0.0,0.0,1.0,1.0,0.0,0.0,0.0,0.0,0.0,1.0,0.0,0.0,0.0,0.0,1.0,0.0,1.0,0.0,0.0,0.0,0.0,0.0,0.0,0.0,0.0,1.0,1.0,0.0,1.0,0.0,0.0,0.0,0.0,0.0,0.0,0.0,0.0,0.0,0.0,0.0,1.0,1.0,0.0,0.0,1.0,1.0,0.0,0.0,0.0,1.0,0.0,0.0,0.0,0.0,0.0,0.0,0.0,0.0,0.0,1.0,1.0,1.0,0.92,0.96,0.96,0.88,0.92,0.84,0.88,0.84,0.8,0.88,0.8,0.8,0.8,0.76,0.8,0.76,0.76,0.76,0.72,0.76,0.72,0.72,0.72,0.6799999999999999,0.72,0.6799999999999999,0.6799999999999999,0.6799999999999999,0.64,0.6799999999999999,0.64,0.64,0.64,0.6,0.64,1.0,0.92,0.96,0.96,0.88,0.92,0.84,0.88,0.84,0.8,0.88,0.8,0.8,0.8,0.76,0.8,0.76,0.76,0.76,0.72,0.76,0.72,0.72,0.72,0.6799999999999999,0.72,0.6799999999999999,0.6799999999999999,0.6799999999999999,0.64,0.6799999999999999,0.64,0.64,0.64,0.6,0.64
712,1.0,0.0,0.0,0.0,1.0,0.0,0.0,1.0,0.0,1.0,1.0,1.0,0.0,0.0,0.0,0.0,1.0,0.0,0.0,1.0,0.0,0.0,0.0,0.0,0.0,0.0,0.0,1.0,0.0,0.0,0.0,0.0,1.0,0.0,0.0,0.0,0.0,0.0,1.0,0.0,0.0,1.0,0.0,0.0,0.0,0.0,0.0,0.0,0.0,0.0,1.0,0.0,0.0,0.0,0.0,0.0,0.0,0.0,1.0,0.0,0.0,0.0,0.0,0.0,1.0,0.0,0.0,0.0,0.0,0.0,0.0,0.0,0.0,0.0,0.0,0.0,1.0,1.0,1.0,0.0,0.0,1.0,1.0,0.0,0.0,1.0,0.0,0.0,0.0,1.0,0.0,1.0,0.0,0.0,1.0,0.0,1.0,0.0,1.0,0.0,0.0,0.0,0.0,0.0,0.56,0.6799999999999999,0.52,0.6799999999999999,0.6,0.72,0.6799999999999999,0.52,0.6799999999999999,0.56,0.72,0.6799999999999999,0.48,0.6799999999999999,0.52,1.0,0.6799999999999999,0.48,0.96,0.52,1.0,0.8,0.48,0.76,0.48,0.84,0.52,0.43999999999999995,0.52,0.48,0.52,0.52,0.43999999999999995,0.52,0.48,0.52,0.56,0.6799999999999999,0.52,0.6799999999999999,0.6,0.72,0.6799999999999999,0.52,0.6799999999999999,0.56,0.72,0.6799999999999999,0.48,0.6799999999999999,0.52,1.0,0.6799999999999999,0.48,0.96,0.52,1.0,0.8,0.48,0.76,0.48,0.84,0.52,0.43999999999999995,0.52,0.48,0.52,0.52,0.43999999999999995,0.52,0.48,0.52
713,1.0,0.0,1.0,1.0,1.0,1.0,0.0,0.0,0.0,1.0,0.0,0.0,0.0,0.0,0.0,0.0,0.0,0.0,0.0,0.0,0.0,0.0,0.0,0.0,0.0,0.0,0.0,0.0,1.0,0.0,0.0,1.0,0.0,0.0,0.0,0.0,0.0,0.0,1.0,0.0,0.0,0.0,0.0,0.0,0.0,1.0,0.0,1.0,1.0,1.0,0.0,0.0,0.0,1.0,0.0,0.0,0.0,0.0,0.0,0.0,0.0,0.0,0.0,1.0,0.0,0.0,1.0,1.0,0.0,0.0,0.0,1.0,1.0,0.0,0.0,0.0,0.0,0.0,0.0,0.0,0.0,0.0,0.0,0.0,1.0,0.0,0.0,0.0,1.0,1.0,0.0,1.0,1.0,0.0,0.0,1.0,0.0,0.0,0.0,0.0,0.0,0.0,1.0,0.0,0.84,0.96,0.64,0.8,1.0,0.72,0.92,0.6,0.72,0.92,0.6799999999999999,0.88,0.6,0.6799999999999999,0.84,0.64,0.8,0.56,0.64,0.76,0.6,0.72,0.52,0.6,0.72,0.56,0.6799999999999999,0.52,0.56,0.6799999999999999,0.56,0.64,0.48,0.56,0.64,0.52,0.84,0.96,0.64,0.8,1.0,0.72,0.92,0.6,0.72,0.92,0.6799999999999999,0.88,0.6,0.6799999999999999,0.84,0.64,0.8,0.56,0.64,0.76,0.6,0.72,0.52,0.6,0.72,0.56,0.6799999999999999,0.52,0.56,0.6799999999999999,0.56,0.64,0.48,0.56,0.64,0.52
714,0.0,0.0,1.0,0.0,0.0,0.0,1.0,0.0,1.0,0.0,0.0,0.0,0.0,0.0,0.0,1.0,0.0,0.0,1.0,0.0,0.0,0.0,0.0,0.0,0.0,1.0,1.0,0.0,0.0,0.0,0.0,0.0,0.0,0.0,1.0,0.0,1.0,0.0,0.0,0.0,0.0,0.0,1.0,0.0,0.0,1.0,0.0,1.0,1.0,0.0,0.0,0.0,0.0,0.0,0.0,1.0,1.0,0.0,0.0,0.0,0.0,0.0,0.0,0.0,1.0,1.0,1.0,0.0,0.0,0.0,0.0,0.0,1.0,1.0,0.0,1.0,0.0,0.0,0.0,1.0,0.0,0.0,0.0,0.0,1.0,0.0,0.0,0.0,0.0,0.0,0.0,0.0,1.0,0.0,0.0,0.0,0.0,0.0,0.0,0.0,0.0,1.0,1.0,0.0,0.92,0.72,1.0,0.72,0.88,0.8,0.6799999999999999,0.84,0.6799999999999999,0.8,0.76,0.64,0.8,0.64,0.76,0.72,0.6,0.76,0.6,0.72,0.6799999999999999,0.56,0.72,0.56,0.6799999999999999,0.64,0.56,0.6799999999999999,0.56,0.64,0.6,0.52,0.64,0.52,0.6,0.56,0.92,0.72,1.0,0.72,0.88,0.8,0.6799999999999999,0.84,0.6799999999999999,0.8,0.76,0.64,0.8,0.64,0.76,0.72,0.6,0.76,0.6,0.72,0.6799999999999999,0.56,0.72,0.56,0.6799999999999999,0.64,0.56,0.6799999999999999,0.56,0.64,0.6,0.52,0.64,0.52,0.6,0.56
715,1.0,0.0,1.0,0.0,0.0,1.0,0.0,1.0,0.0,0.0,0.0,1.0,0.0,1.0,1.0,1.0,0.0,0.0,0.0,0.0,0.0,0.0,0.0,0.0,1.0,0.0,0.0,0.0,0.0,0.0,0.0,0.0,0.0,0.0,0.0,1.0,0.0,1.0,0.0,0.0,0.0,0.0,0.0,0.0,0.0,1.0,0.0,0.0,0.0,1.0,0.0,0.0,0.0,1.0,0.0,0.0,0.0,0.0,1.0,0.0,0.0,0.0,1.0,0.0,0.0,0.0,0.0,0.0,1.0,0.0,1.0,0.0,0.0,1.0,0.0,1.0,0.0,0.0,1.0,0.0,1.0,1.0,0.0,0.0,0.0,0.0,1.0,0.0,0.0,0.0,0.0,0.0,0.0,0.0,1.0,0.0,0.0,0.0,0.0,0.0,0.0,0.0,0.0,1.0,0.92,0.92,1.0,0.8,0.6799999999999999,0.8,0.88,0.88,0.76,0.64,0.76,0.8,0.8,0.6799999999999999,0.6,0.72,0.76,0.76,0.64,0.6,0.6799999999999999,0.72,0.72,0.6,0.56,0.64,0.6799999999999999,0.6799999999999999,0.6,0.52,0.6,0.64,0.64,0.56,0.52,0.56,0.92,0.92,1.0,0.8,0.6799999999999999,0.8,0.88,0.88,0.76,0.64,0.76,0.8,0.8,0.6799999999999999,0.6,0.72,0.76,0.76,0.64,0.6,0.6799999999999999,0.72,0.72,0.6,0.56,0.64,0.6799999999999999,0.6799999999999999,0.6,0.52,0.6,0.64,0.64,0.56,0.52,0.56
716,0.0,0.0,0.0,0.0,1.0,0.0,1.0,0.0,0.0,0.0,0.0,0.0,0.0,0.0,0.0,0.0,0.0,1.0,0.0,1.0,0.0,0.0,0.0,1.0,0.0,1.0,1.0,0.0,0.0,1.0,1.0,0.0,0.0,1.0,1.0,0.0,0.0,0.0,1.0,0.0,0.0,1.0,0.0,0.0,0.0,0.0,0.0,0.0,0.0,0.0,0.0,0.0,0.0,0.0,0.0,1.0,0.0,1.0,0.0,0.0,1.0,0.0,0.0,0.0,0.0,0.0,1.0,0.0,1.0,0.0,1.0,0.0,0.0,0.0,1.0,0.0,0.0,0.0,0.0,0.0,0.0,0.0,0.0,0.0,1.0,0.0,0.0,0.0,0.0,1.0,0.0,1.0,0.0,0.0,1.0,0.0,0.0,0.0,0.0,1.0,1.0,0.0,0.0,0.0,0.84,0.6799999999999999,0.96,1.0,0.72,0.72,0.64,0.96,1.0,0.6799999999999999,0.6799999999999999,0.6,0.88,0.84,0.64,0.64,0.56,0.76,0.76,0.6,0.6,0.52,0.72,0.72,0.56,0.56,0.52,0.6799999999999999,0.6799999999999999,0.52,0.56,0.48,0.64,0.64,0.52,0.52,0.84,0.6799999999999999,0.96,1.0,0.72,0.72,0.64,0.96,1.0,0.6799999999999999,0.6799999999999999,0.6,0.88,0.84,0.64,0.64,0.56,0.76,0.76,0.6,0.6,0.52,0.72,0.72,0.56,0.56,0.52,0.6799999999999999,0.6799999999999999,0.52,0.56,0.48,0.64,0.64,0.52,0.52
717,0.0,0.0,0.0,0.0,1.0,0.0,1.0,0.0,1.0,0.0,0.0,0.0,0.0,0.0,0.0,0.0,0.0,0.0,0.0,0.0,0.0,1.0,0.0,1.0,0.0,0.0,0.0,0.0,0.0,0.0,0.0,1.0,1.0,1.0,0.0,1.0,0.0,0.0,0.0,1.0,1.0,0.0,1.0,0.0,0.0,0.0,0.0,0.0,0.0,0.0,1.0,0.0,0.0,1.0,1.0,0.0,0.0,0.0,0.0,0.0,0.0,0.0,0.0,0.0,0.0,1.0,0.0,1.0,0.0,0.0,1.0,0.0,0.0,0.0,0.0,0.0,0.0,1.0,0.0,0.0,1.0,1.0,1.0,0.0,0.0,0.0,0.0,0.0,1.0,0.0,0.0,0.0,0.0,0.0,0.0,1.0,1.0,0.0,0.0,0.0,1.0,0.0,0.0,0.0,1.0,0.72,0.72,0.84,0.8,0.76,0.6799999999999999,0.6799999999999999,0.8,0.76,0.6799999999999999,0.64,0.64,0.76,0.72,0.64,0.6,0.6,0.72,0.6799999999999999,0.6,0.56,0.56,0.6799999999999999,0.64,0.6,0.56,0.56,0.64,0.6,0.56,0.52,0.52,0.6,0.56,0.52,1.0,0.72,0.72,0.84,0.8,0.76,0.6799999999999999,0.6799999999999999,0.8,0.76,0.6799999999999999,0.64,0.64,0.76,0.72,0.64,0.6,0.6,0.72,0.6799999999999999,0.6,0.56,0.56,0.6799999999999999,0.64,0.6,0.56,0.56,0.64,0.6,0.56,0.52,0.52,0.6,0.56,0.52
718,0.0,1.0,0.0,0.0,1.0,0.0,0.0,0.0,0.0,0.0,0.0,1.0,0.0,0.0,0.0,0.0,1.0,0.0,0.0,0.0,0.0,0.0,0.0,0.0,1.0,0.0,0.0,0.0,1.0,0.0,0.0,0.0,0.0,0.0,0.0,0.0,1.0,0.0,1.0,1.0,0.0,0.0,1.0,1.0,1.0,0.0,0.0,0.0,0.0,1.0,0.0,0.0,1.0,0.0,0.0,1.0,0.0,1.0,1.0,1.0,1.0,1.0,0.0,0.0,0.0,0.0,0.0,1.0,0.0,0.0,0.0,0.0,0.0,1.0,0.0,0.0,0.0,0.0,0.0,0.0,0.0,0.0,1.0,0.0,0.0,0.0,0.0,0.0,0.0,0.0,0.0,0.0,0.0,1.0,0.0,0.0,0.0,1.0,0.0,0.0,0.0,0.0,1.0,0.0,0.84,1.0,0.6799999999999999,0.6799999999999999,0.92,0.76,1.0,0.64,0.64,0.88,0.6799999999999999,0.88,0.6,0.6,0.76,0.64,0.76,0.56,0.56,0.72,0.6,0.72,0.52,0.52,0.6799999999999999,0.6,0.6799999999999999,0.52,0.52,0.64,0.56,0.64,0.48,0.48,0.6,0.52,0.84,1.0,0.6799999999999999,0.6799999999999999,0.92,0.76,1.0,0.64,0.64,0.88,0.6799999999999999,0.88,0.6,0.6,0.76,0.64,0.76,0.56,0.56,0.72,0.6,0.72,0.52,0.52,0.6799999999999999,0.6,0.6799999999999999,0.52,0.52,0.64,0.56,0.64,0.48,0.48,0.6,0.52
719,1.0,0.0,1.0,0.0,0.0,0.0,0.0,1.0,0.0,1.0,1.0,0.0,0.0,0.0,0.0,0.0,0.0,0.0,1.0,0.0,0.0,0.0,0.0,0.0,1.0,0.0,0.0,0.0,0.0,0.0,0.0,0.0,0.0,0.0,1.0,0.0,1.0,0.0,0.0,0.0,0.0,1.0,1.0,0.0,0.0,0.0,0.0,0.0,0.0,1.0,1.0,0.0,0.0,1.0,0.0,0.0,1.0,0.0,0.0,0.0,0.0,0.0,0.0,0.0,1.0,0.0,0.0,1.0,0.0,0.0,0.0,1.0,0.0,0.0,1.0,0.0,0.0,0.0,0.0,0.0,1.0,1.0,0.0,1.0,1.0,0.0,0.0,0.0,0.0,0.0,1.0,0.0,0.0,0.0,0.0,0.0,0.0,0.0,0.0,0.0,1.0,0.0,0.0,1.0,0.72,0.84,0.76,0.84,0.84,0.88,0.84,0.6799999999999999,0.84,0.84,0.88,0.84,0.64,0.84,0.84,1.0,0.84,0.6,0.76,0.76,0.84,0.76,0.56,0.64,0.64,0.64,0.64,0.52,0.6,0.6,0.6,0.6,0.52,0.56,0.56,0.56,0.72,0.84,0.76,0.84,0.84,0.88,0.84,0.6799999999999999,0.84,0.84,0.88,0.84,0.64,0.84,0.84,1.0,0.84,0.6,0.76,0.76,0.84,0.76,0.56,0.64,0.64,0.64,0.64,0.52,0.6,0.6,0.6,0.6,0.52,0.56,0.56,0.56
720,0.0,0.0,1.0,0.0,1.0,0.0,0.0,0.0,0.0,0.0,0.0,1.0,0.0,0.0,1.0,0.0,0.0,1.0,0.0,0.0,0.0,1.0,0.0,0.0,1.0,0.0,0.0,0.0,0.0,0.0,0.0,0.0,1.0,0.0,0.0,1.0,0.0,0.0,0.0,0.0,0.0,1.0,0.0,1.0,0.0,0.0,0.0,1.0,1.0,0.0,0.0,0.0,0.0,0.0,0.0,1.0,0.0,0.0,0.0,0.0,1.0,0.0,0.0,0.0,0.0,0.0,0.0,0.0,1.0,0.0,0.0,0.0,0.0,0.0,0.0,1.0,0.0,1.0,0.0,0.0,1.0,0.0,0.0,1.0,0.0,0.0,1.0,0.0,1.0,0.0,1.0,0.0,0.0,0.0,0.0,0.0,0.0,1.0,0.0,0.0,0.0,1.0,1.0,0.0,0.84,0.76,0.92,1.0,1.0,0.88,0.72,0.88,1.0,1.0,0.84,0.6799999999999999,0.76,0.84,0.84,0.76,0.64,0.72,0.76,0.76,0.6799999999999999,0.6,0.6799999999999999,0.72,0.72,0.64,0.56,0.64,0.6799999999999999,0.6799999999999999,0.6,0.52,0.6,0.64,0.64,0.6,0.84,0.76,0.92,1.0,1.0,0.88,0.72,0.88,1.0,1.0,0.84,0.6799999999999999,0.76,0.84,0.84,0.76,0.64,0.72,0.76,0.76,0.6799999999999999,0.6,0.6799999999999999,0.72,0.72,0.64,0.56,0.64,0.6799999999999999,0.6799999999999999,0.6,0.52,0.6,0.64,0.64,0.6
721,0.0,1.0,0.0,0.0,0.0,1.0,1.0,0.0,0.0,0.0,0.0,0.0,1.0,0.0,0.0,0.0,0.0,0.0,1.0,1.0,1.0,0.0,0.0,0.0,0.0,0.0,0.0,0.0,1.0,0.0,0.0,1.0,0.0,0.0,1.0,0.0,0.0,0.0,0.0,1.0,0.0,0.0,1.0,0.0,0.0,0.0,0.0,0.0,0.0,0.0,0.0,1.0,0.0,0.0,1.0,1.0,0.0,0.0,0.0,0.0,1.0,1.0,1.0,0.0,0.0,0.0,0.0,1.0,0.0,0.0,0.0,0.0,0.0,0.0,0.0,0.0,0.0,0.0,0.0,0.0,0.0,0.0,1.0,0.0,0.0,0.0,0.0,0.0,1.0,1.0,1.0,0.0,0.0,0.0,0.0,0.0,1.0,0.0,1.0,0.0,0.0,0.0,1.0,0.0,0.6799999999999999,0.8,0.6,0.8,0.6799999999999999,0.6799999999999999,0.8,0.56,0.76,0.64,0.6,0.8,0.52,0.72,0.6,0.56,0.76,0.52,0.76,0.56,0.56,0.8,0.48,0.6799999999999999,0.52,0.52,1.0,0.48,0.56,0.52,0.52,0.6,0.48,0.52,0.48,0.48,0.6799999999999999,0.8,0.6,0.8,0.6799999999999999,0.6799999999999999,0.8,0.56,0.76,0.64,0.6,0.8,0.52,0.72,0.6,0.56,0.76,0.52,0.76,0.56,0.56,0.8,0.48,0.6799999999999999,0.52,0.52,1.0,0.48,0.56,0.52,0.52,0.6,0.48,0.52,0.48,0.48
722,0.0,0.0,1.0,0.0,0.0,0.0,1.0,0.0,0.0,0.0,0.0,0.0,0.0,0.0,1.0,0.0,0.0,0.0,0.0,0.0,0.0,0.0,1.0,0.0,0.0,1.0,0.0,1.0,1.0,0.0,0.0,0.0,0.0,0.0,1.0,0.0,0.0,1.0,0.0,0.0,1.0,0.0,0.0,1.0,0.0,0.0,1.0,0.0,0.0,0.0,0.0,1.0,0.0,1.0,0.0,1.0,0.0,0.0,0.0,0.0,0.0,1.0,0.0,0.0,1.0,0.0,0.0,0.0,0.0,0.0,1.0,1.0,0.0,1.0,0.0,0.0,1.0,0.0,1.0,0.0,0.0,1.0,0.0,1.0,0.0,0.0,0.0,0.0,0.0,0.0,0.0,0.0,0.0,1.0,0.0,0.0,0.0,1.0,0.0,0.0,0.0,0.0,0.0,0.0,0.88,0.84,1.0,0.96,0.84,0.92,0.76,0.92,0.88,0.76,0.8,0.72,0.8,0.76,0.72,0.76,0.6799999999999999,0.76,0.72,0.6799999999999999,0.72,0.64,0.72,0.6799999999999999,0.64,0.6799999999999999,0.6,0.6799999999999999,0.64,0.6,0.64,0.56,0.64,0.6,0.56,0.6,0.88,0.84,1.0,0.96,0.84,0.92,0.76,0.92,0.88,0.76,0.8,0.72,0.8,0.76,0.72,0.76,0.6799999999999999,0.76,0.72,0.6799999999999999,0.72,0.64,0.72,0.6799999999999999,0.64,0.6799999999999999,0.6,0.6799999999999999,0.64,0.6,0.64,0.56,0.64,0.6,0.56,0.6
723,1.0,1.0,1.0,0.0,0.0,0.0,1.0,0.0,1.0,0.0,0.0,0.0,0.0,0.0,0.0,0.0,0.0,0.0,0.0,0.0,1.0,0.0,0.0,0.0,0.0,0.0,0.0,0.0,0.0,0.0,1.0,1.0,0.0,0.0,0.0,0.0,0.0,0.0,0.0,0.0,0.0,0.0,1.0,0.0,0.0,1.0,1.0,0.0,1.0,0.0,1.0,0.0,0.0,0.0,0.0,0.0,0.0,0.0,0.0,0.0,0.0,1.0,0.0,0.0,0.0,0.0,0.0,1.0,0.0,1.0,0.0,0.0,0.0,0.0,0.0,0.0,0.0,1.0,1.0,1.0,1.0,0.0,0.0,0.0,0.0,0.0,1.0,1.0,1.0,0.0,0.0,1.0,0.0,1.0,0.0,0.0,1.0,0.0,0.0,0.0,0.0,0.0,0.0,0.0,1.0,0.8,0.6799999999999999,0.96,0.88,0.6799999999999999,0.76,0.64,0.84,0.8,0.64,0.6799999999999999,0.6,0.8,0.76,0.6,0.64,0.56,0.76,0.72,0.6,0.6,0.56,0.72,0.6799999999999999,0.56,0.6,0.52,0.6799999999999999,0.64,0.52,0.56,0.52,0.64,0.6,0.52,1.0,0.8,0.6799999999999999,0.96,0.88,0.6799999999999999,0.76,0.64,0.84,0.8,0.64,0.6799999999999999,0.6,0.8,0.76,0.6,0.64,0.56,0.76,0.72,0.6,0.6,0.56,0.72,0.6799999999999999,0.56,0.6,0.52,0.6799999999999999,0.64,0.52,0.56,0.52,0.64,0.6,0.52
724,1.0,0.0,0.0,0.0,0.0,0.0,1.0,0.0,0.0,0.0,1.0,0.0,0.0,0.0,0.0,0.0,0.0,1.0,1.0,0.0,0.0,0.0,0.0,1.0,1.0,0.0,0.0,0.0,0.0,0.0,0.0,1.0,0.0,0.0,0.0,0.0,0.0,0.0,1.0,1.0,0.0,0.0,1.0,0.0,0.0,1.0,0.0,0.0,0.0,0.0,1.0,0.0,0.0,0.0,0.0,1.0,1.0,0.0,0.0,1.0,0.0,1.0,0.0,0.0,0.0,0.0,1.0,1.0,0.0,0.0,0.0,0.0,0.0,1.0,0.0,0.0,0.0,0.0,0.0,0.0,1.0,1.0,0.0,0.0,0.0,1.0,1.0,0.0,0.0,0.0,0.0,0.0,0.0,0.0,0.0,1.0,0.0,0.0,0.0,1.0,0.0,0.0,0.0,0.0,1.0,0.84,0.84,0.8,0.8,0.8,0.8,0.8,0.76,0.76,0.76,0.76,0.76,0.72,0.6799999999999999,0.6799999999999999,0.72,0.72,0.6799999999999999,0.64,0.64,0.6799999999999999,0.6799999999999999,0.64,0.6,0.6,0.64,0.64,0.6,0.6,0.6,0.6,0.6,0.56,0.56,0.56,1.0,0.84,0.84,0.8,0.8,0.8,0.8,0.8,0.76,0.76,0.76,0.76,0.76,0.72,0.6799999999999999,0.6799999999999999,0.72,0.72,0.6799999999999999,0.64,0.64,0.6799999999999999,0.6799999999999999,0.64,0.6,0.6,0.64,0.64,0.6,0.6,0.6,0.6,0.6,0.56,0.56,0.56
725,1.0,1.0,1.0,0.0,1.0,0.0,0.0,0.0,1.0,0.0,0.0,0.0,1.0,0.0,1.0,0.0,0.0,0.0,0.0,0.0,0.0,0.0,0.0,0.0,0.0,0.0,0.0,0.0,0.0,0.0,1.0,0.0,0.0,0.0,0.0,0.0,0.0,0.0,0.0,0.0,1.0,0.0,1.0,0.0,0.0,0.0,1.0,0.0,1.0,0.0,0.0,1.0,0.0,0.0,0.0,1.0,0.0,0.0,0.0,0.0,0.0,1.0,0.0,0.0,0.0,1.0,0.0,1.0,0.0,0.0,0.0,1.0,0.0,0.0,1.0,0.0,0.0,0.0,1.0,0.0,1.0,0.0,0.0,0.0,0.0,0.0,0.0,0.0,0.0,1.0,0.0,0.0,0.0,0.0,0.0,0.0,1.0,1.0,0.0,1.0,0.0,1.0,0.0,0.0,0.8,0.88,0.64,0.6,1.0,0.64,0.88,0.6,0.6,1.0,0.6,0.76,0.56,0.56,1.0,0.6,0.72,0.56,0.52,0.76,0.56,0.6799999999999999,0.52,0.52,0.72,0.52,0.64,0.52,0.48,0.6799999999999999,0.52,0.6,0.48,0.48,0.64,0.48,0.8,0.88,0.64,0.6,1.0,0.64,0.88,0.6,0.6,1.0,0.6,0.76,0.56,0.56,1.0,0.6,0.72,0.56,0.52,0.76,0.56,0.6799999999999999,0.52,0.52,0.72,0.52,0.64,0.52,0.48,0.6799999999999999,0.52,0.6,0.48,0.48,0.64,0.48
726,0.0,1.0,1.0,0.0,1.0,1.0,0.0,0.0,0.0,0.0,0.0,0.0,0.0,0.0,0.0,0.0,0.0,0.0,1.0,0.0,0.0,1.0,0.0,0.0,0.0,0.0,0.0,1.0,1.0,0.0,1.0,0.0,0.0,0.0,0.0,1.0,0.0,0.0,0.0,0.0,0.0,0.0,0.0,0.0,1.0,0.0,1.0,0.0,0.0,1.0,0.0,0.0,0.0,0.0,0.0,0.0,0.0,0.0,0.0,1.0,1.0,0.0,0.0,0.0,1.0,1.0,1.0,0.0,0.0,1.0,0.0,0.0,1.0,0.0,0.0,0.0,0.0,0.0,0.0,0.0,0.0,0.0,0.0,1.0,1.0,1.0,0.0,0.0,0.0,0.0,0.0,1.0,0.0,0.0,0.0,1.0,0.0,1.0,0.0,0.0,0.0,0.0,0.0,0.0,1.0,0.72,0.6799999999999999,0.72,0.6799999999999999,0.6799999999999999,0.6799999999999999,0.64,0.6799999999999999,0.64,0.64,0.64,0.6,0.64,0.6,0.6,0.6,0.56,0.6,0.56,0.56,0.56,0.56,0.56,0.56,0.56,0.52,0.52,0.56,0.52,0.52,0.52,0.52,0.52,0.52,0.52,1.0,0.72,0.6799999999999999,0.72,0.6799999999999999,0.6799999999999999,0.6799999999999999,0.64,0.6799999999999999,0.64,0.64,0.64,0.6,0.64,0.6,0.6,0.6,0.56,0.6,0.56,0.56,0.56,0.56,0.56,0.56,0.56,0.52,0.52,0.56,0.52,0.52,0.52,0.52,0.52,0.52,0.52
727,0.0,0.0,0.0,1.0,0.0,0.0,0.0,0.0,0.0,1.0,0.0,0.0,0.0,0.0,1.0,0.0,0.0,0.0,0.0,0.0,0.0,1.0,0.0,1.0,0.0,0.0,0.0,1.0,1.0,1.0,0.0,0.0,0.0,1.0,0.0,0.0,1.0,0.0,0.0,0.0,0.0,0.0,0.0,0.0,0.0,1.0,1.0,0.0,0.0,1.0,0.0,0.0,0.0,0.0,0.0,0.0,1.0,0.0,0.0,1.0,0.0,0.0,0.0,1.0,1.0,1.0,0.0,1.0,0.0,0.0,1.0,1.0,0.0,0.0,0.0,0.0,0.0,0.0,0.0,0.0,0.0,0.0,1.0,0.0,1.0,0.0,0.0,1.0,0.0,0.0,0.0,0.0,0.0,0.0,0.0,0.0,0.0,0.0,0.0,0.0,1.0,0.0,0.0,1.0,0.84,0.76,0.84,1.0,0.76,0.84,0.72,0.76,0.88,0.6799999999999999,0.76,0.6799999999999999,0.72,0.8,0.64,0.72,0.64,0.6799999999999999,0.76,0.6,0.6799999999999999,0.6,0.64,0.6799999999999999,0.6,0.64,0.56,0.6,0.64,0.56,0.6,0.52,0.56,0.6,0.52,0.56,0.84,0.76,0.84,1.0,0.76,0.84,0.72,0.76,0.88,0.6799999999999999,0.76,0.6799999999999999,0.72,0.8,0.64,0.72,0.64,0.6799999999999999,0.76,0.6,0.6799999999999999,0.6,0.64,0.6799999999999999,0.6,0.64,0.56,0.6,0.64,0.56,0.6,0.52,0.56,0.6,0.52,0.56
728,0.0,0.0,0.0,1.0,0.0,0.0,0.0,1.0,0.0,0.0,1.0,0.0,1.0,1.0,0.0,0.0,0.0,0.0,0.0,0.0,0.0,0.0,0.0,1.0,0.0,0.0,0.0,1.0,1.0,1.0,0.0,0.0,1.0,0.0,0.0,0.0,1.0,0.0,0.0,0.0,0.0,0.0,0.0,0.0,0.0,1.0,0.0,1.0,0.0,0.0,0.0,0.0,1.0,0.0,0.0,0.0,1.0,1.0,1.0,0.0,1.0,0.0,0.0,0.0,0.0,0.0,0.0,1.0,0.0,0.0,0.0,0.0,1.0,0.0,0.0,0.0,0.0,0.0,0.0,0.0,0.0,0.0,0.0,0.0,0.0,0.0,1.0,0.0,0.0,0.0,1.0,0.0,1.0,1.0,0.0,0.0,0.0,0.0,0.0,0.0,1.0,1.0,0.0,0.0,0.88,1.0,0.6799999999999999,0.8,0.76,0.76,0.84,0.64,0.76,0.72,0.72,0.8,0.6,0.72,0.6799999999999999,0.6799999999999999,0.76,0.56,0.6799999999999999,0.64,0.64,0.6799999999999999,0.52,0.64,0.6,0.6,0.64,0.52,0.6,0.56,0.56,0.6,0.48,0.56,0.56,0.52,0.88,1.0,0.6799999999999999,0.8,0.76,0.76,0.84,0.64,0.76,0.72,0.72,0.8,0.6,0.72,0.6799999999999999,0.6799999999999999,0.76,0.56,0.6799999999999999,0.64,0.64,0.6799999999999999,0.52,0.64,0.6,0.6,0.64,0.52,0.6,0.56,0.56,0.6,0.48,0.56,0.56,0.52
729,1.0,0.0,0.0,1.0,1.0,1.0,1.0,0.0,0.0,0.0,0.0,0.0,0.0,0.0,0.0,0.0,0.0,0.0,0.0,0.0,1.0,0.0,0.0,0.0,0.0,1.0,1.0,0.0,0.0,0.0,0.0,1.0,0.0,0.0,1.0,0.0,0.0,0.0,0.0,0.0,0.0,0.0,0.0,0.0,1.0,0.0,0.0,1.0,1.0,0.0,0.0,0.0,0.0,1.0,0.0,0.0,0.0,0.0,0.0,0.0,1.0,0.0,0.0,0.0,0.0,0.0,0.0,0.0,0.0,1.0,1.0,0.0,0.0,0.0,0.0,1.0,1.0,0.0,0.0,0.0,1.0,0.0,1.0,0.0,0.0,0.0,0.0,0.0,0.0,0.0,1.0,0.0,1.0,1.0,0.0,0.0,0.0,0.0,0.0,0.0,0.0,1.0,0.0,1.0,0.92,0.92,0.92,0.8,1.0,0.88,0.84,0.84,0.76,0.96,0.84,0.8,0.8,0.72,0.8,0.76,0.76,0.76,0.6799999999999999,0.76,0.72,0.6799999999999999,0.6799999999999999,0.64,0.72,0.6799999999999999,0.64,0.64,0.6,0.6799999999999999,0.64,0.6,0.6,0.56,0.64,0.6,0.92,0.92,0.92,0.8,1.0,0.88,0.84,0.84,0.76,0.96,0.84,0.8,0.8,0.72,0.8,0.76,0.76,0.76,0.6799999999999999,0.76,0.72,0.6799999999999999,0.6799999999999999,0.64,0.72,0.6799999999999999,0.64,0.64,0.6,0.6799999999999999,0.64,0.6,0.6,0.56,0.64,0.6
730,0.0,0.0,0.0,0.0,1.0,0.0,1.0,1.0,0.0,1.0,0.0,0.0,0.0,0.0,0.0,0.0,0.0,0.0,0.0,1.0,1.0,0.0,1.0,0.0,1.0,0.0,0.0,1.0,0.0,0.0,1.0,0.0,0.0,0.0,0.0,0.0,0.0,0.0,0.0,1.0,0.0,0.0,0.0,0.0,0.0,1.0,0.0,0.0,1.0,0.0,0.0,0.0,0.0,1.0,0.0,0.0,0.0,1.0,0.0,0.0,0.0,0.0,0.0,0.0,0.0,0.0,0.0,0.0,0.0,0.0,1.0,0.0,0.0,1.0,0.0,0.0,0.0,1.0,1.0,0.0,1.0,1.0,0.0,0.0,1.0,0.0,0.0,0.0,0.0,1.0,1.0,0.0,0.0,0.0,0.0,0.0,0.0,0.0,0.0,0.0,0.0,1.0,1.0,0.0,0.84,0.88,0.92,1.0,0.76,0.96,0.8,0.88,0.88,0.72,0.88,0.76,0.84,0.88,0.6799999999999999,0.76,0.6799999999999999,0.76,0.76,0.64,0.72,0.64,0.72,0.72,0.6,0.6799999999999999,0.6,0.6799999999999999,0.6799999999999999,0.56,0.64,0.6,0.64,0.64,0.52,0.6,0.84,0.88,0.92,1.0,0.76,0.96,0.8,0.88,0.88,0.72,0.88,0.76,0.84,0.88,0.6799999999999999,0.76,0.6799999999999999,0.76,0.76,0.64,0.72,0.64,0.72,0.72,0.6,0.6799999999999999,0.6,0.6799999999999999,0.6799999999999999,0.56,0.64,0.6,0.64,0.64,0.52,0.6
731,0.0,0.0,0.0,0.0,1.0,0.0,0.0,0.0,0.0,0.0,1.0,0.0,0.0,1.0,1.0,0.0,0.0,0.0,0.0,1.0,0.0,0.0,1.0,0.0,0.0,0.0,1.0,0.0,1.0,0.0,0.0,1.0,0.0,0.0,0.0,0.0,1.0,0.0,0.0,0.0,0.0,0.0,0.0,1.0,1.0,1.0,0.0,0.0,0.0,0.0,0.0,0.0,0.0,0.0,0.0,0.0,0.0,1.0,1.0,0.0,0.0,1.0,0.0,0.0,0.0,0.0,0.0,1.0,0.0,0.0,1.0,0.0,1.0,0.0,0.0,0.0,0.0,0.0,0.0,0.0,0.0,0.0,0.0,0.0,1.0,0.0,1.0,0.0,0.0,0.0,1.0,0.0,0.0,0.0,1.0,0.0,0.0,0.0,0.0,0.0,1.0,1.0,1.0,0.0,1.0,0.76,0.84,0.84,0.84,0.84,0.72,0.8,0.8,0.8,0.8,0.6799999999999999,0.76,0.76,0.76,0.76,0.64,0.72,0.6799999999999999,0.6799999999999999,0.6799999999999999,0.6,0.6799999999999999,0.64,0.64,0.64,0.56,0.64,0.6,0.6,0.6,0.56,0.6,0.6,0.6,0.6,1.0,0.76,0.84,0.84,0.84,0.84,0.72,0.8,0.8,0.8,0.8,0.6799999999999999,0.76,0.76,0.76,0.76,0.64,0.72,0.6799999999999999,0.6799999999999999,0.6799999999999999,0.6,0.6799999999999999,0.64,0.64,0.64,0.56,0.64,0.6,0.6,0.6,0.56,0.6,0.6,0.6,0.6
732,1.0,0.0,1.0,0.0,1.0,1.0,0.0,0.0,0.0,1.0,0.0,0.0,0.0,0.0,0.0,1.0,1.0,0.0,1.0,0.0,1.0,0.0,0.0,0.0,0.0,1.0,0.0,0.0,0.0,0.0,0.0,0.0,1.0,0.0,1.0,0.0,0.0,0.0,0.0,0.0,0.0,0.0,0.0,0.0,0.0,0.0,0.0,0.0,1.0,0.0,0.0,0.0,0.0,0.0,0.0,1.0,0.0,0.0,0.0,0.0,1.0,0.0,1.0,0.0,0.0,0.0,0.0,0.0,0.0,1.0,0.0,1.0,0.0,0.0,1.0,0.0,1.0,0.0,0.0,0.0,0.0,0.0,1.0,0.0,0.0,1.0,0.0,0.0,0.0,0.0,0.0,0.0,0.0,0.0,1.0,0.0,1.0,1.0,0.0,1.0,0.0,0.0,0.0,0.0,0.88,0.92,1.0,0.6,0.64,0.64,0.88,0.84,0.6,0.6,0.6,0.8,0.8,0.56,0.56,0.56,0.76,0.76,0.52,0.56,0.56,0.6799999999999999,0.6799999999999999,0.52,0.52,0.52,0.64,0.64,0.48,0.52,0.52,0.6,0.6,0.48,0.48,0.48,0.88,0.92,1.0,0.6,0.64,0.64,0.88,0.84,0.6,0.6,0.6,0.8,0.8,0.56,0.56,0.56,0.76,0.76,0.52,0.56,0.56,0.6799999999999999,0.6799999999999999,0.52,0.52,0.52,0.64,0.64,0.48,0.52,0.52,0.6,0.6,0.48,0.48,0.48
733,0.0,0.0,0.0,0.0,0.0,0.0,0.0,0.0,0.0,0.0,0.0,0.0,0.0,0.0,0.0,0.0,0.0,1.0,0.0,0.0,0.0,1.0,0.0,0.0,1.0,0.0,0.0,0.0,0.0,1.0,0.0,1.0,0.0,0.0,1.0,0.0,1.0,1.0,0.0,0.0,1.0,0.0,1.0,1.0,0.0,0.0,1.0,0.0,0.0,1.0,0.0,0.0,1.0,0.0,0.0,0.0,0.0,1.0,0.0,0.0,0.0,0.0,0.0,1.0,1.0,0.0,0.0,1.0,0.0,0.0,1.0,1.0,1.0,0.0,1.0,0.0,0.0,0.0,0.0,1.0,0.0,0.0,0.0,0.0,0.0,0.0,0.0,1.0,0.0,0.0,0.0,0.0,0.0,1.0,0.0,0.0,0.0,0.0,0.0,0.0,0.0,0.0,1.0,0.0,0.84,0.72,0.96,1.0,0.92,0.88,0.6799999999999999,0.96,0.88,0.88,0.84,0.64,0.92,0.88,0.8,0.84,0.6,0.76,0.76,0.72,0.72,0.56,0.72,0.72,0.6799999999999999,0.6799999999999999,0.52,0.6799999999999999,0.6799999999999999,0.64,0.64,0.52,0.64,0.64,0.6,0.6,0.84,0.72,0.96,1.0,0.92,0.88,0.6799999999999999,0.96,0.88,0.88,0.84,0.64,0.92,0.88,0.8,0.84,0.6,0.76,0.76,0.72,0.72,0.56,0.72,0.72,0.6799999999999999,0.6799999999999999,0.52,0.6799999999999999,0.6799999999999999,0.64,0.64,0.52,0.64,0.64,0.6,0.6
734,0.0,0.0,1.0,0.0,0.0,0.0,0.0,0.0,0.0,0.0,1.0,0.0,1.0,0.0,0.0,0.0,0.0,1.0,0.0,1.0,0.0,0.0,0.0,0.0,0.0,1.0,0.0,1.0,0.0,0.0,0.0,0.0,0.0,0.0,0.0,0.0,0.0,0.0,0.0,1.0,0.0,0.0,1.0,1.0,0.0,0.0,1.0,0.0,1.0,0.0,0.0,1.0,1.0,0.0,0.0,0.0,1.0,0.0,0.0,0.0,1.0,0.0,0.0,0.0,0.0,0.0,0.0,1.0,0.0,0.0,0.0,0.0,0.0,1.0,0.0,1.0,0.0,0.0,1.0,0.0,0.0,0.0,0.0,0.0,1.0,0.0,0.0,1.0,1.0,0.0,0.0,0.0,0.0,0.0,0.0,0.0,0.0,0.0,0.0,1.0,0.0,1.0,1.0,0.0,0.6,0.6,0.64,0.56,0.72,0.72,0.56,0.56,0.52,0.72,0.72,0.52,0.52,0.52,0.72,0.96,0.52,0.52,0.48,1.0,0.76,0.48,0.48,0.48,0.56,0.56,0.48,0.48,0.48,0.52,0.52,0.48,0.48,0.43999999999999995,0.52,0.52,0.6,0.6,0.64,0.56,0.72,0.72,0.56,0.56,0.52,0.72,0.72,0.52,0.52,0.52,0.72,0.96,0.52,0.52,0.48,1.0,0.76,0.48,0.48,0.48,0.56,0.56,0.48,0.48,0.48,0.52,0.52,0.48,0.48,0.43999999999999995,0.52,0.52
735,0.0,0.0,0.0,0.0,0.0,0.0,0.0,0.0,0.0,0.0,1.0,1.0,1.0,1.0,0.0,0.0,1.0,0.0,1.0,0.0,1.0,0.0,0.0,0.0,1.0,0.0,0.0,0.0,0.0,0.0,0.0,0.0,0.0,0.0,0.0,0.0,0.0,0.0,0.0,0.0,1.0,0.0,1.0,1.0,0.0,1.0,0.0,0.0,0.0,0.0,0.0,1.0,1.0,0.0,0.0,0.0,0.0,0.0,0.0,1.0,0.0,0.0,0.0,0.0,0.0,0.0,0.0,1.0,0.0,1.0,0.0,0.0,0.0,0.0,1.0,1.0,0.0,0.0,1.0,1.0,0.0,0.0,0.0,0.0,0.0,1.0,0.0,1.0,0.0,0.0,0.0,1.0,0.0,0.0,0.0,0.0,0.0,0.0,0.0,1.0,1.0,0.0,0.0,0.0,0.76,0.64,0.88,0.64,0.88,0.6799999999999999,0.6,0.88,0.6,0.88,0.64,0.56,0.88,0.56,0.88,0.6,0.52,0.88,0.52,0.88,0.56,0.52,1.0,0.52,0.6799999999999999,0.56,0.48,0.6799999999999999,0.48,0.64,0.52,0.48,0.64,0.48,0.6,0.52,0.76,0.64,0.88,0.64,0.88,0.6799999999999999,0.6,0.88,0.6,0.88,0.64,0.56,0.88,0.56,0.88,0.6,0.52,0.88,0.52,0.88,0.56,0.52,1.0,0.52,0.6799999999999999,0.56,0.48,0.6799999999999999,0.48,0.64,0.52,0.48,0.64,0.48,0.6,0.52
736,0.0,1.0,0.0,0.0,1.0,0.0,0.0,0.0,1.0,0.0,0.0,0.0,0.0,0.0,0.0,0.0,0.0,0.0,0.0,0.0,0.0,1.0,0.0,1.0,0.0,1.0,0.0,0.0,0.0,0.0,1.0,0.0,1.0,0.0,0.0,1.0,0.0,0.0,0.0,1.0,0.0,0.0,0.0,0.0,0.0,1.0,0.0,1.0,1.0,0.0,0.0,0.0,0.0,0.0,0.0,0.0,0.0,0.0,1.0,1.0,0.0,0.0,0.0,0.0,1.0,1.0,0.0,0.0,0.0,0.0,1.0,1.0,0.0,0.0,0.0,0.0,1.0,0.0,1.0,0.0,1.0,1.0,0.0,0.0,0.0,1.0,0.0,0.0,0.0,0.0,0.0,0.0,0.0,0.0,1.0,0.0,0.0,0.0,0.0,0.0,0.0,0.0,0.0,1.0,1.0,0.84,0.96,0.92,0.88,0.92,0.8,0.88,0.88,0.84,0.84,0.76,0.84,0.8,0.76,0.8,0.72,0.76,0.76,0.72,0.76,0.6799999999999999,0.72,0.72,0.6799999999999999,0.72,0.64,0.6799999999999999,0.6799999999999999,0.64,0.6799999999999999,0.6,0.64,0.64,0.6,0.64,1.0,0.84,0.96,0.92,0.88,0.92,0.8,0.88,0.88,0.84,0.84,0.76,0.84,0.8,0.76,0.8,0.72,0.76,0.76,0.72,0.76,0.6799999999999999,0.72,0.72,0.6799999999999999,0.72,0.64,0.6799999999999999,0.6799999999999999,0.64,0.6799999999999999,0.6,0.64,0.64,0.6,0.64
737,0.0,1.0,0.0,1.0,0.0,0.0,0.0,0.0,0.0,1.0,1.0,0.0,0.0,0.0,0.0,1.0,0.0,1.0,0.0,0.0,0.0,0.0,0.0,0.0,0.0,1.0,1.0,0.0,0.0,1.0,0.0,0.0,0.0,0.0,0.0,0.0,1.0,0.0,0.0,0.0,0.0,0.0,0.0,0.0,1.0,0.0,0.0,0.0,0.0,1.0,0.0,1.0,0.0,0.0,0.0,0.0,0.0,0.0,0.0,1.0,1.0,0.0,0.0,0.0,0.0,0.0,1.0,0.0,1.0,0.0,0.0,0.0,1.0,1.0,0.0,1.0,1.0,0.0,0.0,1.0,1.0,0.0,0.0,0.0,1.0,0.0,0.0,0.0,0.0,0.0,0.0,1.0,0.0,0.0,0.0,1.0,0.0,0.0,0.0,0.0,0.0,0.0,0.0,0.0,0.84,0.8,1.0,0.76,0.72,0.88,0.76,1.0,0.72,0.6799999999999999,0.84,0.72,0.84,0.6799999999999999,0.64,0.76,0.6799999999999999,0.76,0.64,0.6,0.72,0.64,0.72,0.6,0.56,0.6799999999999999,0.6,0.6799999999999999,0.56,0.52,0.64,0.56,0.64,0.52,0.52,0.6,0.84,0.8,1.0,0.76,0.72,0.88,0.76,1.0,0.72,0.6799999999999999,0.84,0.72,0.84,0.6799999999999999,0.64,0.76,0.6799999999999999,0.76,0.64,0.6,0.72,0.64,0.72,0.6,0.56,0.6799999999999999,0.6,0.6799999999999999,0.56,0.52,0.64,0.56,0.64,0.52,0.52,0.6
738,0.0,1.0,1.0,0.0,0.0,0.0,0.0,1.0,0.0,0.0,1.0,0.0,0.0,0.0,0.0,0.0,1.0,0.0,0.0,0.0,1.0,0.0,0.0,0.0,0.0,0.0,0.0,0.0,0.0,0.0,1.0,0.0,1.0,0.0,0.0,0.0,0.0,1.0,0.0,0.0,0.0,1.0,0.0,0.0,0.0,0.0,0.0,0.0,1.0,1.0,0.0,1.0,0.0,0.0,0.0,0.0,0.0,0.0,1.0,0.0,0.0,0.0,0.0,0.0,0.0,1.0,0.0,0.0,0.0,1.0,0.0,0.0,0.0,0.0,0.0,0.0,0.0,1.0,1.0,0.0,0.0,1.0,0.0,1.0,0.0,0.0,1.0,1.0,0.0,0.0,0.0,0.0,0.0,0.0,1.0,1.0,0.0,0.0,1.0,0.0,0.0,0.0,1.0,0.0,0.8,0.72,0.6799999999999999,1.0,1.0,0.72,0.6799999999999999,0.64,1.0,1.0,0.6799999999999999,0.64,0.6,0.92,0.88,0.64,0.6,0.56,0.76,0.84,0.6,0.56,0.56,0.72,0.72,0.56,0.52,0.52,0.6799999999999999,0.6799999999999999,0.56,0.52,0.52,0.64,0.64,0.52,0.8,0.72,0.6799999999999999,1.0,1.0,0.72,0.6799999999999999,0.64,1.0,1.0,0.6799999999999999,0.64,0.6,0.92,0.88,0.64,0.6,0.56,0.76,0.84,0.6,0.56,0.56,0.72,0.72,0.56,0.52,0.52,0.6799999999999999,0.6799999999999999,0.56,0.52,0.52,0.64,0.64,0.52
739,1.0,1.0,0.0,0.0,0.0,1.0,0.0,0.0,0.0,0.0,0.0,0.0,0.0,0.0,1.0,0.0,0.0,1.0,0.0,1.0,1.0,0.0,0.0,1.0,0.0,0.0,0.0,1.0,0.0,0.0,1.0,0.0,0.0,0.0,0.0,0.0,0.0,0.0,0.0,0.0,0.0,0.0,0.0,0.0,0.0,0.0,1.0,1.0,0.0,0.0,1.0,0.0,0.0,0.0,1.0,0.0,1.0,0.0,0.0,0.0,0.0,0.0,1.0,1.0,1.0,1.0,0.0,0.0,0.0,0.0,1.0,0.0,0.0,0.0,0.0,0.0,1.0,0.0,0.0,0.0,0.0,0.0,0.0,1.0,0.0,0.0,0.0,1.0,0.0,0.0,0.0,0.0,1.0,1.0,0.0,0.0,0.0,0.0,0.0,0.0,0.0,0.0,0.0,1.0,0.84,0.96,1.0,0.72,0.8,0.88,0.92,1.0,0.6799999999999999,0.76,0.8,0.88,0.88,0.64,0.6799999999999999,0.76,0.76,0.8,0.6,0.64,0.6799999999999999,0.72,0.72,0.56,0.6,0.64,0.6799999999999999,0.6799999999999999,0.56,0.6,0.6,0.64,0.64,0.52,0.56,0.6,0.84,0.96,1.0,0.72,0.8,0.88,0.92,1.0,0.6799999999999999,0.76,0.8,0.88,0.88,0.64,0.6799999999999999,0.76,0.76,0.8,0.6,0.64,0.6799999999999999,0.72,0.72,0.56,0.6,0.64,0.6799999999999999,0.6799999999999999,0.56,0.6,0.6,0.64,0.64,0.52,0.56,0.6
740,0.0,1.0,0.0,0.0,0.0,1.0,0.0,1.0,0.0,0.0,1.0,1.0,0.0,0.0,0.0,0.0,0.0,0.0,0.0,0.0,0.0,0.0,0.0,0.0,1.0,1.0,0.0,0.0,0.0,0.0,0.0,0.0,1.0,1.0,0.0,1.0,0.0,0.0,0.0,0.0,0.0,0.0,1.0,1.0,0.0,1.0,0.0,0.0,0.0,0.0,0.0,0.0,0.0,0.0,0.0,0.0,0.0,0.0,0.0,0.0,0.0,0.0,0.0,0.0,0.0,1.0,0.0,0.0,0.0,0.0,1.0,1.0,1.0,0.0,0.0,0.0,0.0,0.0,0.0,1.0,0.0,1.0,0.0,0.0,0.0,0.0,1.0,0.0,0.0,0.0,1.0,1.0,1.0,0.0,0.0,0.0,0.0,0.0,0.0,0.0,1.0,0.0,1.0,1.0,0.56,0.64,0.64,0.6799999999999999,0.72,0.6799999999999999,0.64,0.64,0.6799999999999999,0.72,0.6799999999999999,0.56,0.56,0.6799999999999999,0.72,0.6799999999999999,0.52,0.52,0.6799999999999999,1.0,0.52,0.52,0.52,0.52,0.6799999999999999,0.52,0.48,0.48,0.52,0.52,0.48,0.48,0.48,0.48,0.52,0.48,0.56,0.64,0.64,0.6799999999999999,0.72,0.6799999999999999,0.64,0.64,0.6799999999999999,0.72,0.6799999999999999,0.56,0.56,0.6799999999999999,0.72,0.6799999999999999,0.52,0.52,0.6799999999999999,1.0,0.52,0.52,0.52,0.52,0.6799999999999999,0.52,0.48,0.48,0.52,0.52,0.48,0.48,0.48,0.48,0.52,0.48
741,1.0,0.0,0.0,0.0,0.0,1.0,0.0,0.0,1.0,1.0,0.0,0.0,0.0,0.0,0.0,0.0,0.0,0.0,0.0,0.0,0.0,1.0,1.0,1.0,0.0,0.0,0.0,1.0,1.0,0.0,0.0,0.0,0.0,0.0,0.0,0.0,0.0,0.0,1.0,1.0,1.0,0.0,1.0,0.0,0.0,0.0,0.0,0.0,0.0,0.0,0.0,0.0,0.0,1.0,1.0,0.0,0.0,0.0,0.0,1.0,0.0,0.0,1.0,0.0,0.0,0.0,0.0,1.0,0.0,0.0,1.0,1.0,0.0,0.0,0.0,0.0,1.0,1.0,0.0,0.0,0.0,0.0,0.0,0.0,0.0,0.0,0.0,0.0,0.0,0.0,0.0,0.0,0.0,0.0,0.0,0.0,0.0,0.0,0.0,1.0,1.0,0.0,1.0,1.0,0.64,0.76,0.76,0.56,0.76,0.8,0.76,0.76,0.52,0.76,0.8,0.76,0.76,0.52,0.72,1.0,0.76,0.72,0.48,0.76,0.96,0.76,0.6799999999999999,0.48,0.56,0.6,0.6,0.56,0.48,0.56,0.56,0.56,0.56,0.43999999999999995,0.52,0.52,0.64,0.76,0.76,0.56,0.76,0.8,0.76,0.76,0.52,0.76,0.8,0.76,0.76,0.52,0.72,1.0,0.76,0.72,0.48,0.76,0.96,0.76,0.6799999999999999,0.48,0.56,0.6,0.6,0.56,0.48,0.56,0.56,0.56,0.56,0.43999999999999995,0.52,0.52
742,0.0,1.0,1.0,1.0,0.0,0.0,0.0,0.0,0.0,0.0,0.0,0.0,0.0,0.0,1.0,0.0,0.0,0.0,0.0,0.0,0.0,0.0,0.0,0.0,0.0,0.0,0.0,0.0,0.0,1.0,0.0,0.0,0.0,0.0,0.0,0.0,1.0,0.0,0.0,1.0,1.0,0.0,0.0,0.0,1.0,1.0,0.0,0.0,1.0,1.0,0.0,1.0,0.0,0.0,0.0,0.0,1.0,0.0,0.0,0.0,0.0,0.0,0.0,0.0,1.0,0.0,0.0,1.0,0.0,0.0,0.0,0.0,1.0,0.0,1.0,1.0,0.0,0.0,0.0,0.0,0.0,0.0,1.0,0.0,1.0,1.0,1.0,1.0,0.0,0.0,0.0,0.0,0.0,0.0,1.0,0.0,0.0,0.0,0.0,1.0,0.0,0.0,0.0,0.0,0.84,0.6799999999999999,0.6799999999999999,0.84,1.0,0.84,0.64,0.64,0.76,0.92,0.8,0.6,0.6,0.72,0.8,0.72,0.56,0.6,0.6799999999999999,0.76,0.6799999999999999,0.52,0.56,0.64,0.72,0.64,0.52,0.52,0.6,0.6799999999999999,0.6,0.48,0.52,0.56,0.64,0.56,0.84,0.6799999999999999,0.6799999999999999,0.84,1.0,0.84,0.64,0.64,0.76,0.92,0.8,0.6,0.6,0.72,0.8,0.72,0.56,0.6,0.6799999999999999,0.76,0.6799999999999999,0.52,0.56,0.64,0.72,0.64,0.52,0.52,0.6,0.6799999999999999,0.6,0.48,0.52,0.56,0.64,0.56
743,0.0,0.0,1.0,0.0,1.0,1.0,1.0,0.0,0.0,0.0,0.0,0.0,0.0,0.0,0.0,0.0,0.0,0.0,0.0,1.0,0.0,0.0,0.0,0.0,0.0,0.0,1.0,1.0,0.0,1.0,0.0,0.0,0.0,0.0,0.0,1.0,0.0,0.0,0.0,0.0,1.0,0.0,0.0,1.0,0.0,0.0,1.0,0.0,0.0,1.0,0.0,0.0,0.0,1.0,0.0,1.0,0.0,0.0,0.0,0.0,0.0,0.0,0.0,0.0,0.0,1.0,0.0,1.0,0.0,0.0,1.0,0.0,0.0,0.0,1.0,0.0,0.0,0.0,0.0,0.0,1.0,0.0,0.0,0.0,0.0,0.0,0.0,0.0,1.0,0.0,1.0,1.0,0.0,0.0,0.0,0.0,1.0,0.0,0.0,1.0,0.0,0.0,1.0,0.0,0.96,0.76,0.76,0.84,1.0,0.76,0.72,0.6799999999999999,0.8,0.88,0.72,0.6799999999999999,0.64,0.76,0.8,0.6799999999999999,0.64,0.6,0.72,0.76,0.64,0.6,0.6,0.6799999999999999,0.72,0.6,0.56,0.56,0.64,0.6799999999999999,0.56,0.52,0.52,0.6,0.64,0.56,0.96,0.76,0.76,0.84,1.0,0.76,0.72,0.6799999999999999,0.8,0.88,0.72,0.6799999999999999,0.64,0.76,0.8,0.6799999999999999,0.64,0.6,0.72,0.76,0.64,0.6,0.6,0.6799999999999999,0.72,0.6,0.56,0.56,0.64,0.6799999999999999,0.56,0.52,0.52,0.6,0.64,0.56
744,0.0,0.0,0.0,0.0,0.0,0.0,0.0,0.0,0.0,0.0,0.0,1.0,0.0,0.0,0.0,0.0,0.0,0.0,0.0,0.0,0.0,1.0,0.0,1.0,1.0,0.0,1.0,0.0,0.0,0.0,0.0,0.0,0.0,0.0,1.0,0.0,0.0,0.0,1.0,0.0,0.0,1.0,0.0,1.0,1.0,0.0,1.0,1.0,1.0,0.0,0.0,0.0,0.0,0.0,0.0,1.0,0.0,1.0,0.0,0.0,1.0,0.0,0.0,0.0,0.0,1.0,1.0,0.0,0.0,1.0,0.0,0.0,0.0,0.0,0.0,0.0,0.0,0.0,0.0,1.0,1.0,0.0,0.0,1.0,0.0,1.0,0.0,0.0,1.0,0.0,0.0,1.0,0.0,0.0,0.0,0.0,0.0,1.0,0.0,0.0,0.0,0.0,0.0,0.0,1.0,0.72,0.76,0.88,0.96,0.72,0.6799999999999999,0.6799999999999999,0.84,0.84,0.6799999999999999,0.64,0.64,0.8,0.8,0.64,0.6,0.6,0.76,0.76,0.6,0.56,0.6,0.6799999999999999,0.72,0.56,0.52,0.56,0.64,0.6799999999999999,0.56,0.52,0.52,0.6,0.64,0.52,1.0,0.72,0.76,0.88,0.96,0.72,0.6799999999999999,0.6799999999999999,0.84,0.84,0.6799999999999999,0.64,0.64,0.8,0.8,0.64,0.6,0.6,0.76,0.76,0.6,0.56,0.6,0.6799999999999999,0.72,0.56,0.52,0.56,0.64,0.6799999999999999,0.56,0.52,0.52,0.6,0.64,0.52
745,0.0,0.0,0.0,0.0,0.0,0.0,1.0,0.0,0.0,1.0,0.0,0.0,0.0,0.0,0.0,1.0,0.0,0.0,0.0,1.0,0.0,0.0,0.0,0.0,0.0,0.0,1.0,0.0,0.0,0.0,0.0,1.0,0.0,1.0,0.0,1.0,1.0,0.0,0.0,0.0,0.0,0.0,1.0,0.0,0.0,1.0,0.0,0.0,1.0,0.0,0.0,1.0,0.0,0.0,0.0,0.0,0.0,1.0,0.0,0.0,1.0,0.0,1.0,0.0,0.0,1.0,0.0,0.0,0.0,0.0,0.0,0.0,1.0,0.0,1.0,0.0,1.0,1.0,0.0,1.0,0.0,1.0,1.0,0.0,0.0,0.0,0.0,0.0,0.0,0.0,0.0,0.0,0.0,0.0,0.0,0.0,0.0,0.0,1.0,0.0,0.0,0.0,1.0,0.0,0.84,0.76,0.88,1.0,0.88,0.92,0.72,0.88,1.0,0.84,0.92,0.6799999999999999,0.76,0.84,0.72,0.84,0.64,0.72,0.76,0.6799999999999999,0.72,0.6,0.6799999999999999,0.72,0.64,0.6799999999999999,0.56,0.64,0.6799999999999999,0.6,0.64,0.52,0.6,0.64,0.56,0.6,0.84,0.76,0.88,1.0,0.88,0.92,0.72,0.88,1.0,0.84,0.92,0.6799999999999999,0.76,0.84,0.72,0.84,0.64,0.72,0.76,0.6799999999999999,0.72,0.6,0.6799999999999999,0.72,0.64,0.6799999999999999,0.56,0.64,0.6799999999999999,0.6,0.64,0.52,0.6,0.64,0.56,0.6
746,0.0,1.0,0.0,0.0,0.0,0.0,0.0,0.0,0.0,0.0,0.0,0.0,0.0,1.0,0.0,0.0,0.0,1.0,0.0,1.0,0.0,0.0,1.0,1.0,1.0,1.0,0.0,0.0,1.0,0.0,0.0,0.0,0.0,0.0,0.0,0.0,0.0,0.0,1.0,1.0,0.0,0.0,0.0,0.0,0.0,0.0,0.0,1.0,0.0,0.0,0.0,1.0,0.0,0.0,0.0,1.0,0.0,0.0,0.0,0.0,1.0,0.0,1.0,1.0,0.0,0.0,0.0,1.0,0.0,0.0,0.0,0.0,0.0,0.0,0.0,0.0,0.0,0.0,0.0,0.0,0.0,0.0,0.0,0.0,1.0,0.0,1.0,1.0,0.0,0.0,0.0,0.0,0.0,0.0,0.0,1.0,1.0,1.0,0.0,0.0,1.0,1.0,0.0,0.0,0.43999999999999995,0.48,0.48,0.48,0.52,0.52,0.48,0.48,0.48,0.52,0.52,0.43999999999999995,0.48,0.43999999999999995,0.52,0.64,0.43999999999999995,0.48,0.43999999999999995,0.6799999999999999,0.52,0.4,0.48,0.4,0.6,0.48,0.4,0.43999999999999995,0.4,1.0,0.43999999999999995,0.4,0.4,0.4,0.43999999999999995,0.4,0.43999999999999995,0.48,0.48,0.48,0.52,0.52,0.48,0.48,0.48,0.52,0.52,0.43999999999999995,0.48,0.43999999999999995,0.52,0.64,0.43999999999999995,0.48,0.43999999999999995,0.6799999999999999,0.52,0.4,0.48,0.4,0.6,0.48,0.4,0.43999999999999995,0.4,1.0,0.43999999999999995,0.4,0.4,0.4,0.43999999999999995,0.4
747,0.0,1.0,0.0,0.0,1.0,0.0,0.0,0.0,0.0,0.0,0.0,0.0,1.0,1.0,1.0,0.0,0.0,0.0,0.0,0.0,0.0,0.0,1.0,1.0,1.0,0.0,1.0,0.0,0.0,0.0,0.0,1.0,0.0,0.0,0.0,0.0,0.0,0.0,0.0,1.0,1.0,0.0,0.0,1.0,0.0,0.0,0.0,0.0,0.0,0.0,0.0,0.0,0.0,0.0,0.0,1.0,0.0,0.0,0.0,1.0,1.0,0.0,0.0,0.0,0.0,0.0,0.0,0.0,1.0,0.0,1.0,0.0,0.0,0.0,0.0,0.0,0.0,0.0,0.0,1.0,0.0,1.0,0.0,0.0,0.0,0.0,0.0,1.0,0.0,0.0,0.0,0.0,0.0,0.0,0.0,0.0,1.0,1.0,1.0,1.0,0.0,0.0,0.0,1.0,1.0,0.76,0.88,0.72,0.84,0.76,0.6799999999999999,0.8,0.6799999999999999,0.8,0.72,0.64,0.76,0.64,0.76,0.6799999999999999,0.6,0.72,0.6,0.6799999999999999,0.64,0.6,0.6799999999999999,0.56,0.64,0.6,0.56,0.64,0.56,0.6,0.56,0.52,0.6,0.52,0.6,0.52,1.0,0.76,0.88,0.72,0.84,0.76,0.6799999999999999,0.8,0.6799999999999999,0.8,0.72,0.64,0.76,0.64,0.76,0.6799999999999999,0.6,0.72,0.6,0.6799999999999999,0.64,0.6,0.6799999999999999,0.56,0.64,0.6,0.56,0.64,0.56,0.6,0.56,0.52,0.6,0.52,0.6,0.52
748,0.0,1.0,1.0,1.0,0.0,1.0,1.0,0.0,0.0,0.0,0.0,0.0,1.0,0.0,0.0,1.0,0.0,0.0,0.0,0.0,0.0,1.0,0.0,0.0,0.0,0.0,0.0,0.0,0.0,0.0,0.0,0.0,0.0,1.0,0.0,0.0,1.0,1.0,0.0,0.0,0.0,0.0,0.0,0.0,0.0,0.0,0.0,0.0,1.0,0.0,1.0,0.0,0.0,0.0,0.0,0.0,1.0,0.0,0.0,0.0,1.0,0.0,0.0,0.0,0.0,1.0,0.0,0.0,1.0,0.0,1.0,0.0,1.0,0.0,0.0,1.0,0.0,0.0,0.0,0.0,0.0,0.0,0.0,0.0,0.0,0.0,0.0,0.0,0.0,0.0,0.0,1.0,1.0,1.0,0.0,0.0,0.0,1.0,1.0,0.0,0.0,1.0,0.0,0.0,0.84,0.84,0.8,0.6799999999999999,1.0,0.72,0.76,0.76,0.64,0.88,0.6799999999999999,0.72,0.72,0.6,0.8,0.64,0.6799999999999999,0.6799999999999999,0.56,0.76,0.6,0.64,0.64,0.52,0.6799999999999999,0.56,0.6,0.6,0.52,0.64,0.52,0.56,0.56,0.48,0.6,0.52,0.84,0.84,0.8,0.6799999999999999,1.0,0.72,0.76,0.76,0.64,0.88,0.6799999999999999,0.72,0.72,0.6,0.8,0.64,0.6799999999999999,0.6799999999999999,0.56,0.76,0.6,0.64,0.64,0.52,0.6799999999999999,0.56,0.6,0.6,0.52,0.64,0.52,0.56,0.56,0.48,0.6,0.52
749,0.0,0.0,1.0,0.0,0.0,1.0,0.0,0.0,1.0,1.0,1.0,1.0,0.0,0.0,0.0,1.0,0.0,1.0,0.0,0.0,1.0,1.0,1.0,0.0,0.0,0.0,0.0,0.0,0.0,1.0,0.0,0.0,1.0,0.0,0.0,0.0,0.0,0.0,0.0,0.0,0.0,0.0,0.0,0.0,0.0,0.0,0.0,0.0,0.0,0.0,0.0,0.0,0.0,0.0,0.0,0.0,0.0,0.0,0.0,0.0,0.0,0.0,0.0,0.0,1.0,1.0,0.0,0.0,1.0,0.0,1.0,0.0,0.0,0.0,0.0,1.0,0.0,1.0,0.0,0.0,1.0,0.0,0.0,0.0,0.0,0.0,1.0,0.0,1.0,1.0,0.0,0.0,0.0,1.0,0.0,0.0,0.0,0.0,0.0,0.0,1.0,1.0,0.0,0.0,0.48,0.52,0.52,0.48,0.43999999999999995,0.48,0.52,0.52,0.48,0.4,0.48,0.52,0.52,0.43999999999999995,0.4,0.56,0.52,0.52,0.43999999999999995,0.4,0.56,0.6,0.6799999999999999,0.4,0.4,0.43999999999999995,0.96,1.0,0.4,0.36,0.43999999999999995,0.43999999999999995,0.43999999999999995,0.4,0.36,0.4,0.48,0.52,0.52,0.48,0.43999999999999995,0.48,0.52,0.52,0.48,0.4,0.48,0.52,0.52,0.43999999999999995,0.4,0.56,0.52,0.52,0.43999999999999995,0.4,0.56,0.6,0.6799999999999999,0.4,0.4,0.43999999999999995,0.96,1.0,0.4,0.36,0.43999999999999995,0.43999999999999995,0.43999999999999995,0.4,0.36,0.4
750,0.0,0.0,1.0,0.0,1.0,0.0,0.0,0.0,0.0,1.0,0.0,1.0,1.0,0.0,0.0,1.0,1.0,0.0,0.0,0.0,0.0,0.0,1.0,1.0,1.0,1.0,0.0,0.0,0.0,0.0,0.0,0.0,0.0,0.0,0.0,1.0,0.0,0.0,0.0,0.0,0.0,0.0,0.0,0.0,0.0,0.0,0.0,0.0,0.0,1.0,0.0,0.0,0.0,1.0,0.0,0.0,0.0,0.0,1.0,0.0,0.0,0.0,1.0,0.0,0.0,0.0,1.0,0.0,0.0,0.0,0.0,1.0,0.0,1.0,0.0,0.0,0.0,0.0,0.0,0.0,0.0,0.0,0.0,1.0,1.0,0.0,0.0,0.0,0.0,1.0,1.0,0.0,1.0,0.0,0.0,0.0,0.0,0.0,0.0,0.0,1.0,0.0,1.0,0.0,0.4,0.43999999999999995,0.43999999999999995,0.43999999999999995,0.4,0.43999999999999995,0.43999999999999995,0.43999999999999995,0.43999999999999995,0.4,0.43999999999999995,0.43999999999999995,0.43999999999999995,0.43999999999999995,0.4,0.52,0.43999999999999995,0.43999999999999995,0.4,0.36,0.52,0.48,0.52,0.4,0.36,0.52,0.6799999999999999,0.88,0.36,0.36,1.0,0.4,0.4,0.36,0.36,0.4,0.4,0.43999999999999995,0.43999999999999995,0.43999999999999995,0.4,0.43999999999999995,0.43999999999999995,0.43999999999999995,0.43999999999999995,0.4,0.43999999999999995,0.43999999999999995,0.43999999999999995,0.43999999999999995,0.4,0.52,0.43999999999999995,0.43999999999999995,0.4,0.36,0.52,0.48,0.52,0.4,0.36,0.52,0.6799999999999999,0.88,0.36,0.36,1.0,0.4,0.4,0.36,0.36,0.4
751,1.0,0.0,1.0,0.0,1.0,0.0,0.0,0.0,0.0,1.0,0.0,0.0,1.0,1.0,0.0,0.0,0.0,0.0,1.0,0.0,0.0,0.0,0.0,1.0,0.0,0.0,0.0,0.0,0.0,0.0,0.0,0.0,1.0,0.0,0.0,1.0,0.0,0.0,0.0,0.0,0.0,0.0,0.0,0.0,0.0,0.0,1.0,0.0,0.0,0.0,1.0,1.0,0.0,0.0,0.0,0.0,0.0,0.0,0.0,0.0,1.0,0.0,0.0,1.0,0.0,0.0,0.0,0.0,0.0,1.0,0.0,0.0,0.0,0.0,1.0,0.0,0.0,0.0,0.0,0.0,1.0,1.0,1.0,0.0,0.0,0.0,0.0,0.0,1.0,0.0,1.0,0.0,0.0,0.0,1.0,1.0,1.0,0.0,0.0,1.0,0.0,0.0,0.0,0.0,0.56,0.6799999999999999,0.64,0.6799999999999999,0.6799999999999999,0.72,0.6799999999999999,0.6,0.6799999999999999,0.6799999999999999,0.72,0.6799999999999999,0.56,0.6799999999999999,0.6799999999999999,1.0,0.6,0.52,0.76,0.76,0.88,0.6,0.52,0.52,0.6,0.6,0.52,0.48,0.52,0.52,0.52,0.52,0.48,0.48,0.52,0.52,0.56,0.6799999999999999,0.64,0.6799999999999999,0.6799999999999999,0.72,0.6799999999999999,0.6,0.6799999999999999,0.6799999999999999,0.72,0.6799999999999999,0.56,0.6799999999999999,0.6799999999999999,1.0,0.6,0.52,0.76,0.76,0.88,0.6,0.52,0.52,0.6,0.6,0.52,0.48,0.52,0.52,0.52,0.52,0.48,0.48,0.52,0.52
752,1.0,0.0,0.0,0.0,0.0,0.0,0.0,0.0,0.0,0.0,1.0,0.0,0.0,1.0,1.0,1.0,0.0,0.0,0.0,1.0,0.0,1.0,0.0,0.0,0.0,0.0,1.0,0.0,0.0,0.0,0.0,0.0,1.0,0.0,0.0,0.0,0.0,0.0,1.0,0.0,0.0,0.0,0.0,0.0,0.0,0.0,0.0,1.0,0.0,0.0,1.0,1.0,0.0,0.0,0.0,1.0,0.0,0.0,0.0,0.0,1.0,0.0,0.0,0.0,0.0,0.0,0.0,0.0,0.0,0.0,0.0,0.0,1.0,0.0,1.0,1.0,0.0,0.0,0.0,1.0,0.0,0.0,1.0,0.0,0.0,1.0,0.0,1.0,1.0,0.0,0.0,1.0,0.0,0.0,1.0,0.0,1.0,0.0,0.0,0.0,0.0,0.0,0.0,0.0,0.88,0.6799999999999999,0.96,1.0,0.72,0.76,0.64,0.84,0.84,0.6799999999999999,0.72,0.6,0.8,0.8,0.64,0.6799999999999999,0.6,0.76,0.76,0.6,0.64,0.56,0.6799999999999999,0.6799999999999999,0.56,0.6,0.52,0.64,0.64,0.56,0.56,0.52,0.6,0.6,0.52,0.56,0.88,0.6799999999999999,0.96,1.0,0.72,0.76,0.64,0.84,0.84,0.6799999999999999,0.72,0.6,0.8,0.8,0.64,0.6799999999999999,0.6,0.76,0.76,0.6,0.64,0.56,0.6799999999999999,0.6799999999999999,0.56,0.6,0.52,0.64,0.64,0.56,0.56,0.52,0.6,0.6,0.52,0.56
753,1.0,0.0,0.0,0.0,1.0,0.0,0.0,1.0,0.0,1.0,0.0,1.0,0.0,0.0,1.0,0.0,1.0,0.0,1.0,1.0,0.0,0.0,0.0,0.0,1.0,0.0,0.0,1.0,0.0,0.0,0.0,0.0,0.0,1.0,0.0,0.0,0.0,0.0,0.0,0.0,0.0,0.0,0.0,0.0,0.0,0.0,0.0,0.0,0.0,0.0,0.0,1.0,0.0,0.0,1.0,0.0,0.0,0.0,1.0,0.0,0.0,0.0,0.0,0.0,0.0,0.0,0.0,0.0,0.0,1.0,0.0,0.0,0.0,1.0,1.0,1.0,0.0,1.0,1.0,0.0,1.0,0.0,0.0,0.0,1.0,0.0,0.0,0.0,0.0,1.0,1.0,0.0,0.0,0.0,0.0,0.0,0.0,0.0,0.0,0.0,0.0,1.0,0.0,0.0,0.4,0.43999999999999995,0.43999999999999995,0.43999999999999995,0.4,0.43999999999999995,0.43999999999999995,0.43999999999999995,0.43999999999999995,0.36,0.43999999999999995,0.43999999999999995,0.43999999999999995,0.43999999999999995,0.36,0.4,0.43999999999999995,0.43999999999999995,0.48,0.36,0.4,0.43999999999999995,0.52,0.4,0.36,0.4,0.4,1.0,0.4,0.31999999999999995,0.36,0.4,0.4,0.4,0.31999999999999995,0.36,0.4,0.43999999999999995,0.43999999999999995,0.43999999999999995,0.4,0.43999999999999995,0.43999999999999995,0.43999999999999995,0.43999999999999995,0.36,0.43999999999999995,0.43999999999999995,0.43999999999999995,0.43999999999999995,0.36,0.4,0.43999999999999995,0.43999999999999995,0.48,0.36,0.4,0.43999999999999995,0.52,0.4,0.36,0.4,0.4,1.0,0.4,0.31999999999999995,0.36,0.4,0.4,0.4,0.31999999999999995,0.36
754,1.0,1.0,1.0,0.0,0.0,0.0,0.0,0.0,0.0,0.0,0.0,0.0,0.0,0.0,0.0,0.0,0.0,0.0,1.0,0.0,0.0,0.0,0.0,0.0,0.0,0.0,1.0,1.0,1.0,0.0,1.0,0.0,0.0,0.0,0.0,0.0,0.0,0.0,1.0,0.0,0.0,0.0,0.0,0.0,1.0,0.0,0.0,1.0,0.0,1.0,1.0,0.0,0.0,0.0,0.0,0.0,0.0,0.0,0.0,0.0,0.0,0.0,1.0,1.0,0.0,1.0,0.0,1.0,0.0,0.0,0.0,1.0,1.0,0.0,0.0,1.0,0.0,0.0,0.0,0.0,0.0,1.0,0.0,1.0,0.0,1.0,1.0,0.0,0.0,0.0,0.0,0.0,0.0,1.0,0.0,0.0,0.0,0.0,1.0,0.0,0.0,0.0,0.0,0.0,0.84,0.6799999999999999,0.76,1.0,0.76,0.6799999999999999,0.64,0.6799999999999999,0.88,0.6799999999999999,0.64,0.6,0.64,0.76,0.64,0.6,0.56,0.6,0.72,0.6,0.56,0.56,0.6,0.6799999999999999,0.6,0.56,0.52,0.56,0.64,0.56,0.52,0.52,0.52,0.6,0.52,0.52,0.84,0.6799999999999999,0.76,1.0,0.76,0.6799999999999999,0.64,0.6799999999999999,0.88,0.6799999999999999,0.64,0.6,0.64,0.76,0.64,0.6,0.56,0.6,0.72,0.6,0.56,0.56,0.6,0.6799999999999999,0.6,0.56,0.52,0.56,0.64,0.56,0.52,0.52,0.52,0.6,0.52,0.52
755,0.0,1.0,0.0,0.0,0.0,0.0,0.0,0.0,1.0,0.0,0.0,1.0,0.0,1.0,0.0,0.0,1.0,0.0,0.0,0.0,1.0,0.0,0.0,0.0,0.0,1.0,0.0,0.0,1.0,0.0,0.0,0.0,0.0,0.0,0.0,0.0,0.0,1.0,0.0,0.0,1.0,0.0,0.0,1.0,0.0,0.0,0.0,1.0,1.0,0.0,0.0,0.0,0.0,0.0,1.0,0.0,0.0,1.0,1.0,0.0,0.0,1.0,0.0,0.0,0.0,0.0,1.0,0.0,0.0,0.0,0.0,0.0,0.0,0.0,0.0,0.0,1.0,0.0,1.0,0.0,0.0,0.0,0.0,0.0,1.0,1.0,0.0,1.0,1.0,0.0,0.0,1.0,0.0,0.0,0.0,0.0,0.0,0.0,0.0,0.0,0.0,0.0,1.0,0.0,0.8,0.92,0.8,1.0,0.8,0.88,0.88,0.72,1.0,0.76,0.84,0.8,0.6799999999999999,0.88,0.6799999999999999,0.8,0.72,0.64,0.84,0.64,0.6799999999999999,0.6799999999999999,0.6,0.72,0.6,0.64,0.64,0.56,0.6799999999999999,0.6,0.6,0.6,0.56,0.64,0.56,0.6,0.8,0.92,0.8,1.0,0.8,0.88,0.88,0.72,1.0,0.76,0.84,0.8,0.6799999999999999,0.88,0.6799999999999999,0.8,0.72,0.64,0.84,0.64,0.6799999999999999,0.6799999999999999,0.6,0.72,0.6,0.64,0.64,0.56,0.6799999999999999,0.6,0.6,0.6,0.56,0.64,0.56,0.6
756,0.0,0.0,0.0,0.0,0.0,0.0,0.0,0.0,0.0,0.0,1.0,1.0,0.0,0.0,0.0,0.0,1.0,1.0,0.0,0.0,1.0,0.0,0.0,0.0,0.0,1.0,0.0,0.0,0.0,0.0,1.0,0.0,0.0,1.0,1.0,0.0,1.0,1.0,1.0,0.0,0.0,0.0,0.0,0.0,0.0,0.0,0.0,0.0,0.0,1.0,0.0,0.0,0.0,1.0,1.0,0.0,0.0,1.0,1.0,0.0,0.0,0.0,0.0,0.0,0.0,1.0,1.0,1.0,0.0,0.0,0.0,0.0,0.0,0.0,0.0,1.0,0.0,0.0,1.0,0.0,1.0,0.0,0.0,1.0,0.0,0.0,0.0,0.0,0.0,0.0,0.0,0.0,0.0,0.0,0.0,0.0,0.0,1.0,0.0,0.0,1.0,0.0,0.0,0.0,0.8,0.6799999999999999,0.92,1.0,0.64,0.76,0.64,0.92,1.0,0.6,0.6799999999999999,0.6,0.84,0.92,0.6,0.64,0.56,0.8,0.96,0.56,0.6,0.56,0.72,0.72,0.52,0.56,0.52,0.6799999999999999,0.6799999999999999,0.52,0.56,0.52,0.64,0.64,0.48,0.52,0.8,0.6799999999999999,0.92,1.0,0.64,0.76,0.64,0.92,1.0,0.6,0.6799999999999999,0.6,0.84,0.92,0.6,0.64,0.56,0.8,0.96,0.56,0.6,0.56,0.72,0.72,0.52,0.56,0.52,0.6799999999999999,0.6799999999999999,0.52,0.56,0.52,0.64,0.64,0.48,0.52
757,0.0,0.0,0.0,0.0,1.0,0.0,0.0,0.0,0.0,1.0,1.0,0.0,0.0,0.0,1.0,0.0,0.0,1.0,0.0,0.0,1.0,0.0,0.0,1.0,1.0,0.0,0.0,1.0,0.0,0.0,0.0,0.0,0.0,1.0,0.0,0.0,0.0,1.0,0.0,0.0,0.0,0.0,0.0,0.0,1.0,1.0,0.0,0.0,0.0,0.0,0.0,0.0,0.0,0.0,1.0,0.0,0.0,0.0,0.0,0.0,1.0,0.0,0.0,1.0,0.0,0.0,0.0,0.0,1.0,0.0,1.0,1.0,0.0,0.0,0.0,0.0,0.0,0.0,1.0,0.0,0.0,1.0,0.0,0.0,0.0,0.0,0.0,0.0,1.0,0.0,1.0,0.0,1.0,0.0,1.0,0.0,0.0,0.0,1.0,0.0,0.0,0.0,0.0,0.0,0.88,0.76,1.0,0.92,0.72,0.76,0.72,0.88,0.8,0.6799999999999999,0.72,0.6799999999999999,0.84,0.76,0.64,0.6799999999999999,0.64,0.76,0.72,0.6,0.64,0.6,0.72,0.6799999999999999,0.56,0.6,0.56,0.6799999999999999,0.64,0.56,0.56,0.56,0.64,0.6,0.52,0.56,0.88,0.76,1.0,0.92,0.72,0.76,0.72,0.88,0.8,0.6799999999999999,0.72,0.6799999999999999,0.84,0.76,0.64,0.6799999999999999,0.64,0.76,0.72,0.6,0.64,0.6,0.72,0.6799999999999999,0.56,0.6,0.56,0.6799999999999999,0.64,0.56,0.56,0.56,0.64,0.6,0.52,0.56
758,0.0,0.0,0.0,0.0,0.0,0.0,0.0,1.0,0.0,0.0,0.0,0.0,0.0,1.0,1.0,0.0,0.0,0.0,0.0,0.0,1.0,0.0,0.0,0.0,0.0,0.0,1.0,1.0,1.0,0.0,0.0,0.0,0.0,0.0,0.0,0.0,0.0,1.0,0.0,0.0,0.0,1.0,0.0,1.0,1.0,0.0,0.0,1.0,1.0,0.0,0.0,0.0,1.0,0.0,1.0,0.0,0.0,0.0,0.0,0.0,1.0,0.0,1.0,0.0,0.0,0.0,0.0,1.0,1.0,0.0,0.0,0.0,0.0,0.0,0.0,1.0,1.0,1.0,0.0,0.0,0.0,0.0,1.0,0.0,0.0,0.0,1.0,0.0,0.0,0.0,0.0,0.0,0.0,0.0,0.0,0.0,0.0,0.0,0.0,0.0,0.0,0.0,1.0,1.0,0.84,0.8,1.0,0.88,0.96,0.92,0.72,0.92,0.8,0.92,0.88,0.6799999999999999,0.88,0.76,0.88,0.76,0.64,0.84,0.6799999999999999,0.84,0.72,0.6,0.72,0.64,0.72,0.6799999999999999,0.56,0.6799999999999999,0.6,0.6799999999999999,0.64,0.56,0.64,0.6,0.64,0.6,0.84,0.8,1.0,0.88,0.96,0.92,0.72,0.92,0.8,0.92,0.88,0.6799999999999999,0.88,0.76,0.88,0.76,0.64,0.84,0.6799999999999999,0.84,0.72,0.6,0.72,0.64,0.72,0.6799999999999999,0.56,0.6799999999999999,0.6,0.6799999999999999,0.64,0.56,0.64,0.6,0.64,0.6
759,0.0,0.0,1.0,0.0,0.0,0.0,0.0,1.0,0.0,0.0,0.0,0.0,1.0,0.0,0.0,0.0,0.0,0.0,0.0,0.0,0.0,0.0,0.0,0.0,1.0,0.0,0.0,0.0,1.0,0.0,1.0,0.0,1.0,0.0,0.0,0.0,1.0,0.0,0.0,1.0,1.0,0.0,0.0,1.0,1.0,0.0,0.0,1.0,0.0,0.0,0.0,0.0,0.0,1.0,0.0,0.0,1.0,1.0,0.0,0.0,1.0,1.0,1.0,0.0,0.0,1.0,0.0,0.0,0.0,0.0,0.0,0.0,0.0,0.0,1.0,1.0,0.0,0.0,1.0,0.0,0.0,0.0,0.0,0.0,0.0,0.0,0.0,0.0,0.0,0.0,0.0,0.0,0.0,0.0,0.0,0.0,0.0,1.0,0.0,0.0,1.0,1.0,0.0,0.0,0.88,1.0,0.6799999999999999,0.6799999999999999,0.88,0.76,0.92,0.64,0.64,0.84,0.72,0.8,0.6,0.6,0.76,0.6799999999999999,0.76,0.56,0.6,0.72,0.64,0.72,0.52,0.56,0.6799999999999999,0.6,0.6799999999999999,0.52,0.52,0.64,0.56,0.64,0.48,0.52,0.6,0.52,0.88,1.0,0.6799999999999999,0.6799999999999999,0.88,0.76,0.92,0.64,0.64,0.84,0.72,0.8,0.6,0.6,0.76,0.6799999999999999,0.76,0.56,0.6,0.72,0.64,0.72,0.52,0.56,0.6799999999999999,0.6,0.6799999999999999,0.52,0.52,0.64,0.56,0.64,0.48,0.52,0.6,0.52
760,0.0,0.0,0.0,0.0,0.0,0.0,1.0,0.0,0.0,0.0,1.0,0.0,0.0,0.0,0.0,0.0,1.0,0.0,0.0,0.0,1.0,0.0,0.0,1.0,1.0,0.0,1.0,0.0,0.0,0.0,0.0,1.0,0.0,1.0,0.0,0.0,0.0,0.0,0.0,1.0,0.0,0.0,0.0,0.0,1.0,0.0,0.0,0.0,1.0,0.0,1.0,0.0,0.0,0.0,0.0,0.0,0.0,0.0,0.0,1.0,0.0,0.0,0.0,0.0,1.0,0.0,0.0,1.0,0.0,0.0,1.0,1.0,0.0,1.0,1.0,0.0,0.0,1.0,0.0,0.0,0.0,0.0,1.0,0.0,0.0,0.0,0.0,1.0,0.0,0.0,0.0,0.0,0.0,0.0,0.0,1.0,0.0,0.0,0.0,0.0,0.0,1.0,0.0,1.0,0.6,0.52,0.72,0.52,0.72,0.6799999999999999,0.48,0.72,0.48,0.72,0.6799999999999999,0.48,0.72,0.48,0.6799999999999999,0.6799999999999999,0.48,0.72,0.48,0.76,0.56,0.43999999999999995,1.0,0.43999999999999995,0.6799999999999999,0.52,0.43999999999999995,0.56,0.43999999999999995,0.52,0.52,0.43999999999999995,0.52,0.43999999999999995,0.52,0.48,0.6,0.52,0.72,0.52,0.72,0.6799999999999999,0.48,0.72,0.48,0.72,0.6799999999999999,0.48,0.72,0.48,0.6799999999999999,0.6799999999999999,0.48,0.72,0.48,0.76,0.56,0.43999999999999995,1.0,0.43999999999999995,0.6799999999999999,0.52,0.43999999999999995,0.56,0.43999999999999995,0.52,0.52,0.43999999999999995,0.52,0.43999999999999995,0.52,0.48
761,1.0,0.0,0.0,0.0,0.0,0.0,1.0,0.0,0.0,0.0,0.0,0.0,0.0,0.0,1.0,1.0,1.0,0.0,0.0,0.0,1.0,0.0,0.0,0.0,0.0,1.0,0.0,1.0,0.0,0.0,0.0,1.0,0.0,0.0,0.0,1.0,0.0,1.0,0.0,1.0,0.0,0.0,0.0,0.0,0.0,1.0,0.0,0.0,0.0,0.0,0.0,0.0,0.0,1.0,0.0,0.0,1.0,0.0,0.0,1.0,0.0,0.0,0.0,0.0,0.0,0.0,0.0,0.0,0.0,1.0,0.0,0.0,0.0,0.0,0.0,1.0,1.0,0.0,0.0,0.0,0.0,0.0,0.0,0.0,1.0,0.0,0.0,0.0,0.0,0.0,1.0,0.0,0.0,0.0,1.0,0.0,0.0,0.0,1.0,1.0,1.0,0.0,1.0,0.0,0.84,0.76,0.96,0.84,1.0,0.88,0.6799999999999999,0.92,0.76,0.88,0.8,0.64,0.84,0.72,0.84,0.76,0.6,0.84,0.6799999999999999,0.76,0.6799999999999999,0.6,0.72,0.64,0.6799999999999999,0.64,0.56,0.6799999999999999,0.6,0.64,0.6,0.52,0.64,0.56,0.6,0.6,0.84,0.76,0.96,0.84,1.0,0.88,0.6799999999999999,0.92,0.76,0.88,0.8,0.64,0.84,0.72,0.84,0.76,0.6,0.84,0.6799999999999999,0.76,0.6799999999999999,0.6,0.72,0.64,0.6799999999999999,0.64,0.56,0.6799999999999999,0.6,0.64,0.6,0.52,0.64,0.56,0.6,0.6
762,0.0,0.0,0.0,1.0,0.0,0.0,0.0,1.0,0.0,1.0,0.0,0.0,0.0,0.0,1.0,0.0,1.0,0.0,0.0,0.0,0.0,0.0,0.0,0.0,1.0,0.0,0.0,1.0,1.0,0.0,0.0,0.0,0.0,1.0,0.0,0.0,0.0,1.0,0.0,0.0,1.0,0.0,0.0,0.0,1.0,0.0,0.0,0.0,1.0,0.0,0.0,0.0,0.0,0.0,1.0,0.0,1.0,1.0,0.0,0.0,0.0,0.0,0.0,0.0,1.0,0.0,0.0,0.0,0.0,1.0,1.0,0.0,0.0,0.0,1.0,1.0,0.0,0.0,0.0,0.0,0.0,0.0,1.0,1.0,1.0,0.0,1.0,0.0,0.0,0.0,0.0,0.0,0.0,0.0,1.0,0.0,0.0,0.0,0.0,0.0,0.0,0.0,0.0,0.0,1.0,0.8,0.84,0.88,0.72,0.76,0.76,0.8,0.84,0.6799999999999999,0.72,0.72,0.76,0.76,0.64,0.6799999999999999,0.6799999999999999,0.72,0.72,0.6,0.64,0.64,0.6799999999999999,0.6799999999999999,0.56,0.6,0.6,0.64,0.64,0.52,0.56,0.56,0.6,0.6,0.52,0.56,1.0,0.8,0.84,0.88,0.72,0.76,0.76,0.8,0.84,0.6799999999999999,0.72,0.72,0.76,0.76,0.64,0.6799999999999999,0.6799999999999999,0.72,0.72,0.6,0.64,0.64,0.6799999999999999,0.6799999999999999,0.56,0.6,0.6,0.64,0.64,0.52,0.56,0.56,0.6,0.6,0.52,0.56
763,0.0,0.0,1.0,1.0,0.0,0.0,0.0,0.0,1.0,0.0,0.0,1.0,0.0,0.0,0.0,0.0,0.0,1.0,0.0,0.0,0.0,0.0,1.0,0.0,0.0,0.0,0.0,1.0,0.0,0.0,0.0,0.0,0.0,0.0,0.0,0.0,1.0,1.0,0.0,0.0,0.0,1.0,0.0,0.0,0.0,1.0,0.0,1.0,0.0,1.0,0.0,0.0,0.0,0.0,0.0,0.0,0.0,0.0,0.0,0.0,0.0,0.0,1.0,0.0,0.0,1.0,0.0,1.0,0.0,0.0,1.0,0.0,0.0,1.0,0.0,0.0,0.0,1.0,0.0,0.0,0.0,1.0,0.0,0.0,0.0,0.0,0.0,0.0,0.0,0.0,0.0,1.0,0.0,0.0,1.0,1.0,0.0,0.0,1.0,0.0,0.0,0.0,1.0,1.0,0.6,0.56,0.64,0.52,0.72,0.6799999999999999,0.52,0.64,0.52,0.72,0.6799999999999999,0.52,0.6,0.48,0.72,0.84,0.48,0.52,0.48,1.0,0.6799999999999999,0.48,0.52,0.48,0.56,0.52,0.48,0.48,0.43999999999999995,0.52,0.52,0.43999999999999995,0.48,0.43999999999999995,0.52,0.48,0.6,0.56,0.64,0.52,0.72,0.6799999999999999,0.52,0.64,0.52,0.72,0.6799999999999999,0.52,0.6,0.48,0.72,0.84,0.48,0.52,0.48,1.0,0.6799999999999999,0.48,0.52,0.48,0.56,0.52,0.48,0.48,0.43999999999999995,0.52,0.52,0.43999999999999995,0.48,0.43999999999999995,0.52,0.48
764,0.0,0.0,1.0,0.0,1.0,0.0,0.0,1.0,0.0,0.0,0.0,0.0,0.0,0.0,0.0,0.0,0.0,1.0,0.0,0.0,1.0,0.0,0.0,0.0,0.0,0.0,0.0,0.0,0.0,1.0,0.0,0.0,0.0,0.0,1.0,0.0,1.0,0.0,0.0,0.0,0.0,0.0,1.0,0.0,0.0,0.0,1.0,1.0,0.0,1.0,0.0,1.0,0.0,0.0,0.0,1.0,0.0,1.0,0.0,0.0,0.0,1.0,1.0,0.0,0.0,1.0,0.0,1.0,0.0,0.0,1.0,0.0,0.0,0.0,0.0,1.0,0.0,1.0,0.0,0.0,0.0,0.0,0.0,1.0,0.0,0.0,0.0,0.0,0.0,1.0,0.0,1.0,0.0,0.0,0.0,0.0,0.0,0.0,0.0,0.0,1.0,0.0,0.0,0.0,0.84,0.92,0.88,0.8,1.0,0.96,0.88,0.8,0.76,0.92,0.88,0.8,0.76,0.6799999999999999,0.8,0.84,0.76,0.72,0.64,0.76,0.72,0.6799999999999999,0.6799999999999999,0.6,0.72,0.6799999999999999,0.64,0.64,0.6,0.6799999999999999,0.64,0.6,0.6,0.56,0.64,0.6,0.84,0.92,0.88,0.8,1.0,0.96,0.88,0.8,0.76,0.92,0.88,0.8,0.76,0.6799999999999999,0.8,0.84,0.76,0.72,0.64,0.76,0.72,0.6799999999999999,0.6799999999999999,0.6,0.72,0.6799999999999999,0.64,0.64,0.6,0.6799999999999999,0.64,0.6,0.6,0.56,0.64,0.6
765,0.0,1.0,0.0,0.0,0.0,0.0,0.0,0.0,0.0,1.0,0.0,0.0,1.0,0.0,0.0,0.0,0.0,0.0,0.0,0.0,0.0,0.0,1.0,1.0,0.0,0.0,0.0,0.0,1.0,1.0,0.0,1.0,0.0,1.0,0.0,0.0,1.0,0.0,0.0,0.0,0.0,0.0,0.0,0.0,1.0,0.0,1.0,0.0,0.0,1.0,0.0,0.0,0.0,0.0,0.0,0.0,0.0,0.0,0.0,1.0,0.0,0.0,1.0,1.0,0.0,1.0,1.0,0.0,0.0,0.0,0.0,0.0,0.0,1.0,0.0,0.0,0.0,0.0,0.0,0.0,0.0,0.0,1.0,0.0,0.0,0.0,0.0,0.0,0.0,0.0,0.0,1.0,1.0,0.0,1.0,1.0,0.0,1.0,0.0,1.0,0.0,0.0,0.0,0.0,0.84,0.72,0.6799999999999999,0.72,1.0,0.72,0.6799999999999999,0.64,0.6799999999999999,0.88,0.6799999999999999,0.64,0.6,0.64,0.8,0.64,0.6,0.56,0.6,0.76,0.6,0.56,0.56,0.56,0.6799999999999999,0.56,0.56,0.52,0.56,0.64,0.56,0.52,0.52,0.52,0.6,0.52,0.84,0.72,0.6799999999999999,0.72,1.0,0.72,0.6799999999999999,0.64,0.6799999999999999,0.88,0.6799999999999999,0.64,0.6,0.64,0.8,0.64,0.6,0.56,0.6,0.76,0.6,0.56,0.56,0.56,0.6799999999999999,0.56,0.56,0.52,0.56,0.64,0.56,0.52,0.52,0.52,0.6,0.52
766,0.0,0.0,1.0,0.0,0.0,0.0,0.0,1.0,0.0,1.0,0.0,0.0,0.0,0.0,0.0,0.0,0.0,0.0,1.0,1.0,1.0,0.0,0.0,1.0,0.0,1.0,0.0,1.0,0.0,0.0,1.0,0.0,1.0,0.0,0.0,0.0,0.0,0.0,0.0,0.0,0.0,0.0,0.0,0.0,0.0,0.0,1.0,0.0,0.0,0.0,0.0,1.0,1.0,0.0,0.0,0.0,1.0,0.0,0.0,0.0,0.0,0.0,1.0,0.0,1.0,0.0,0.0,0.0,0.0,1.0,0.0,0.0,0.0,1.0,0.0,0.0,0.0,0.0,0.0,0.0,0.0,1.0,0.0,0.0,0.0,1.0,0.0,1.0,0.0,0.0,0.0,1.0,0.0,0.0,0.0,1.0,0.0,0.0,0.0,0.0,0.0,1.0,1.0,0.0,0.84,0.96,0.88,0.84,0.92,1.0,0.88,0.88,0.76,0.84,0.88,0.84,0.76,0.72,0.76,0.76,0.76,0.72,0.6799999999999999,0.72,0.72,0.72,0.6799999999999999,0.64,0.6799999999999999,0.6799999999999999,0.6799999999999999,0.64,0.6,0.64,0.64,0.64,0.6,0.56,0.6,0.6,0.84,0.96,0.88,0.84,0.92,1.0,0.88,0.88,0.76,0.84,0.88,0.84,0.76,0.72,0.76,0.76,0.76,0.72,0.6799999999999999,0.72,0.72,0.72,0.6799999999999999,0.64,0.6799999999999999,0.6799999999999999,0.6799999999999999,0.64,0.6,0.64,0.64,0.64,0.6,0.56,0.6,0.6
767,0.0,1.0,0.0,0.0,1.0,0.0,0.0,0.0,0.0,0.0,1.0,1.0,0.0,0.0,0.0,0.0,1.0,0.0,0.0,0.0,1.0,1.0,0.0,0.0,0.0,0.0,0.0,0.0,0.0,1.0,1.0,0.0,0.0,0.0,1.0,0.0,0.0,0.0,0.0,1.0,0.0,0.0,0.0,0.0,0.0,0.0,1.0,0.0,0.0,0.0,1.0,0.0,0.0,0.0,0.0,0.0,0.0,0.0,1.0,1.0,0.0,0.0,0.0,0.0,0.0,1.0,1.0,0.0,0.0,0.0,1.0,0.0,0.0,0.0,0.0,1.0,0.0,0.0,0.0,0.0,0.0,0.0,0.0,1.0,0.0,1.0,0.0,1.0,0.0,0.0,0.0,0.0,1.0,1.0,0.0,0.0,1.0,0.0,0.0,0.0,0.0,1.0,0.0,0.0,1.0,0.72,0.76,0.72,0.76,0.72,0.6799999999999999,0.72,0.6799999999999999,0.72,0.6799999999999999,0.64,0.6799999999999999,0.64,0.6799999999999999,0.64,0.6,0.64,0.6,0.64,0.6,0.56,0.6,0.56,0.6,0.56,0.56,0.56,0.52,0.56,0.56,0.52,0.52,0.52,0.56,0.52,1.0,0.72,0.76,0.72,0.76,0.72,0.6799999999999999,0.72,0.6799999999999999,0.72,0.6799999999999999,0.64,0.6799999999999999,0.64,0.6799999999999999,0.64,0.6,0.64,0.6,0.64,0.6,0.56,0.6,0.56,0.6,0.56,0.56,0.56,0.52,0.56,0.56,0.52,0.52,0.52,0.56,0.52
768,1.0,0.0,0.0,0.0,0.0,0.0,1.0,0.0,1.0,0.0,0.0,0.0,0.0,1.0,0.0,0.0,0.0,0.0,0.0,0.0,0.0,1.0,0.0,0.0,1.0,0.0,0.0,0.0,0.0,1.0,1.0,0.0,0.0,0.0,0.0,0.0,1.0,0.0,0.0,0.0,0.0,0.0,1.0,1.0,0.0,0.0,1.0,0.0,0.0,0.0,0.0,1.0,0.0,1.0,1.0,0.0,0.0,0.0,0.0,0.0,0.0,1.0,1.0,0.0,0.0,0.0,0.0,0.0,0.0,1.0,1.0,0.0,1.0,0.0,0.0,1.0,0.0,1.0,1.0,0.0,0.0,0.0,0.0,0.0,1.0,0.0,0.0,0.0,0.0,1.0,0.0,0.0,0.0,0.0,0.0,0.0,1.0,0.0,0.0,0.0,0.0,0.0,0.0,0.0,0.84,0.92,1.0,0.84,0.76,0.92,0.88,1.0,0.76,0.72,0.8,0.8,1.0,0.72,0.6799999999999999,0.76,0.76,0.8,0.6799999999999999,0.64,0.6799999999999999,0.6799999999999999,0.76,0.64,0.6,0.64,0.64,0.72,0.6,0.56,0.6,0.6,0.6799999999999999,0.56,0.52,0.6,0.84,0.92,1.0,0.84,0.76,0.92,0.88,1.0,0.76,0.72,0.8,0.8,1.0,0.72,0.6799999999999999,0.76,0.76,0.8,0.6799999999999999,0.64,0.6799999999999999,0.6799999999999999,0.76,0.64,0.6,0.64,0.64,0.72,0.6,0.56,0.6,0.6,0.6799999999999999,0.56,0.52,0.6
769,0.0,0.0,0.0,1.0,0.0,0.0,1.0,1.0,1.0,0.0,0.0,1.0,0.0,0.0,0.0,0.0,0.0,0.0,1.0,0.0,0.0,0.0,0.0,1.0,0.0,0.0,0.0,1.0,0.0,0.0,0.0,1.0,0.0,0.0,0.0,0.0,1.0,1.0,0.0,0.0,0.0,0.0,0.0,0.0,0.0,0.0,0.0,1.0,0.0,0.0,0.0,1.0,0.0,1.0,0.0,0.0,0.0,0.0,0.0,0.0,0.0,0.0,0.0,0.0,1.0,0.0,0.0,0.0,1.0,0.0,0.0,0.0,1.0,0.0,1.0,0.0,0.0,1.0,0.0,0.0,0.0,1.0,0.0,0.0,0.0,0.0,0.0,1.0,0.0,0.0,0.0,0.0,1.0,1.0,1.0,1.0,0.0,0.0,0.0,0.0,0.0,1.0,0.0,0.0,0.56,0.6799999999999999,0.64,0.72,0.6799999999999999,0.72,0.6799999999999999,0.64,0.72,0.6799999999999999,0.72,0.6799999999999999,0.64,0.72,0.6799999999999999,1.0,0.6799999999999999,0.6,0.76,0.6799999999999999,0.76,0.6799999999999999,0.52,0.6799999999999999,0.6799999999999999,0.6799999999999999,0.52,0.52,0.52,0.52,0.52,0.52,0.48,0.52,0.52,0.52,0.56,0.6799999999999999,0.64,0.72,0.6799999999999999,0.72,0.6799999999999999,0.64,0.72,0.6799999999999999,0.72,0.6799999999999999,0.64,0.72,0.6799999999999999,1.0,0.6799999999999999,0.6,0.76,0.6799999999999999,0.76,0.6799999999999999,0.52,0.6799999999999999,0.6799999999999999,0.6799999999999999,0.52,0.52,0.52,0.52,0.52,0.52,0.48,0.52,0.52,0.52
770,0.0,0.0,0.0,1.0,0.0,0.0,0.0,0.0,1.0,0.0,1.0,0.0,0.0,1.0,0.0,0.0,0.0,0.0,0.0,0.0,0.0,0.0,0.0,1.0,0.0,0.0,1.0,0.0,0.0,1.0,0.0,0.0,0.0,1.0,0.0,0.0,0.0,0.0,0.0,0.0,0.0,1.0,0.0,0.0,1.0,1.0,0.0,1.0,0.0,1.0,0.0,0.0,0.0,0.0,0.0,0.0,1.0,1.0,0.0,0.0,0.0,0.0,0.0,0.0,1.0,0.0,0.0,0.0,0.0,1.0,0.0,0.0,1.0,0.0,0.0,0.0,1.0,0.0,0.0,1.0,0.0,0.0,1.0,1.0,0.0,0.0,1.0,1.0,0.0,0.0,0.0,0.0,0.0,0.0,0.0,1.0,0.0,0.0,0.0,0.0,0.0,0.0,1.0,0.0,1.0,0.84,0.8,0.96,0.92,0.8,0.8,0.76,0.88,0.84,0.76,0.76,0.72,0.8,0.8,0.72,0.72,0.6799999999999999,0.76,0.76,0.6799999999999999,0.6799999999999999,0.64,0.72,0.72,0.64,0.64,0.6,0.6799999999999999,0.6799999999999999,0.6,0.6,0.56,0.64,0.64,0.56,1.0,0.84,0.8,0.96,0.92,0.8,0.8,0.76,0.88,0.84,0.76,0.76,0.72,0.8,0.8,0.72,0.72,0.6799999999999999,0.76,0.76,0.6799999999999999,0.6799999999999999,0.64,0.72,0.72,0.64,0.64,0.6,0.6799999999999999,0.6799999999999999,0.6,0.6,0.56,0.64,0.64,0.56
771,0.0,0.0,1.0,0.0,1.0,0.0,0.0,0.0,0.0,0.0,0.0,1.0,1.0,1.0,0.0,0.0,0.0,0.0,0.0,0.0,0.0,1.0,0.0,0.0,0.0,0.0,0.0,1.0,0.0,1.0,1.0,0.0,0.0,0.0,0.0,1.0,0.0,0.0,1.0,0.0,0.0,0.0,1.0,0.0,0.0,0.0,0.0,1.0,0.0,0.0,0.0,0.0,0.0,0.0,0.0,0.0,0.0,1.0,0.0,0.0,0.0,0.0,0.0,0.0,0.0,0.0,1.0,1.0,1.0,0.0,1.0,0.0,0.0,0.0,0.0,0.0,0.0,0.0,0.0,0.0,1.0,0.0,0.0,1.0,0.0,1.0,1.0,0.0,0.0,0.0,0.0,0.0,1.0,1.0,0.0,0.0,0.0,0.0,0.0,0.0,1.0,0.0,1.0,0.0,0.84,0.6799999999999999,0.72,1.0,0.76,0.76,0.64,0.6799999999999999,0.92,0.6799999999999999,0.6799999999999999,0.6,0.64,0.8,0.64,0.64,0.56,0.6,0.76,0.6,0.6,0.56,0.56,0.6799999999999999,0.6,0.6,0.52,0.52,0.64,0.56,0.56,0.52,0.52,0.6,0.52,0.52,0.84,0.6799999999999999,0.72,1.0,0.76,0.76,0.64,0.6799999999999999,0.92,0.6799999999999999,0.6799999999999999,0.6,0.64,0.8,0.64,0.64,0.56,0.6,0.76,0.6,0.6,0.56,0.56,0.6799999999999999,0.6,0.6,0.52,0.52,0.64,0.56,0.56,0.52,0.52,0.6,0.52,0.52
772,0.0,0.0,0.0,0.0,0.0,0.0,0.0,1.0,1.0,0.0,0.0,0.0,0.0,0.0,0.0,1.0,0.0,0.0,0.0,1.0,0.0,0.0,0.0,0.0,1.0,0.0,0.0,0.0,0.0,0.0,0.0,0.0,0.0,1.0,0.0,1.0,0.0,1.0,1.0,1.0,0.0,0.0,0.0,1.0,0.0,0.0,0.0,1.0,0.0,1.0,0.0,0.0,1.0,0.0,0.0,1.0,0.0,1.0,1.0,0.0,0.0,1.0,1.0,0.0,1.0,0.0,0.0,0.0,0.0,0.0,0.0,0.0,0.0,0.0,0.0,1.0,0.0,1.0,0.0,0.0,0.0,1.0,1.0,0.0,0.0,0.0,0.0,0.0,0.0,0.0,0.0,0.0,0.0,0.0,0.0,0.0,1.0,0.0,0.0,0.0,0.0,0.0,0.0,1.0,0.4,0.43999999999999995,0.43999999999999995,0.48,0.43999999999999995,0.48,0.43999999999999995,0.43999999999999995,0.48,0.43999999999999995,0.48,0.43999999999999995,0.43999999999999995,0.48,0.43999999999999995,0.56,0.43999999999999995,0.4,0.56,0.48,0.56,0.52,0.4,0.43999999999999995,0.4,0.56,1.0,0.4,0.52,0.4,0.8,0.6,0.36,0.48,0.4,0.64,0.4,0.43999999999999995,0.43999999999999995,0.48,0.43999999999999995,0.48,0.43999999999999995,0.43999999999999995,0.48,0.43999999999999995,0.48,0.43999999999999995,0.43999999999999995,0.48,0.43999999999999995,0.56,0.43999999999999995,0.4,0.56,0.48,0.56,0.52,0.4,0.43999999999999995,0.4,0.56,1.0,0.4,0.52,0.4,0.8,0.6,0.36,0.48,0.4,0.64
773,0.0,0.0,1.0,1.0,0.0,0.0,0.0,0.0,0.0,0.0,1.0,0.0,1.0,0.0,1.0,1.0,0.0,0.0,0.0,0.0,1.0,0.0,0.0,0.0,0.0,0.0,0.0,0.0,1.0,1.0,0.0,0.0,0.0,0.0,0.0,0.0,1.0,0.0,1.0,1.0,0.0,1.0,0.0,0.0,0.0,0.0,0.0,0.0,0.0,0.0,0.0,0.0,0.0,0.0,0.0,0.0,1.0,0.0,0.0,0.0,1.0,0.0,0.0,1.0,0.0,0.0,0.0,0.0,0.0,0.0,0.0,1.0,0.0,1.0,1.0,0.0,0.0,0.0,0.0,1.0,0.0,0.0,1.0,1.0,0.0,0.0,1.0,0.0,0.0,0.0,0.0,0.0,0.0,0.0,1.0,1.0,0.0,1.0,0.0,0.0,0.0,0.0,0.0,0.0,0.96,0.92,0.76,1.0,0.72,0.76,0.84,0.72,0.84,0.6799999999999999,0.72,0.8,0.6799999999999999,0.8,0.64,0.6799999999999999,0.76,0.64,0.76,0.6,0.64,0.72,0.6,0.72,0.56,0.6,0.6799999999999999,0.56,0.6799999999999999,0.56,0.56,0.64,0.52,0.64,0.52,0.56,0.96,0.92,0.76,1.0,0.72,0.76,0.84,0.72,0.84,0.6799999999999999,0.72,0.8,0.6799999999999999,0.8,0.64,0.6799999999999999,0.76,0.64,0.76,0.6,0.64,0.72,0.6,0.72,0.56,0.6,0.6799999999999999,0.56,0.6799999999999999,0.56,0.56,0.64,0.52,0.64,0.52,0.56
774,0.0,0.0,0.0,0.0,0.0,1.0,0.0,1.0,1.0,0.0,0.0,0.0,0.0,1.0,1.0,0.0,1.0,1.0,0.0,0.0,0.0,0.0,0.0,0.0,0.0,1.0,0.0,0.0,1.0,0.0,0.0,1.0,0.0,0.0,0.0,0.0,0.0,1.0,0.0,0.0,1.0,0.0,0.0,0.0,0.0,0.0,1.0,0.0,0.0,0.0,0.0,0.0,1.0,0.0,0.0,0.0,0.0,0.0,0.0,0.0,0.0,1.0,0.0,0.0,1.0,0.0,0.0,1.0,0.0,0.0,0.0,0.0,0.0,1.0,0.0,0.0,0.0,0.0,1.0,0.0,0.0,0.0,1.0,0.0,1.0,1.0,0.0,1.0,1.0,0.0,0.0,0.0,0.0,0.0,0.0,1.0,1.0,0.0,0.0,0.0,0.0,0.0,0.0,0.0,0.84,0.6799999999999999,0.8,1.0,0.64,0.6799999999999999,0.64,0.72,0.88,0.6,0.64,0.6,0.6799999999999999,0.8,0.6,0.6,0.56,0.64,0.76,0.56,0.56,0.56,0.6,0.6799999999999999,0.52,0.56,0.52,0.56,0.64,0.52,0.52,0.52,0.56,0.6,0.48,0.52,0.84,0.6799999999999999,0.8,1.0,0.64,0.6799999999999999,0.64,0.72,0.88,0.6,0.64,0.6,0.6799999999999999,0.8,0.6,0.6,0.56,0.64,0.76,0.56,0.56,0.56,0.6,0.6799999999999999,0.52,0.56,0.52,0.56,0.64,0.52,0.52,0.52,0.56,0.6,0.48,0.52
775,0.0,1.0,1.0,0.0,1.0,0.0,0.0,1.0,0.0,1.0,1.0,0.0,0.0,1.0,0.0,0.0,1.0,0.0,0.0,1.0,0.0,0.0,0.0,0.0,0.0,0.0,1.0,0.0,1.0,0.0,0.0,0.0,1.0,0.0,0.0,0.0,0.0,0.0,0.0,0.0,1.0,0.0,0.0,0.0,0.0,0.0,0.0,0.0,0.0,0.0,0.0,0.0,1.0,0.0,0.0,1.0,0.0,1.0,0.0,0.0,0.0,0.0,0.0,0.0,1.0,0.0,0.0,0.0,0.0,0.0,0.0,0.0,0.0,1.0,0.0,0.0,0.0,1.0,0.0,0.0,0.0,1.0,0.0,1.0,0.0,0.0,0.0,0.0,0.0,0.0,0.0,1.0,0.0,0.0,0.0,1.0,0.0,0.0,0.0,1.0,1.0,0.0,1.0,0.0,0.84,1.0,0.64,0.64,0.76,0.72,1.0,0.6,0.6,0.6799999999999999,0.6799999999999999,0.88,0.56,0.56,0.64,0.64,0.76,0.52,0.56,0.6,0.6,0.72,0.52,0.52,0.6,0.56,0.6799999999999999,0.48,0.52,0.56,0.52,0.64,0.48,0.48,0.52,0.52,0.84,1.0,0.64,0.64,0.76,0.72,1.0,0.6,0.6,0.6799999999999999,0.6799999999999999,0.88,0.56,0.56,0.64,0.64,0.76,0.52,0.56,0.6,0.6,0.72,0.52,0.52,0.6,0.56,0.6799999999999999,0.48,0.52,0.56,0.52,0.64,0.48,0.48,0.52,0.52
776,0.0,0.0,1.0,0.0,0.0,0.0,0.0,0.0,1.0,0.0,0.0,1.0,1.0,0.0,0.0,0.0,0.0,1.0,1.0,0.0,0.0,0.0,0.0,0.0,0.0,1.0,0.0,1.0,0.0,0.0,0.0,0.0,0.0,0.0,0.0,0.0,0.0,0.0,0.0,0.0,0.0,0.0,1.0,1.0,1.0,1.0,1.0,0.0,0.0,0.0,0.0,0.0,0.0,1.0,0.0,0.0,1.0,0.0,1.0,0.0,0.0,0.0,0.0,0.0,0.0,0.0,1.0,0.0,0.0,0.0,0.0,0.0,0.0,0.0,0.0,0.0,0.0,0.0,1.0,0.0,1.0,1.0,0.0,1.0,1.0,1.0,0.0,0.0,0.0,1.0,1.0,0.0,0.0,0.0,0.0,0.0,0.0,0.0,0.0,0.0,0.0,1.0,0.0,0.0,0.56,0.64,0.52,0.72,0.56,0.6,0.6,0.48,0.72,0.52,0.6,0.56,0.48,0.72,0.48,0.6799999999999999,0.52,0.48,1.0,0.48,0.52,0.48,0.43999999999999995,0.76,0.48,0.48,0.48,0.43999999999999995,0.6799999999999999,0.43999999999999995,0.48,0.48,0.43999999999999995,0.52,0.43999999999999995,0.48,0.56,0.64,0.52,0.72,0.56,0.6,0.6,0.48,0.72,0.52,0.6,0.56,0.48,0.72,0.48,0.6799999999999999,0.52,0.48,1.0,0.48,0.52,0.48,0.43999999999999995,0.76,0.48,0.48,0.48,0.43999999999999995,0.6799999999999999,0.43999999999999995,0.48,0.48,0.43999999999999995,0.52,0.43999999999999995,0.48
777,0.0,0.0,0.0,1.0,0.0,0.0,1.0,0.0,0.0,0.0,0.0,0.0,0.0,0.0,0.0,0.0,1.0,1.0,0.0,0.0,0.0,1.0,0.0,1.0,1.0,0.0,0.0,0.0,0.0,1.0,0.0,0.0,0.0,0.0,0.0,0.0,1.0,0.0,0.0,0.0,1.0,0.0,0.0,0.0,0.0,0.0,1.0,0.0,1.0,0.0,1.0,0.0,0.0,1.0,1.0,0.0,0.0,0.0,0.0,1.0,0.0,0.0,0.0,1.0,1.0,1.0,0.0,0.0,0.0,0.0,0.0,1.0,0.0,0.0,0.0,0.0,0.0,1.0,0.0,0.0,0.0,0.0,0.0,0.0,1.0,0.0,0.0,0.0,0.0,1.0,0.0,0.0,0.0,1.0,1.0,0.0,0.0,0.0,0.0,0.0,0.0,0.0,0.0,1.0,0.4,0.43999999999999995,0.43999999999999995,0.4,0.48,0.48,0.43999999999999995,0.43999999999999995,0.4,0.48,0.48,0.43999999999999995,0.43999999999999995,0.4,0.48,0.56,0.43999999999999995,0.43999999999999995,0.4,0.56,0.56,0.43999999999999995,0.52,0.36,0.48,0.52,0.4,1.0,0.36,0.52,0.8,0.4,0.4,0.36,0.4,0.4,0.4,0.43999999999999995,0.43999999999999995,0.4,0.48,0.48,0.43999999999999995,0.43999999999999995,0.4,0.48,0.48,0.43999999999999995,0.43999999999999995,0.4,0.48,0.56,0.43999999999999995,0.43999999999999995,0.4,0.56,0.56,0.43999999999999995,0.52,0.36,0.48,0.52,0.4,1.0,0.36,0.52,0.8,0.4,0.4,0.36,0.4,0.4
778,0.0,0.0,0.0,0.0,0.0,0.0,1.0,0.0,1.0,1.0,0.0,0.0,1.0,0.0,0.0,1.0,1.0,1.0,0.0,0.0,0.0,1.0,0.0,0.0,0.0,0.0,0.0,0.0,0.0,0.0,1.0,0.0,0.0,1.0,0.0,0.0,0.0,0.0,1.0,1.0,0.0,0.0,1.0,0.0,0.0,0.0,0.0,0.0,0.0,0.0,0.0,0.0,0.0,0.0,0.0,0.0,1.0,0.0,0.0,0.0,0.0,0.0,0.0,0.0,0.0,0.0,1.0,0.0,0.0,0.0,0.0,0.0,0.0,0.0,0.0,0.0,0.0,0.0,0.0,0.0,1.0,1.0,0.0,0.0,0.0,0.0,1.0,1.0,0.0,1.0,0.0,0.0,0.0,0.0,0.0,1.0,0.0,0.0,1.0,1.0,1.0,1.0,1.0,0.0,0.56,0.52,0.52,0.72,0.72,0.56,0.48,0.48,0.72,0.72,0.52,0.48,0.48,0.72,0.72,0.52,0.48,0.48,0.96,1.0,0.48,0.43999999999999995,0.43999999999999995,0.76,0.84,0.48,0.43999999999999995,0.43999999999999995,0.52,0.52,0.48,0.43999999999999995,0.43999999999999995,0.52,0.52,0.43999999999999995,0.56,0.52,0.52,0.72,0.72,0.56,0.48,0.48,0.72,0.72,0.52,0.48,0.48,0.72,0.72,0.52,0.48,0.48,0.96,1.0,0.48,0.43999999999999995,0.43999999999999995,0.76,0.84,0.48,0.43999999999999995,0.43999999999999995,0.52,0.52,0.48,0.43999999999999995,0.43999999999999995,0.52,0.52,0.43999999999999995
779,0.0,1.0,1.0,0.0,0.0,0.0,0.0,1.0,0.0,0.0,0.0,0.0,0.0,0.0,1.0,0.0,1.0,0.0,0.0,0.0,0.0,0.0,0.0,0.0,1.0,0.0,0.0,1.0,0.0,0.0,0.0,0.0,0.0,0.0,0.0,0.0,0.0,0.0,1.0,0.0,1.0,1.0,1.0,0.0,0.0,0.0,1.0,0.0,0.0,0.0,1.0,0.0,1.0,0.0,0.0,0.0,0.0,1.0,1.0,0.0,1.0,0.0,0.0,0.0,0.0,0.0,0.0,0.0,0.0,0.0,1.0,0.0,1.0,0.0,0.0,0.0,0.0,0.0,1.0,0.0,1.0,0.0,1.0,0.0,0.0,1.0,1.0,0.0,0.0,0.0,0.0,0.0,0.0,0.0,0.0,0.0,0.0,0.0,0.0,0.0,1.0,0.0,0.0,1.0,1.0,0.84,0.8,0.88,0.88,0.88,0.8,0.76,0.84,0.84,0.8,0.76,0.6799999999999999,0.76,0.8,0.76,0.72,0.64,0.72,0.76,0.72,0.6799999999999999,0.6,0.6799999999999999,0.72,0.6799999999999999,0.64,0.6,0.64,0.6799999999999999,0.64,0.6,0.56,0.6,0.64,0.6,1.0,0.84,0.8,0.88,0.88,0.88,0.8,0.76,0.84,0.84,0.8,0.76,0.6799999999999999,0.76,0.8,0.76,0.72,0.64,0.72,0.76,0.72,0.6799999999999999,0.6,0.6799999999999999,0.72,0.6799999999999999,0.64,0.6,0.64,0.6799999999999999,0.64,0.6,0.56,0.6,0.64,0.6
780,1.0,1.0,0.0,1.0,0.0,0.0,0.0,0.0,1.0,0.0,0.0,0.0,0.0,1.0,0.0,0.0,0.0,0.0,1.0,0.0,0.0,0.0,0.0,0.0,0.0,0.0,0.0,1.0,0.0,0.0,0.0,1.0,1.0,0.0,0.0,0.0,0.0,0.0,0.0,0.0,0.0,0.0,0.0,0.0,1.0,1.0,0.0,0.0,1.0,1.0,0.0,0.0,0.0,0.0,0.0,0.0,0.0,1.0,1.0,0.0,0.0,0.0,0.0,0.0,1.0,0.0,0.0,1.0,0.0,1.0,0.0,0.0,0.0,1.0,0.0,0.0,0.0,0.0,1.0,0.0,0.0,1.0,0.0,0.0,0.0,0.0,1.0,0.0,1.0,0.0,0.0,1.0,0.0,1.0,0.0,0.0,0.0,0.0,0.0,1.0,0.0,0.0,0.0,0.0,1.0,0.72,0.6799999999999999,0.72,0.76,0.6799999999999999,0.6799999999999999,0.64,0.6799999999999999,0.72,0.64,0.64,0.6,0.64,0.6799999999999999,0.6,0.6,0.56,0.6,0.64,0.6,0.56,0.56,0.56,0.6,0.56,0.56,0.52,0.56,0.56,0.52,0.52,0.52,0.52,0.56,0.52,1.0,0.72,0.6799999999999999,0.72,0.76,0.6799999999999999,0.6799999999999999,0.64,0.6799999999999999,0.72,0.64,0.64,0.6,0.64,0.6799999999999999,0.6,0.6,0.56,0.6,0.64,0.6,0.56,0.56,0.56,0.6,0.56,0.56,0.52,0.56,0.56,0.52,0.52,0.52,0.52,0.56,0.52
781,1.0,0.0,0.0,0.0,0.0,0.0,0.0,0.0,0.0,0.0,0.0,0.0,0.0,1.0,0.0,0.0,0.0,0.0,0.0,0.0,1.0,0.0,0.0,0.0,1.0,0.0,1.0,0.0,1.0,1.0,1.0,0.0,0.0,0.0,0.0,0.0,0.0,0.0,0.0,0.0,0.0,1.0,0.0,0.0,0.0,1.0,0.0,1.0,0.0,1.0,0.0,1.0,0.0,0.0,0.0,0.0,1.0,0.0,0.0,0.0,0.0,1.0,1.0,0.0,1.0,0.0,0.0,1.0,1.0,0.0,1.0,1.0,0.0,0.0,0.0,0.0,0.0,1.0,0.0,0.0,0.0,0.0,0.0,1.0,0.0,1.0,0.0,0.0,0.0,0.0,0.0,0.0,0.0,0.0,0.0,1.0,0.0,0.0,0.0,0.0,1.0,0.0,0.0,0.0,0.84,0.84,0.96,0.92,1.0,0.96,0.76,0.96,0.8,1.0,0.84,0.72,0.92,0.76,0.84,0.76,0.6799999999999999,0.8,0.6799999999999999,0.76,0.72,0.64,0.72,0.64,0.72,0.6799999999999999,0.6,0.6799999999999999,0.6,0.6799999999999999,0.64,0.56,0.64,0.6,0.64,0.6,0.84,0.84,0.96,0.92,1.0,0.96,0.76,0.96,0.8,1.0,0.84,0.72,0.92,0.76,0.84,0.76,0.6799999999999999,0.8,0.6799999999999999,0.76,0.72,0.64,0.72,0.64,0.72,0.6799999999999999,0.6,0.6799999999999999,0.6,0.6799999999999999,0.64,0.56,0.64,0.6,0.64,0.6
782,0.0,0.0,1.0,0.0,1.0,0.0,1.0,1.0,0.0,0.0,0.0,0.0,0.0,0.0,0.0,0.0,1.0,0.0,0.0,0.0,0.0,0.0,1.0,0.0,0.0,0.0,0.0,0.0,0.0,0.0,0.0,0.0,1.0,1.0,1.0,0.0,0.0,0.0,1.0,1.0,0.0,0.0,0.0,1.0,0.0,0.0,0.0,0.0,0.0,0.0,0.0,1.0,0.0,1.0,0.0,0.0,0.0,1.0,0.0,0.0,1.0,0.0,0.0,0.0,1.0,1.0,0.0,1.0,0.0,0.0,0.0,1.0,0.0,0.0,0.0,1.0,0.0,0.0,0.0,0.0,0.0,0.0,1.0,0.0,0.0,0.0,0.0,1.0,1.0,0.0,0.0,0.0,0.0,1.0,0.0,0.0,0.0,1.0,0.0,0.0,0.0,0.0,0.0,0.0,0.88,1.0,0.8,0.92,0.72,0.8,0.92,0.76,0.8,0.6799999999999999,0.76,0.8,0.6799999999999999,0.76,0.64,0.72,0.76,0.64,0.72,0.6,0.6799999999999999,0.72,0.6,0.6799999999999999,0.56,0.64,0.6799999999999999,0.6,0.64,0.56,0.6,0.64,0.56,0.6,0.52,0.56,0.88,1.0,0.8,0.92,0.72,0.8,0.92,0.76,0.8,0.6799999999999999,0.76,0.8,0.6799999999999999,0.76,0.64,0.72,0.76,0.64,0.72,0.6,0.6799999999999999,0.72,0.6,0.6799999999999999,0.56,0.64,0.6799999999999999,0.6,0.64,0.56,0.6,0.64,0.56,0.6,0.52,0.56
783,0.0,0.0,1.0,0.0,1.0,0.0,0.0,0.0,0.0,1.0,1.0,0.0,0.0,0.0,0.0,0.0,0.0,0.0,0.0,0.0,0.0,0.0,1.0,0.0,1.0,0.0,0.0,1.0,0.0,0.0,0.0,1.0,0.0,0.0,0.0,0.0,0.0,1.0,1.0,0.0,1.0,0.0,1.0,0.0,0.0,0.0,0.0,0.0,0.0,1.0,0.0,0.0,0.0,0.0,0.0,0.0,0.0,0.0,0.0,0.0,1.0,0.0,0.0,0.0,0.0,0.0,0.0,1.0,0.0,0.0,0.0,1.0,0.0,0.0,0.0,0.0,0.0,1.0,0.0,0.0,1.0,0.0,1.0,0.0,1.0,1.0,0.0,0.0,0.0,0.0,0.0,0.0,0.0,1.0,0.0,1.0,0.0,1.0,1.0,0.0,0.0,0.0,0.0,1.0,0.72,0.76,0.76,0.88,0.88,0.84,0.6799999999999999,0.6799999999999999,0.88,0.88,0.8,0.64,0.64,0.84,0.88,0.84,0.6,0.6,1.0,0.76,0.64,0.56,0.56,0.6799999999999999,0.64,0.6,0.52,0.52,0.64,0.6,0.56,0.52,0.52,0.6,0.6,0.56,0.72,0.76,0.76,0.88,0.88,0.84,0.6799999999999999,0.6799999999999999,0.88,0.88,0.8,0.64,0.64,0.84,0.88,0.84,0.6,0.6,1.0,0.76,0.64,0.56,0.56,0.6799999999999999,0.64,0.6,0.52,0.52,0.64,0.6,0.56,0.52,0.52,0.6,0.6,0.56
784,1.0,0.0,0.0,0.0,0.0,0.0,0.0,0.0,1.0,0.0,0.0,0.0,1.0,0.0,0.0,0.0,0.0,1.0,0.0,0.0,1.0,0.0,0.0,1.0,0.0,0.0,0.0,1.0,0.0,0.0,0.0,0.0,0.0,0.0,0.0,1.0,1.0,0.0,0.0,0.0,0.0,0.0,0.0,1.0,0.0,0.0,1.0,0.0,1.0,0.0,0.0,1.0,0.0,0.0,1.0,0.0,1.0,0.0,0.0,0.0,0.0,1.0,0.0,1.0,0.0,0.0,0.0,1.0,0.0,0.0,0.0,0.0,0.0,1.0,0.0,0.0,1.0,0.0,0.0,0.0,0.0,0.0,1.0,0.0,1.0,0.0,0.0,0.0,0.0,1.0,1.0,0.0,0.0,0.0,0.0,0.0,1.0,0.0,0.0,0.0,0.0,1.0,0.0,0.0,0.52,0.56,0.56,0.6,0.6,0.64,0.56,0.56,0.6,0.6,0.64,0.56,0.56,0.6,0.56,0.84,0.56,0.52,0.84,0.72,0.84,0.64,0.56,0.64,0.64,0.84,0.56,0.48,0.72,0.48,1.0,0.48,0.48,0.48,0.48,0.48,0.52,0.56,0.56,0.6,0.6,0.64,0.56,0.56,0.6,0.6,0.64,0.56,0.56,0.6,0.56,0.84,0.56,0.52,0.84,0.72,0.84,0.64,0.56,0.64,0.64,0.84,0.56,0.48,0.72,0.48,1.0,0.48,0.48,0.48,0.48,0.48
785,0.0,0.0,0.0,0.0,0.0,0.0,1.0,0.0,0.0,1.0,0.0,1.0,0.0,1.0,0.0,1.0,0.0,0.0,1.0,0.0,0.0,0.0,0.0,1.0,0.0,0.0,0.0,0.0,0.0,0.0,1.0,1.0,0.0,0.0,0.0,0.0,1.0,0.0,0.0,0.0,0.0,0.0,0.0,0.0,0.0,0.0,0.0,1.0,0.0,1.0,0.0,1.0,1.0,1.0,1.0,0.0,1.0,0.0,0.0,1.0,0.0,0.0,0.0,0.0,0.0,0.0,0.0,0.0,0.0,0.0,0.0,0.0,1.0,0.0,0.0,0.0,0.0,0.0,0.0,0.0,0.0,1.0,0.0,0.0,1.0,1.0,0.0,0.0,0.0,0.0,0.0,0.0,0.0,1.0,0.0,1.0,0.0,0.0,1.0,0.0,0.0,0.0,1.0,0.0,0.92,1.0,0.72,0.76,0.88,0.76,0.84,0.6799999999999999,0.72,0.84,0.72,0.8,0.64,0.6799999999999999,0.76,0.6799999999999999,0.76,0.6,0.64,0.72,0.64,0.72,0.56,0.6,0.6799999999999999,0.6,0.6799999999999999,0.56,0.56,0.64,0.56,0.64,0.52,0.52,0.6,0.56,0.92,1.0,0.72,0.76,0.88,0.76,0.84,0.6799999999999999,0.72,0.84,0.72,0.8,0.64,0.6799999999999999,0.76,0.6799999999999999,0.76,0.6,0.64,0.72,0.64,0.72,0.56,0.6,0.6799999999999999,0.6,0.6799999999999999,0.56,0.56,0.64,0.56,0.64,0.52,0.52,0.6,0.56
786,0.0,0.0,1.0,0.0,0.0,0.0,1.0,0.0,1.0,0.0,1.0,0.0,0.0,0.0,1.0,0.0,1.0,0.0,0.0,0.0,0.0,0.0,0.0,0.0,1.0,0.0,1.0,0.0,0.0,0.0,0.0,0.0,0.0,1.0,0.0,0.0,0.0,0.0,0.0,0.0,0.0,0.0,0.0,0.0,0.0,1.0,0.0,0.0,0.0,1.0,1.0,1.0,0.0,0.0,0.0,1.0,1.0,0.0,0.0,0.0,0.0,0.0,0.0,0.0,1.0,0.0,0.0,0.0,0.0,1.0,1.0,0.0,1.0,1.0,0.0,1.0,0.0,0.0,0.0,1.0,0.0,0.0,0.0,0.0,0.0,0.0,0.0,0.0,0.0,0.0,0.0,0.0,1.0,1.0,0.0,1.0,0.0,0.0,1.0,0.0,0.0,0.0,0.0,0.0,0.8,0.92,0.92,0.6799999999999999,1.0,0.72,0.88,0.92,0.64,1.0,0.6799999999999999,0.8,0.92,0.6,0.88,0.64,0.72,0.84,0.56,0.92,0.6,0.6799999999999999,0.76,0.52,0.72,0.56,0.64,0.6799999999999999,0.52,0.6799999999999999,0.52,0.6,0.64,0.48,0.64,0.52,0.8,0.92,0.92,0.6799999999999999,1.0,0.72,0.88,0.92,0.64,1.0,0.6799999999999999,0.8,0.92,0.6,0.88,0.64,0.72,0.84,0.56,0.92,0.6,0.6799999999999999,0.76,0.52,0.72,0.56,0.64,0.6799999999999999,0.52,0.6799999999999999,0.52,0.6,0.64,0.48,0.64,0.52
787,0.0,0.0,1.0,0.0,1.0,0.0,0.0,1.0,0.0,0.0,0.0,0.0,0.0,0.0,0.0,0.0,1.0,1.0,0.0,0.0,0.0,0.0,0.0,0.0,0.0,0.0,0.0,0.0,1.0,1.0,0.0,0.0,1.0,0.0,0.0,0.0,0.0,0.0,0.0,1.0,0.0,1.0,0.0,0.0,0.0,0.0,0.0,1.0,0.0,1.0,0.0,1.0,1.0,1.0,0.0,1.0,0.0,1.0,0.0,0.0,1.0,0.0,0.0,0.0,0.0,0.0,0.0,0.0,0.0,0.0,1.0,0.0,0.0,0.0,1.0,0.0,0.0,0.0,0.0,0.0,0.0,0.0,0.0,0.0,0.0,0.0,1.0,0.0,0.0,1.0,1.0,0.0,1.0,0.0,0.0,1.0,1.0,0.0,0.0,0.0,0.0,0.0,0.0,0.0,1.0,0.88,0.72,0.76,0.88,0.8,0.84,0.6799999999999999,0.72,0.84,0.76,0.76,0.64,0.6799999999999999,0.76,0.6799999999999999,0.72,0.6,0.64,0.72,0.64,0.6799999999999999,0.56,0.6,0.6799999999999999,0.6,0.64,0.56,0.56,0.64,0.6,0.6,0.52,0.56,0.6,0.56,1.0,0.88,0.72,0.76,0.88,0.8,0.84,0.6799999999999999,0.72,0.84,0.76,0.76,0.64,0.6799999999999999,0.76,0.6799999999999999,0.72,0.6,0.64,0.72,0.64,0.6799999999999999,0.56,0.6,0.6799999999999999,0.6,0.64,0.56,0.56,0.64,0.6,0.6,0.52,0.56,0.6,0.56
788,0.0,0.0,0.0,0.0,1.0,1.0,1.0,0.0,0.0,0.0,0.0,1.0,1.0,0.0,0.0,0.0,1.0,1.0,0.0,0.0,1.0,0.0,1.0,0.0,0.0,0.0,0.0,0.0,0.0,0.0,0.0,0.0,0.0,1.0,1.0,0.0,0.0,0.0,0.0,0.0,1.0,0.0,0.0,0.0,1.0,0.0,0.0,0.0,0.0,0.0,0.0,0.0,0.0,1.0,0.0,0.0,0.0,0.0,0.0,1.0,0.0,0.0,1.0,0.0,0.0,1.0,1.0,0.0,0.0,0.0,0.0,0.0,0.0,0.0,0.0,0.0,1.0,0.0,0.0,0.0,0.0,0.0,1.0,1.0,1.0,0.0,0.0,0.0,0.0,0.0,0.0,0.0,0.0,1.0,0.0,0.0,0.0,1.0,0.0,1.0,1.0,0.0,0.0,0.0,1.0,0.88,0.84,0.72,0.76,0.76,0.84,0.8,0.6799999999999999,0.72,0.72,0.8,0.76,0.64,0.6799999999999999,0.6799999999999999,0.76,0.6799999999999999,0.6,0.64,0.64,0.72,0.64,0.56,0.6,0.6,0.6799999999999999,0.6,0.52,0.56,0.56,0.64,0.6,0.52,0.52,0.56,1.0,0.88,0.84,0.72,0.76,0.76,0.84,0.8,0.6799999999999999,0.72,0.72,0.8,0.76,0.64,0.6799999999999999,0.6799999999999999,0.76,0.6799999999999999,0.6,0.64,0.64,0.72,0.64,0.56,0.6,0.6,0.6799999999999999,0.6,0.52,0.56,0.56,0.64,0.6,0.52,0.52,0.56
789,0.0,0.0,0.0,0.0,1.0,0.0,0.0,0.0,0.0,1.0,0.0,0.0,0.0,1.0,0.0,0.0,0.0,0.0,0.0,0.0,0.0,1.0,0.0,0.0,1.0,1.0,0.0,0.0,0.0,1.0,0.0,0.0,1.0,0.0,1.0,0.0,0.0,0.0,0.0,0.0,1.0,1.0,0.0,0.0,0.0,1.0,0.0,0.0,0.0,1.0,0.0,0.0,1.0,0.0,1.0,0.0,0.0,0.0,1.0,1.0,1.0,0.0,0.0,0.0,1.0,0.0,0.0,0.0,0.0,0.0,0.0,0.0,1.0,0.0,1.0,0.0,0.0,0.0,1.0,0.0,0.0,0.0,0.0,0.0,0.0,1.0,0.0,0.0,0.0,1.0,0.0,1.0,0.0,0.0,0.0,0.0,0.0,0.0,1.0,0.0,0.0,0.0,0.0,0.0,0.88,1.0,0.8,0.8,0.8,0.8,0.92,0.76,0.76,0.76,0.76,0.8,0.72,0.72,0.6799999999999999,0.72,0.76,0.6799999999999999,0.6799999999999999,0.64,0.6799999999999999,0.72,0.64,0.64,0.6,0.64,0.6799999999999999,0.6,0.6,0.6,0.6,0.64,0.56,0.56,0.56,0.56,0.88,1.0,0.8,0.8,0.8,0.8,0.92,0.76,0.76,0.76,0.76,0.8,0.72,0.72,0.6799999999999999,0.72,0.76,0.6799999999999999,0.6799999999999999,0.64,0.6799999999999999,0.72,0.64,0.64,0.6,0.64,0.6799999999999999,0.6,0.6,0.6,0.6,0.64,0.56,0.56,0.56,0.56
790,0.0,1.0,0.0,0.0,0.0,1.0,0.0,0.0,0.0,0.0,1.0,1.0,0.0,0.0,0.0,0.0,0.0,0.0,0.0,0.0,0.0,0.0,0.0,0.0,0.0,1.0,0.0,1.0,0.0,0.0,1.0,0.0,0.0,0.0,0.0,0.0,0.0,0.0,1.0,0.0,0.0,0.0,0.0,1.0,1.0,0.0,0.0,1.0,0.0,1.0,1.0,0.0,0.0,0.0,0.0,0.0,1.0,0.0,0.0,1.0,0.0,0.0,0.0,0.0,0.0,0.0,1.0,1.0,0.0,0.0,1.0,0.0,0.0,0.0,0.0,0.0,0.0,0.0,1.0,0.0,1.0,0.0,0.0,1.0,1.0,0.0,0.0,1.0,0.0,0.0,0.0,1.0,0.0,0.0,0.0,0.0,0.0,1.0,0.0,0.0,1.0,0.0,0.0,0.0,0.84,0.76,0.6799999999999999,1.0,0.96,0.76,0.72,0.64,0.88,0.88,0.72,0.6799999999999999,0.6,0.84,0.76,0.6799999999999999,0.64,0.56,0.76,0.72,0.64,0.6,0.56,0.72,0.6799999999999999,0.6,0.56,0.52,0.6799999999999999,0.64,0.56,0.52,0.52,0.64,0.6,0.56,0.84,0.76,0.6799999999999999,1.0,0.96,0.76,0.72,0.64,0.88,0.88,0.72,0.6799999999999999,0.6,0.84,0.76,0.6799999999999999,0.64,0.56,0.76,0.72,0.64,0.6,0.56,0.72,0.6799999999999999,0.6,0.56,0.52,0.6799999999999999,0.64,0.56,0.52,0.52,0.64,0.6,0.56
791,1.0,0.0,0.0,0.0,0.0,0.0,0.0,0.0,0.0,0.0,0.0,1.0,0.0,0.0,1.0,0.0,0.0,0.0,1.0,1.0,0.0,0.0,1.0,0.0,0.0,1.0,0.0,1.0,0.0,0.0,1.0,0.0,0.0,0.0,0.0,0.0,0.0,0.0,0.0,0.0,0.0,0.0,1.0,0.0,1.0,0.0,1.0,0.0,0.0,0.0,0.0,1.0,0.0,1.0,1.0,0.0,1.0,0.0,0.0,1.0,0.0,1.0,0.0,0.0,0.0,0.0,0.0,0.0,1.0,1.0,0.0,0.0,0.0,1.0,0.0,0.0,0.0,0.0,1.0,0.0,0.0,0.0,0.0,0.0,0.0,0.0,0.0,0.0,1.0,0.0,0.0,0.0,0.0,1.0,0.0,0.0,0.0,0.0,0.0,0.0,0.0,1.0,1.0,0.0,0.88,0.92,1.0,0.72,0.92,0.8,0.84,0.96,0.6799999999999999,0.88,0.76,0.76,0.8,0.64,0.76,0.72,0.72,0.76,0.6,0.72,0.6799999999999999,0.6799999999999999,0.72,0.56,0.6799999999999999,0.64,0.64,0.6799999999999999,0.56,0.64,0.6,0.6,0.64,0.52,0.6,0.56,0.88,0.92,1.0,0.72,0.92,0.8,0.84,0.96,0.6799999999999999,0.88,0.76,0.76,0.8,0.64,0.76,0.72,0.72,0.76,0.6,0.72,0.6799999999999999,0.6799999999999999,0.72,0.56,0.6799999999999999,0.64,0.64,0.6799999999999999,0.56,0.64,0.6,0.6,0.64,0.52,0.6,0.56
792,0.0,1.0,0.0,0.0,1.0,0.0,0.0,0.0,1.0,0.0,0.0,0.0,1.0,0.0,0.0,0.0,0.0,0.0,0.0,0.0,1.0,1.0,1.0,0.0,0.0,0.0,0.0,0.0,0.0,0.0,0.0,0.0,0.0,1.0,0.0,0.0,1.0,1.0,0.0,0.0,0.0,0.0,1.0,0.0,0.0,0.0,1.0,0.0,0.0,1.0,0.0,0.0,1.0,0.0,1.0,1.0,0.0,1.0,0.0,0.0,0.0,1.0,1.0,0.0,0.0,0.0,0.0,0.0,1.0,0.0,0.0,0.0,0.0,0.0,0.0,1.0,0.0,0.0,1.0,0.0,0.0,0.0,1.0,0.0,0.0,0.0,0.0,1.0,0.0,0.0,0.0,0.0,0.0,1.0,0.0,1.0,0.0,0.0,0.0,0.0,0.0,0.0,0.0,0.0,0.92,1.0,0.72,0.76,0.6799999999999999,0.76,0.92,0.6799999999999999,0.6799999999999999,0.64,0.72,0.8,0.64,0.64,0.6,0.6799999999999999,0.76,0.6,0.6,0.56,0.64,0.72,0.56,0.6,0.56,0.6,0.6799999999999999,0.52,0.56,0.52,0.56,0.64,0.52,0.52,0.52,0.52,0.92,1.0,0.72,0.76,0.6799999999999999,0.76,0.92,0.6799999999999999,0.6799999999999999,0.64,0.72,0.8,0.64,0.64,0.6,0.6799999999999999,0.76,0.6,0.6,0.56,0.64,0.72,0.56,0.6,0.56,0.6,0.6799999999999999,0.52,0.56,0.52,0.56,0.64,0.52,0.52,0.52,0.52
793,0.0,1.0,0.0,0.0,0.0,1.0,0.0,0.0,1.0,1.0,1.0,1.0,0.0,0.0,0.0,0.0,0.0,0.0,1.0,0.0,0.0,0.0,0.0,0.0,0.0,1.0,0.0,0.0,0.0,1.0,0.0,0.0,0.0,0.0,0.0,1.0,0.0,0.0,0.0,1.0,0.0,0.0,1.0,0.0,0.0,0.0,0.0,1.0,0.0,0.0,0.0,0.0,1.0,0.0,0.0,0.0,0.0,0.0,0.0,0.0,0.0,0.0,0.0,0.0,1.0,0.0,1.0,0.0,0.0,0.0,0.0,0.0,0.0,0.0,0.0,0.0,1.0,0.0,0.0,0.0,0.0,0.0,1.0,0.0,0.0,1.0,0.0,0.0,0.0,0.0,1.0,0.0,0.0,1.0,0.0,0.0,1.0,1.0,0.0,0.0,0.0,1.0,1.0,1.0,0.28,0.31999999999999995,0.28,0.31999999999999995,0.36,0.36,0.31999999999999995,0.28,0.31999999999999995,0.36,0.36,0.31999999999999995,0.28,0.28,0.36,0.4,0.31999999999999995,0.28,0.28,0.4,0.4,0.4,0.24,0.28,0.4,0.4,0.52,0.24,0.28,0.52,0.52,0.6,0.24,0.24,0.64,1.0,0.28,0.31999999999999995,0.28,0.31999999999999995,0.36,0.36,0.31999999999999995,0.28,0.31999999999999995,0.36,0.36,0.31999999999999995,0.28,0.28,0.36,0.4,0.31999999999999995,0.28,0.28,0.4,0.4,0.4,0.24,0.28,0.4,0.4,0.52,0.24,0.28,0.52,0.52,0.6,0.24,0.24,0.64,1.0
794,0.0,1.0,0.0,0.0,1.0,0.0,0.0,0.0,1.0,0.0,0.0,0.0,1.0,0.0,0.0,1.0,0.0,1.0,1.0,0.0,0.0,0.0,1.0,0.0,0.0,1.0,0.0,0.0,0.0,0.0,1.0,0.0,0.0,0.0,1.0,0.0,0.0,0.0,0.0,0.0,0.0,0.0,0.0,0.0,0.0,0.0,1.0,0.0,0.0,0.0,0.0,1.0,0.0,0.0,0.0,1.0,0.0,0.0,1.0,1.0,0.0,1.0,0.0,0.0,0.0,0.0,0.0,0.0,0.0,0.0,0.0,0.0,0.0,0.0,0.0,0.0,0.0,0.0,0.0,1.0,1.0,0.0,0.0,0.0,1.0,0.0,0.0,1.0,0.0,0.0,0.0,0.0,0.0,1.0,0.0,1.0,1.0,1.0,0.0,0.0,0.0,0.0,1.0,0.0,0.84,1.0,0.76,0.76,0.96,0.84,1.0,0.72,0.72,0.84,0.76,0.88,0.6799999999999999,0.6799999999999999,0.76,0.72,0.76,0.64,0.64,0.72,0.6799999999999999,0.72,0.6,0.6,0.6799999999999999,0.64,0.6799999999999999,0.56,0.56,0.64,0.6,0.64,0.56,0.56,0.6,0.56,0.84,1.0,0.76,0.76,0.96,0.84,1.0,0.72,0.72,0.84,0.76,0.88,0.6799999999999999,0.6799999999999999,0.76,0.72,0.76,0.64,0.64,0.72,0.6799999999999999,0.72,0.6,0.6,0.6799999999999999,0.64,0.6799999999999999,0.56,0.56,0.64,0.6,0.64,0.56,0.56,0.6,0.56
795,0.0,0.0,1.0,1.0,0.0,1.0,1.0,0.0,0.0,0.0,0.0,0.0,0.0,0.0,0.0,1.0,0.0,0.0,0.0,0.0,1.0,0.0,0.0,0.0,0.0,0.0,0.0,0.0,0.0,0.0,1.0,0.0,1.0,1.0,1.0,0.0,1.0,0.0,0.0,0.0,0.0,0.0,0.0,0.0,0.0,0.0,0.0,0.0,0.0,0.0,1.0,1.0,1.0,1.0,0.0,0.0,0.0,0.0,0.0,1.0,1.0,0.0,0.0,0.0,0.0,0.0,0.0,0.0,0.0,0.0,0.0,0.0,0.0,1.0,0.0,0.0,1.0,0.0,0.0,1.0,0.0,0.0,0.0,0.0,0.0,0.0,0.0,0.0,0.0,1.0,0.0,0.0,0.0,1.0,0.0,1.0,0.0,1.0,0.0,1.0,0.0,1.0,0.0,0.0,1.0,0.92,0.72,0.92,0.92,0.8,0.88,0.6799999999999999,0.88,0.84,0.76,0.8,0.64,0.8,0.8,0.6799999999999999,0.76,0.6,0.76,0.76,0.64,0.72,0.56,0.72,0.72,0.6,0.6799999999999999,0.56,0.6799999999999999,0.6799999999999999,0.6,0.64,0.52,0.64,0.64,0.56,1.0,0.92,0.72,0.92,0.92,0.8,0.88,0.6799999999999999,0.88,0.84,0.76,0.8,0.64,0.8,0.8,0.6799999999999999,0.76,0.6,0.76,0.76,0.64,0.72,0.56,0.72,0.72,0.6,0.6799999999999999,0.56,0.6799999999999999,0.6799999999999999,0.6,0.64,0.52,0.64,0.64,0.56
796,0.0,0.0,0.0,1.0,0.0,0.0,1.0,0.0,0.0,1.0,0.0,0.0,0.0,0.0,1.0,0.0,1.0,0.0,0.0,0.0,0.0,0.0,0.0,0.0,0.0,0.0,1.0,1.0,0.0,0.0,1.0,0.0,1.0,0.0,0.0,0.0,0.0,0.0,0.0,1.0,0.0,1.0,0.0,0.0,0.0,0.0,0.0,0.0,1.0,0.0,0.0,1.0,1.0,0.0,1.0,0.0,0.0,1.0,0.0,1.0,0.0,0.0,0.0,0.0,0.0,0.0,0.0,1.0,0.0,1.0,0.0,0.0,0.0,1.0,0.0,0.0,1.0,0.0,0.0,0.0,0.0,0.0,0.0,1.0,0.0,1.0,0.0,1.0,0.0,0.0,1.0,0.0,0.0,0.0,0.0,0.0,1.0,0.0,0.0,0.0,0.0,0.0,0.0,0.0,1.0,0.8,0.8,0.88,0.76,0.76,0.76,0.76,0.84,0.72,0.72,0.72,0.72,0.8,0.6799999999999999,0.6799999999999999,0.6799999999999999,0.6799999999999999,0.76,0.64,0.64,0.64,0.64,0.6799999999999999,0.6,0.6,0.6,0.6,0.64,0.56,0.56,0.56,0.56,0.6,0.56,0.56,1.0,0.8,0.8,0.88,0.76,0.76,0.76,0.76,0.84,0.72,0.72,0.72,0.72,0.8,0.6799999999999999,0.6799999999999999,0.6799999999999999,0.6799999999999999,0.76,0.64,0.64,0.64,0.64,0.6799999999999999,0.6,0.6,0.6,0.6,0.64,0.56,0.56,0.56,0.56,0.6,0.56,0.56
797,1.0,0.0,0.0,0.0,0.0,1.0,0.0,0.0,0.0,0.0,1.0,0.0,0.0,1.0,1.0,1.0,0.0,1.0,0.0,0.0,0.0,0.0,0.0,0.0,1.0,0.0,0.0,0.0,0.0,0.0,0.0,1.0,0.0,0.0,0.0,0.0,0.0,1.0,0.0,1.0,1.0,0.0,0.0,1.0,0.0,0.0,0.0,0.0,0.0,0.0,0.0,0.0,0.0,0.0,1.0,0.0,0.0,0.0,1.0,0.0,0.0,1.0,0.0,0.0,1.0,0.0,0.0,0.0,0.0,0.0,0.0,0.0,0.0,0.0,1.0,0.0,0.0,0.0,1.0,1.0,0.0,0.0,0.0,0.0,0.0,0.0,0.0,1.0,0.0,0.0,0.0,0.0,0.0,1.0,1.0,0.0,0.0,0.0,0.0,1.0,1.0,1.0,0.0,0.0,0.88,0.84,0.76,0.6799999999999999,1.0,0.76,0.8,0.72,0.64,0.84,0.72,0.76,0.6799999999999999,0.6,0.76,0.6799999999999999,0.6799999999999999,0.64,0.6,0.72,0.64,0.64,0.6,0.56,0.6799999999999999,0.6,0.6,0.56,0.52,0.64,0.56,0.6,0.52,0.52,0.6,0.52,0.88,0.84,0.76,0.6799999999999999,1.0,0.76,0.8,0.72,0.64,0.84,0.72,0.76,0.6799999999999999,0.6,0.76,0.6799999999999999,0.6799999999999999,0.64,0.6,0.72,0.64,0.64,0.6,0.56,0.6799999999999999,0.6,0.6,0.56,0.52,0.64,0.56,0.6,0.52,0.52,0.6,0.52
798,1.0,1.0,0.0,1.0,0.0,1.0,0.0,0.0,0.0,0.0,0.0,0.0,0.0,0.0,0.0,1.0,1.0,1.0,0.0,1.0,0.0,0.0,0.0,0.0,0.0,0.0,0.0,0.0,0.0,1.0,0.0,0.0,0.0,1.0,0.0,0.0,0.0,0.0,0.0,1.0,0.0,0.0,1.0,0.0,0.0,0.0,0.0,1.0,0.0,0.0,0.0,0.0,0.0,0.0,0.0,0.0,0.0,0.0,0.0,0.0,0.0,0.0,1.0,0.0,0.0,1.0,0.0,0.0,0.0,0.0,1.0,0.0,1.0,0.0,0.0,0.0,1.0,1.0,0.0,0.0,0.0,0.0,1.0,1.0,0.0,0.0,0.0,0.0,1.0,0.0,1.0,0.0,0.0,0.0,0.0,0.0,0.0,1.0,1.0,0.0,0.0,1.0,0.0,0.0,0.88,0.6799999999999999,1.0,0.72,0.6799999999999999,0.6799999999999999,0.64,0.84,0.6799999999999999,0.64,0.64,0.6,0.8,0.64,0.6,0.6,0.56,0.76,0.6,0.56,0.56,0.52,0.6799999999999999,0.56,0.56,0.56,0.52,0.64,0.52,0.52,0.52,0.48,0.6,0.52,0.52,0.52,0.88,0.6799999999999999,1.0,0.72,0.6799999999999999,0.6799999999999999,0.64,0.84,0.6799999999999999,0.64,0.64,0.6,0.8,0.64,0.6,0.6,0.56,0.76,0.6,0.56,0.56,0.52,0.6799999999999999,0.56,0.56,0.56,0.52,0.64,0.52,0.52,0.52,0.48,0.6,0.52,0.52,0.52
799,0.0,0.0,1.0,1.0,0.0,0.0,0.0,0.0,0.0,0.0,0.0,0.0,1.0,0.0,0.0,0.0,0.0,1.0,1.0,0.0,0.0,0.0,1.0,0.0,1.0,0.0,0.0,1.0,1.0,0.0,0.0,0.0,0.0,1.0,0.0,0.0,0.0,0.0,0.0,1.0,1.0,0.0,0.0,0.0,0.0,0.0,1.0,0.0,0.0,0.0,0.0,0.0,0.0,0.0,0.0,0.0,1.0,0.0,1.0,0.0,0.0,0.0,1.0,0.0,0.0,0.0,1.0,0.0,0.0,0.0,0.0,1.0,1.0,0.0,0.0,1.0,0.0,0.0,0.0,0.0,0.0,0.0,0.0,0.0,0.0,0.0,1.0,1.0,0.0,0.0,1.0,0.0,0.0,1.0,0.0,1.0,0.0,1.0,0.0,0.0,0.0,0.0,0.0,0.0,1.0,0.76,0.92,0.8,0.76,0.84,0.72,0.84,0.76,0.72,0.8,0.6799999999999999,0.8,0.72,0.6799999999999999,0.76,0.64,0.76,0.6799999999999999,0.64,0.72,0.6,0.72,0.64,0.6,0.6799999999999999,0.56,0.6799999999999999,0.6,0.56,0.64,0.56,0.64,0.56,0.56,0.6,1.0,0.76,0.92,0.8,0.76,0.84,0.72,0.84,0.76,0.72,0.8,0.6799999999999999,0.8,0.72,0.6799999999999999,0.76,0.64,0.76,0.6799999999999999,0.64,0.72,0.6,0.72,0.64,0.6,0.6799999999999999,0.56,0.6799999999999999,0.6,0.56,0.64,0.56,0.64,0.56,0.56,0.6
800,0.0,0.0,0.0,0.0,0.0,0.0,0.0,0.0,1.0,1.0,1.0,0.0,0.0,1.0,0.0,0.0,1.0,1.0,0.0,0.0,0.0,0.0,0.0,0.0,0.0,1.0,0.0,1.0,1.0,0.0,0.0,0.0,0.0,0.0,0.0,0.0,0.0,0.0,1.0,0.0,0.0,0.0,0.0,1.0,0.0,1.0,0.0,0.0,1.0,0.0,0.0,0.0,1.0,0.0,0.0,1.0,0.0,0.0,0.0,0.0,0.0,0.0,0.0,0.0,1.0,0.0,0.0,0.0,0.0,0.0,0.0,0.0,0.0,0.0,1.0,1.0,0.0,0.0,0.0,0.0,0.0,1.0,0.0,0.0,0.0,1.0,0.0,1.0,0.0,1.0,0.0,1.0,0.0,0.0,0.0,0.0,1.0,0.0,1.0,0.0,0.0,0.0,0.0,1.0,0.56,0.64,0.64,0.6799999999999999,0.72,0.72,0.64,0.64,0.6799999999999999,0.72,0.72,0.6,0.56,0.6799999999999999,0.72,1.0,0.52,0.56,0.76,0.84,0.76,0.52,0.52,0.6,0.6,0.6,0.48,0.48,0.52,0.52,0.52,0.48,0.48,0.48,0.52,0.52,0.56,0.64,0.64,0.6799999999999999,0.72,0.72,0.64,0.64,0.6799999999999999,0.72,0.72,0.6,0.56,0.6799999999999999,0.72,1.0,0.52,0.56,0.76,0.84,0.76,0.52,0.52,0.6,0.6,0.6,0.48,0.48,0.52,0.52,0.52,0.48,0.48,0.48,0.52,0.52
801,0.0,0.0,0.0,0.0,0.0,1.0,0.0,1.0,0.0,0.0,1.0,0.0,0.0,1.0,0.0,0.0,1.0,0.0,0.0,0.0,0.0,0.0,1.0,0.0,0.0,0.0,0.0,0.0,0.0,0.0,1.0,0.0,1.0,0.0,1.0,0.0,0.0,0.0,0.0,1.0,0.0,0.0,0.0,0.0,0.0,0.0,1.0,0.0,0.0,1.0,0.0,1.0,0.0,0.0,0.0,1.0,0.0,0.0,0.0,0.0,1.0,0.0,0.0,0.0,1.0,0.0,0.0,1.0,0.0,0.0,1.0,1.0,0.0,0.0,0.0,0.0,0.0,0.0,0.0,1.0,0.0,0.0,0.0,0.0,0.0,0.0,0.0,0.0,1.0,0.0,0.0,0.0,1.0,0.0,0.0,1.0,1.0,0.0,0.0,0.0,1.0,0.0,1.0,0.0,0.88,0.72,0.72,0.6799999999999999,1.0,0.76,0.6799999999999999,0.6799999999999999,0.64,0.84,0.72,0.64,0.64,0.6,0.76,0.6799999999999999,0.6,0.6,0.6,0.72,0.64,0.56,0.56,0.56,0.6799999999999999,0.6,0.56,0.52,0.52,0.64,0.56,0.52,0.52,0.52,0.6,0.52,0.88,0.72,0.72,0.6799999999999999,1.0,0.76,0.6799999999999999,0.6799999999999999,0.64,0.84,0.72,0.64,0.64,0.6,0.76,0.6799999999999999,0.6,0.6,0.6,0.72,0.64,0.56,0.56,0.56,0.6799999999999999,0.6,0.56,0.52,0.52,0.64,0.56,0.52,0.52,0.52,0.6,0.52
802,0.0,1.0,0.0,0.0,0.0,0.0,0.0,0.0,0.0,1.0,1.0,0.0,0.0,0.0,0.0,0.0,1.0,0.0,0.0,0.0,0.0,0.0,0.0,0.0,0.0,0.0,0.0,1.0,0.0,0.0,0.0,0.0,1.0,0.0,0.0,1.0,1.0,1.0,0.0,0.0,0.0,0.0,1.0,1.0,1.0,0.0,0.0,0.0,0.0,0.0,0.0,1.0,0.0,0.0,0.0,0.0,0.0,1.0,1.0,0.0,1.0,0.0,0.0,0.0,0.0,1.0,0.0,0.0,0.0,0.0,0.0,0.0,0.0,0.0,0.0,1.0,0.0,1.0,0.0,0.0,1.0,0.0,1.0,0.0,0.0,0.0,0.0,0.0,0.0,0.0,0.0,1.0,0.0,1.0,0.0,0.0,0.0,0.0,1.0,0.0,0.0,1.0,1.0,0.0,0.8,0.76,0.6799999999999999,0.92,1.0,0.84,0.72,0.64,0.88,1.0,0.8,0.6799999999999999,0.6,0.8,0.84,0.88,0.64,0.56,0.72,0.92,0.6799999999999999,0.6,0.52,0.6799999999999999,0.72,0.64,0.56,0.52,0.64,0.6799999999999999,0.6,0.52,0.48,0.6,0.64,0.56,0.8,0.76,0.6799999999999999,0.92,1.0,0.84,0.72,0.64,0.88,1.0,0.8,0.6799999999999999,0.6,0.8,0.84,0.88,0.64,0.56,0.72,0.92,0.6799999999999999,0.6,0.52,0.6799999999999999,0.72,0.64,0.56,0.52,0.64,0.6799999999999999,0.6,0.52,0.48,0.6,0.64,0.56
803,0.0,0.0,0.0,0.0,1.0,1.0,0.0,0.0,1.0,0.0,1.0,0.0,0.0,1.0,0.0,1.0,0.0,0.0,0.0,0.0,0.0,0.0,0.0,0.0,0.0,0.0,1.0,0.0,1.0,0.0,0.0,0.0,0.0,0.0,0.0,0.0,0.0,0.0,0.0,1.0,0.0,0.0,0.0,0.0,0.0,1.0,0.0,0.0,0.0,1.0,1.0,1.0,0.0,1.0,0.0,0.0,0.0,0.0,0.0,1.0,0.0,0.0,0.0,0.0,0.0,0.0,1.0,0.0,1.0,1.0,0.0,1.0,1.0,0.0,0.0,0.0,0.0,0.0,0.0,1.0,0.0,0.0,0.0,0.0,0.0,0.0,0.0,1.0,0.0,0.0,1.0,0.0,0.0,0.0,1.0,1.0,0.0,0.0,1.0,0.0,0.0,0.0,0.0,0.0,0.88,0.76,0.8,0.6799999999999999,1.0,0.8,0.6799999999999999,0.76,0.64,0.84,0.76,0.64,0.6799999999999999,0.6,0.76,0.72,0.6,0.64,0.6,0.72,0.6799999999999999,0.6,0.6,0.56,0.6799999999999999,0.64,0.56,0.6,0.52,0.64,0.6,0.52,0.56,0.52,0.6,0.56,0.88,0.76,0.8,0.6799999999999999,1.0,0.8,0.6799999999999999,0.76,0.64,0.84,0.76,0.64,0.6799999999999999,0.6,0.76,0.72,0.6,0.64,0.6,0.72,0.6799999999999999,0.6,0.6,0.56,0.6799999999999999,0.64,0.56,0.6,0.52,0.64,0.6,0.52,0.56,0.52,0.6,0.56
804,0.0,0.0,0.0,0.0,0.0,1.0,1.0,0.0,0.0,0.0,0.0,0.0,0.0,1.0,0.0,0.0,0.0,1.0,0.0,0.0,0.0,1.0,0.0,1.0,1.0,1.0,0.0,0.0,0.0,0.0,0.0,0.0,1.0,0.0,1.0,0.0,0.0,1.0,0.0,1.0,0.0,0.0,0.0,0.0,0.0,0.0,1.0,0.0,0.0,0.0,0.0,0.0,0.0,0.0,1.0,1.0,1.0,0.0,0.0,0.0,0.0,1.0,1.0,1.0,0.0,0.0,0.0,0.0,0.0,0.0,0.0,0.0,0.0,0.0,1.0,0.0,0.0,0.0,0.0,0.0,0.0,0.0,0.0,1.0,0.0,1.0,0.0,0.0,1.0,0.0,0.0,0.0,0.0,0.0,1.0,0.0,0.0,0.0,0.0,1.0,1.0,0.0,0.0,0.0,0.84,0.96,1.0,0.8,0.76,0.92,0.96,1.0,0.76,0.72,0.8,0.88,0.92,0.6799999999999999,0.6799999999999999,0.76,0.76,0.8,0.64,0.64,0.6799999999999999,0.72,0.76,0.6,0.6,0.64,0.6799999999999999,0.6799999999999999,0.6,0.56,0.6,0.64,0.64,0.56,0.52,0.6,0.84,0.96,1.0,0.8,0.76,0.92,0.96,1.0,0.76,0.72,0.8,0.88,0.92,0.6799999999999999,0.6799999999999999,0.76,0.76,0.8,0.64,0.64,0.6799999999999999,0.72,0.76,0.6,0.6,0.64,0.6799999999999999,0.6799999999999999,0.6,0.56,0.6,0.64,0.64,0.56,0.52,0.6
805,0.0,0.0,0.0,0.0,1.0,0.0,0.0,0.0,1.0,0.0,1.0,0.0,0.0,0.0,0.0,0.0,1.0,0.0,0.0,1.0,0.0,1.0,0.0,0.0,0.0,1.0,1.0,1.0,0.0,0.0,0.0,1.0,0.0,0.0,0.0,0.0,0.0,0.0,0.0,0.0,0.0,0.0,0.0,1.0,0.0,0.0,0.0,0.0,1.0,0.0,0.0,1.0,0.0,0.0,0.0,0.0,0.0,0.0,0.0,1.0,0.0,1.0,0.0,1.0,1.0,0.0,0.0,1.0,0.0,0.0,1.0,0.0,0.0,0.0,0.0,0.0,0.0,0.0,0.0,0.0,0.0,1.0,1.0,0.0,0.0,0.0,1.0,1.0,0.0,0.0,0.0,1.0,0.0,0.0,1.0,0.0,0.0,1.0,0.0,0.0,0.0,0.0,0.0,0.0,0.92,1.0,0.84,0.92,0.8,0.88,0.88,0.8,0.84,0.76,0.84,0.8,0.72,0.76,0.72,0.76,0.76,0.6799999999999999,0.72,0.6799999999999999,0.72,0.72,0.64,0.6799999999999999,0.64,0.6799999999999999,0.6799999999999999,0.6,0.64,0.6,0.64,0.64,0.56,0.6,0.56,0.6,0.92,1.0,0.84,0.92,0.8,0.88,0.88,0.8,0.84,0.76,0.84,0.8,0.72,0.76,0.72,0.76,0.76,0.6799999999999999,0.72,0.6799999999999999,0.72,0.72,0.64,0.6799999999999999,0.64,0.6799999999999999,0.6799999999999999,0.6,0.64,0.6,0.64,0.64,0.56,0.6,0.56,0.6
806,0.0,0.0,0.0,0.0,0.0,0.0,0.0,0.0,1.0,1.0,1.0,0.0,0.0,0.0,0.0,1.0,0.0,0.0,0.0,0.0,0.0,0.0,0.0,0.0,0.0,1.0,1.0,0.0,1.0,0.0,0.0,1.0,0.0,0.0,0.0,1.0,0.0,0.0,0.0,0.0,0.0,1.0,0.0,0.0,0.0,1.0,1.0,1.0,0.0,0.0,0.0,0.0,1.0,0.0,0.0,0.0,0.0,0.0,1.0,1.0,0.0,0.0,0.0,0.0,0.0,0.0,0.0,0.0,0.0,0.0,1.0,0.0,0.0,1.0,0.0,0.0,1.0,0.0,0.0,0.0,0.0,1.0,1.0,0.0,1.0,0.0,1.0,0.0,1.0,1.0,0.0,0.0,0.0,0.0,1.0,0.0,0.0,0.0,0.0,0.0,0.0,0.0,0.0,0.0,0.8,0.64,0.64,1.0,0.64,0.6799999999999999,0.6,0.6,1.0,0.6,0.64,0.6,0.56,0.92,0.56,0.6,0.56,0.56,0.76,0.52,0.56,0.52,0.52,0.72,0.52,0.56,0.52,0.52,0.6799999999999999,0.48,0.52,0.48,0.48,0.64,0.48,0.52,0.8,0.64,0.64,1.0,0.64,0.6799999999999999,0.6,0.6,1.0,0.6,0.64,0.6,0.56,0.92,0.56,0.6,0.56,0.56,0.76,0.52,0.56,0.52,0.52,0.72,0.52,0.56,0.52,0.52,0.6799999999999999,0.48,0.52,0.48,0.48,0.64,0.48,0.52
807,0.0,0.0,0.0,1.0,0.0,0.0,0.0,0.0,0.0,0.0,0.0,0.0,0.0,0.0,0.0,1.0,1.0,1.0,0.0,0.0,1.0,1.0,1.0,0.0,0.0,0.0,0.0,0.0,0.0,0.0,0.0,1.0,0.0,0.0,1.0,1.0,0.0,1.0,0.0,0.0,0.0,0.0,1.0,0.0,0.0,1.0,0.0,0.0,0.0,0.0,0.0,0.0,0.0,1.0,0.0,0.0,0.0,1.0,0.0,0.0,0.0,1.0,0.0,1.0,0.0,0.0,0.0,0.0,0.0,0.0,0.0,0.0,0.0,0.0,0.0,0.0,1.0,0.0,1.0,1.0,0.0,0.0,0.0,0.0,0.0,1.0,0.0,0.0,0.0,0.0,0.0,1.0,0.0,1.0,0.0,0.0,0.0,0.0,0.0,0.0,1.0,1.0,0.0,1.0,0.88,0.76,1.0,0.92,0.96,0.84,0.72,0.84,0.84,0.84,0.76,0.6799999999999999,0.8,0.8,0.8,0.72,0.64,0.76,0.72,0.76,0.6799999999999999,0.6,0.72,0.6799999999999999,0.6799999999999999,0.64,0.56,0.6799999999999999,0.64,0.64,0.6,0.56,0.64,0.6,0.6,0.56,0.88,0.76,1.0,0.92,0.96,0.84,0.72,0.84,0.84,0.84,0.76,0.6799999999999999,0.8,0.8,0.8,0.72,0.64,0.76,0.72,0.76,0.6799999999999999,0.6,0.72,0.6799999999999999,0.6799999999999999,0.64,0.56,0.6799999999999999,0.64,0.64,0.6,0.56,0.64,0.6,0.6,0.56
808,0.0,0.0,0.0,1.0,0.0,0.0,1.0,0.0,1.0,1.0,0.0,0.0,0.0,1.0,0.0,1.0,1.0,0.0,0.0,0.0,0.0,0.0,0.0,0.0,0.0,0.0,1.0,0.0,1.0,1.0,1.0,0.0,0.0,0.0,0.0,0.0,1.0,0.0,0.0,0.0,0.0,0.0,0.0,0.0,0.0,1.0,0.0,0.0,0.0,0.0,0.0,0.0,0.0,0.0,1.0,0.0,1.0,0.0,0.0,0.0,0.0,0.0,1.0,1.0,1.0,0.0,1.0,0.0,0.0,0.0,1.0,0.0,1.0,0.0,1.0,0.0,0.0,0.0,0.0,0.0,0.0,0.0,0.0,0.0,0.0,0.0,0.0,0.0,0.0,0.0,1.0,0.0,1.0,0.0,0.0,0.0,1.0,0.0,0.0,1.0,0.0,0.0,0.0,0.0,0.84,1.0,0.76,0.72,0.6,0.72,1.0,0.6799999999999999,0.6799999999999999,0.6,0.6799999999999999,0.84,0.64,0.64,0.56,0.64,0.76,0.6,0.6,0.52,0.6,0.72,0.6,0.56,0.52,0.56,0.6799999999999999,0.56,0.56,0.48,0.56,0.64,0.52,0.52,0.48,0.52,0.84,1.0,0.76,0.72,0.6,0.72,1.0,0.6799999999999999,0.6799999999999999,0.6,0.6799999999999999,0.84,0.64,0.64,0.56,0.64,0.76,0.6,0.6,0.52,0.6,0.72,0.6,0.56,0.52,0.56,0.6799999999999999,0.56,0.56,0.48,0.56,0.64,0.52,0.52,0.48,0.52
809,0.0,0.0,0.0,0.0,1.0,1.0,0.0,0.0,0.0,0.0,0.0,0.0,1.0,0.0,1.0,0.0,0.0,0.0,0.0,0.0,0.0,1.0,0.0,0.0,0.0,0.0,0.0,0.0,0.0,0.0,0.0,1.0,0.0,1.0,0.0,0.0,1.0,0.0,0.0,0.0,1.0,1.0,0.0,0.0,0.0,1.0,1.0,1.0,0.0,0.0,0.0,0.0,0.0,1.0,1.0,0.0,0.0,0.0,0.0,1.0,0.0,0.0,0.0,1.0,0.0,0.0,0.0,1.0,0.0,0.0,1.0,0.0,0.0,0.0,1.0,1.0,1.0,0.0,0.0,0.0,0.0,0.0,0.0,0.0,0.0,0.0,1.0,0.0,0.0,0.0,0.0,1.0,0.0,0.0,1.0,1.0,0.0,0.0,0.0,0.0,0.0,0.0,0.0,0.0,1.0,0.84,0.88,0.72,0.88,0.8,0.8,0.84,0.6799999999999999,0.84,0.76,0.76,0.8,0.64,0.8,0.72,0.72,0.76,0.6,0.76,0.6799999999999999,0.6799999999999999,0.72,0.56,0.72,0.64,0.64,0.6799999999999999,0.56,0.6799999999999999,0.6,0.6,0.64,0.52,0.64,0.56,1.0,0.84,0.88,0.72,0.88,0.8,0.8,0.84,0.6799999999999999,0.84,0.76,0.76,0.8,0.64,0.8,0.72,0.72,0.76,0.6,0.76,0.6799999999999999,0.6799999999999999,0.72,0.56,0.72,0.64,0.64,0.6799999999999999,0.56,0.6799999999999999,0.6,0.6,0.64,0.52,0.64,0.56
810,0.0,0.0,0.0,0.0,1.0,0.0,0.0,0.0,0.0,0.0,0.0,1.0,1.0,0.0,0.0,1.0,0.0,0.0,1.0,1.0,1.0,0.0,1.0,0.0,0.0,0.0,0.0,1.0,0.0,0.0,0.0,0.0,0.0,0.0,0.0,0.0,0.0,0.0,1.0,0.0,1.0,0.0,0.0,0.0,0.0,0.0,0.0,0.0,1.0,0.0,1.0,0.0,0.0,0.0,0.0,1.0,0.0,0.0,0.0,0.0,0.0,0.0,1.0,0.0,0.0,1.0,0.0,0.0,1.0,1.0,0.0,0.0,0.0,0.0,0.0,1.0,0.0,0.0,1.0,0.0,0.0,0.0,0.0,0.0,1.0,0.0,0.0,0.0,1.0,0.0,0.0,1.0,0.0,1.0,1.0,0.0,0.0,0.0,1.0,0.0,0.0,0.0,0.0,0.0,0.84,0.76,1.0,0.76,0.96,0.84,0.72,1.0,0.72,0.8,0.8,0.6799999999999999,0.84,0.6799999999999999,0.76,0.72,0.64,0.76,0.64,0.72,0.6799999999999999,0.6,0.72,0.6,0.6799999999999999,0.64,0.56,0.6799999999999999,0.56,0.64,0.6,0.52,0.64,0.56,0.6,0.56,0.84,0.76,1.0,0.76,0.96,0.84,0.72,1.0,0.72,0.8,0.8,0.6799999999999999,0.84,0.6799999999999999,0.76,0.72,0.64,0.76,0.64,0.72,0.6799999999999999,0.6,0.72,0.6,0.6799999999999999,0.64,0.56,0.6799999999999999,0.56,0.64,0.6,0.52,0.64,0.56,0.6,0.56
811,0.0,1.0,1.0,0.0,0.0,0.0,1.0,0.0,0.0,0.0,0.0,0.0,1.0,0.0,0.0,1.0,0.0,0.0,0.0,0.0,0.0,1.0,0.0,0.0,1.0,0.0,0.0,0.0,1.0,1.0,0.0,0.0,1.0,0.0,0.0,0.0,0.0,0.0,0.0,0.0,0.0,0.0,1.0,0.0,0.0,1.0,1.0,0.0,0.0,0.0,0.0,0.0,0.0,0.0,0.0,0.0,0.0,1.0,0.0,0.0,1.0,0.0,1.0,0.0,0.0,1.0,0.0,0.0,0.0,1.0,0.0,1.0,1.0,0.0,0.0,0.0,0.0,0.0,0.0,1.0,0.0,0.0,0.0,1.0,0.0,0.0,0.0,0.0,0.0,0.0,0.0,0.0,0.0,1.0,0.0,0.0,0.0,0.0,0.0,1.0,0.0,1.0,0.0,1.0,1.0,0.84,0.84,0.76,0.84,0.8,0.76,0.8,0.72,0.8,0.76,0.72,0.76,0.6799999999999999,0.76,0.72,0.6799999999999999,0.72,0.64,0.72,0.6799999999999999,0.64,0.6799999999999999,0.6,0.6799999999999999,0.64,0.6,0.64,0.56,0.64,0.6,0.56,0.6,0.52,0.6,0.56,1.0,0.84,0.84,0.76,0.84,0.8,0.76,0.8,0.72,0.8,0.76,0.72,0.76,0.6799999999999999,0.76,0.72,0.6799999999999999,0.72,0.64,0.72,0.6799999999999999,0.64,0.6799999999999999,0.6,0.6799999999999999,0.64,0.6,0.64,0.56,0.64,0.6,0.56,0.6,0.52,0.6,0.56
812,0.0,1.0,0.0,0.0,1.0,0.0,0.0,0.0,1.0,1.0,0.0,0.0,0.0,0.0,0.0,0.0,0.0,0.0,1.0,1.0,0.0,0.0,0.0,0.0,1.0,0.0,1.0,0.0,0.0,0.0,0.0,1.0,1.0,1.0,0.0,0.0,0.0,0.0,0.0,0.0,1.0,0.0,0.0,0.0,0.0,0.0,0.0,0.0,0.0,0.0,1.0,0.0,1.0,0.0,1.0,0.0,0.0,1.0,0.0,1.0,0.0,0.0,1.0,0.0,0.0,0.0,1.0,0.0,0.0,0.0,0.0,0.0,0.0,1.0,0.0,1.0,0.0,0.0,0.0,0.0,0.0,1.0,0.0,0.0,0.0,0.0,0.0,1.0,1.0,0.0,0.0,0.0,0.0,1.0,0.0,0.0,1.0,0.0,0.0,0.0,0.0,0.0,0.0,0.0,1.0,0.92,0.76,0.8,0.72,0.76,0.84,0.72,0.76,0.6799999999999999,0.72,0.8,0.6799999999999999,0.72,0.64,0.6799999999999999,0.76,0.64,0.6799999999999999,0.6,0.64,0.72,0.6,0.64,0.56,0.6,0.6799999999999999,0.56,0.6,0.52,0.56,0.64,0.52,0.56,0.52,0.52,1.0,0.92,0.76,0.8,0.72,0.76,0.84,0.72,0.76,0.6799999999999999,0.72,0.8,0.6799999999999999,0.72,0.64,0.6799999999999999,0.76,0.64,0.6799999999999999,0.6,0.64,0.72,0.6,0.64,0.56,0.6,0.6799999999999999,0.56,0.6,0.52,0.56,0.64,0.52,0.56,0.52,0.52
813,0.0,0.0,0.0,0.0,1.0,1.0,0.0,1.0,0.0,0.0,0.0,0.0,1.0,0.0,1.0,1.0,0.0,0.0,0.0,0.0,1.0,1.0,0.0,0.0,0.0,0.0,0.0,0.0,0.0,1.0,0.0,0.0,0.0,0.0,0.0,0.0,1.0,0.0,1.0,0.0,0.0,0.0,1.0,0.0,1.0,0.0,0.0,0.0,0.0,0.0,0.0,0.0,0.0,0.0,1.0,1.0,0.0,0.0,0.0,0.0,0.0,0.0,0.0,0.0,0.0,1.0,0.0,0.0,1.0,1.0,0.0,0.0,0.0,0.0,1.0,1.0,0.0,0.0,0.0,1.0,0.0,0.0,0.0,1.0,0.0,0.0,0.0,1.0,0.0,0.0,0.0,0.0,0.0,0.0,0.0,0.0,0.0,1.0,1.0,0.0,0.0,0.0,0.0,1.0,0.88,0.76,1.0,0.76,0.72,0.76,0.6799999999999999,1.0,0.72,0.6799999999999999,0.72,0.64,0.8,0.6799999999999999,0.64,0.6799999999999999,0.6,0.76,0.64,0.6,0.64,0.6,0.72,0.6,0.56,0.6,0.56,0.6799999999999999,0.56,0.52,0.56,0.52,0.64,0.52,0.52,0.52,0.88,0.76,1.0,0.76,0.72,0.76,0.6799999999999999,1.0,0.72,0.6799999999999999,0.72,0.64,0.8,0.6799999999999999,0.64,0.6799999999999999,0.6,0.76,0.64,0.6,0.64,0.6,0.72,0.6,0.56,0.6,0.56,0.6799999999999999,0.56,0.52,0.56,0.52,0.64,0.52,0.52,0.52
814,0.0,0.0,0.0,0.0,0.0,1.0,0.0,1.0,1.0,0.0,0.0,0.0,0.0,0.0,0.0,0.0,0.0,1.0,1.0,0.0,0.0,0.0,0.0,0.0,0.0,0.0,0.0,1.0,0.0,0.0,0.0,0.0,0.0,1.0,1.0,0.0,0.0,0.0,0.0,0.0,0.0,0.0,1.0,1.0,0.0,1.0,0.0,0.0,1.0,1.0,0.0,0.0,0.0,0.0,1.0,0.0,0.0,0.0,1.0,0.0,0.0,0.0,0.0,0.0,0.0,0.0,1.0,0.0,0.0,0.0,0.0,1.0,0.0,0.0,1.0,1.0,0.0,0.0,0.0,0.0,0.0,1.0,1.0,0.0,0.0,0.0,0.0,1.0,0.0,0.0,1.0,1.0,0.0,1.0,0.0,0.0,0.0,0.0,0.0,0.0,0.0,0.0,0.0,1.0,1.0,0.76,0.8,0.88,0.92,0.8,0.6799999999999999,0.76,0.8,0.84,0.76,0.64,0.72,0.76,0.8,0.72,0.6,0.6799999999999999,0.72,0.76,0.6799999999999999,0.6,0.64,0.6799999999999999,0.72,0.64,0.56,0.6,0.64,0.6799999999999999,0.6,0.52,0.56,0.6,0.64,0.56,1.0,0.76,0.8,0.88,0.92,0.8,0.6799999999999999,0.76,0.8,0.84,0.76,0.64,0.72,0.76,0.8,0.72,0.6,0.6799999999999999,0.72,0.76,0.6799999999999999,0.6,0.64,0.6799999999999999,0.72,0.64,0.56,0.6,0.64,0.6799999999999999,0.6,0.52,0.56,0.6,0.64,0.56
815,0.0,0.0,0.0,0.0,0.0,0.0,0.0,0.0,0.0,1.0,0.0,1.0,0.0,0.0,0.0,1.0,0.0,0.0,0.0,0.0,0.0,1.0,0.0,0.0,1.0,1.0,0.0,0.0,0.0,0.0,0.0,0.0,0.0,0.0,0.0,1.0,0.0,1.0,0.0,0.0,0.0,0.0,1.0,1.0,0.0,0.0,0.0,0.0,1.0,1.0,0.0,1.0,0.0,0.0,1.0,0.0,0.0,0.0,0.0,1.0,0.0,0.0,1.0,0.0,1.0,0.0,0.0,0.0,0.0,0.0,1.0,1.0,1.0,0.0,1.0,1.0,0.0,0.0,0.0,0.0,1.0,0.0,1.0,0.0,0.0,0.0,0.0,0.0,0.0,0.0,0.0,0.0,0.0,1.0,0.0,0.0,0.0,1.0,0.0,0.0,0.0,0.0,0.0,0.0,0.56,0.64,0.64,0.56,0.6799999999999999,0.72,0.64,0.64,0.52,0.6799999999999999,0.72,0.64,0.64,0.48,0.6799999999999999,1.0,0.6,0.64,0.48,0.72,1.0,0.72,0.88,0.48,0.64,1.0,0.64,0.8,0.43999999999999995,0.52,0.84,0.48,0.52,0.43999999999999995,0.48,0.52,0.56,0.64,0.64,0.56,0.6799999999999999,0.72,0.64,0.64,0.52,0.6799999999999999,0.72,0.64,0.64,0.48,0.6799999999999999,1.0,0.6,0.64,0.48,0.72,1.0,0.72,0.88,0.48,0.64,1.0,0.64,0.8,0.43999999999999995,0.52,0.84,0.48,0.52,0.43999999999999995,0.48,0.52
816,0.0,0.0,0.0,0.0,0.0,1.0,1.0,0.0,0.0,0.0,0.0,0.0,1.0,0.0,0.0,0.0,0.0,1.0,0.0,1.0,1.0,0.0,0.0,0.0,0.0,1.0,0.0,0.0,0.0,0.0,1.0,0.0,1.0,0.0,0.0,1.0,0.0,0.0,0.0,0.0,1.0,0.0,0.0,0.0,1.0,0.0,0.0,0.0,1.0,0.0,0.0,0.0,0.0,1.0,0.0,0.0,1.0,0.0,0.0,0.0,0.0,0.0,1.0,0.0,0.0,0.0,0.0,0.0,0.0,0.0,0.0,0.0,0.0,0.0,1.0,0.0,0.0,0.0,0.0,1.0,0.0,0.0,0.0,1.0,0.0,1.0,1.0,0.0,0.0,1.0,0.0,0.0,0.0,1.0,1.0,1.0,0.0,0.0,0.0,0.0,0.0,1.0,0.0,0.0,0.96,0.8,0.76,1.0,0.92,0.84,0.76,0.72,0.88,0.84,0.8,0.6799999999999999,0.6799999999999999,0.8,0.8,0.76,0.64,0.64,0.76,0.76,0.72,0.6,0.6,0.72,0.6799999999999999,0.6799999999999999,0.6,0.56,0.6799999999999999,0.64,0.64,0.56,0.56,0.64,0.6,0.6,0.96,0.8,0.76,1.0,0.92,0.84,0.76,0.72,0.88,0.84,0.8,0.6799999999999999,0.6799999999999999,0.8,0.8,0.76,0.64,0.64,0.76,0.76,0.72,0.6,0.6,0.72,0.6799999999999999,0.6799999999999999,0.6,0.56,0.6799999999999999,0.64,0.64,0.56,0.56,0.64,0.6,0.6
817,1.0,0.0,0.0,1.0,0.0,0.0,0.0,0.0,0.0,0.0,0.0,0.0,0.0,0.0,0.0,0.0,0.0,0.0,0.0,0.0,0.0,0.0,0.0,0.0,1.0,0.0,0.0,0.0,1.0,1.0,1.0,0.0,0.0,1.0,0.0,0.0,1.0,1.0,0.0,1.0,0.0,0.0,1.0,0.0,0.0,0.0,0.0,0.0,1.0,0.0,0.0,1.0,0.0,1.0,0.0,0.0,0.0,1.0,1.0,1.0,0.0,1.0,1.0,0.0,0.0,0.0,0.0,0.0,0.0,0.0,1.0,0.0,0.0,0.0,0.0,1.0,0.0,1.0,0.0,0.0,0.0,0.0,0.0,0.0,0.0,0.0,1.0,1.0,0.0,0.0,0.0,0.0,0.0,0.0,0.0,0.0,1.0,0.0,0.0,0.0,0.0,1.0,0.0,0.0,0.6,0.6799999999999999,0.52,0.6799999999999999,0.64,0.72,0.6799999999999999,0.52,0.6799999999999999,0.56,0.72,0.64,0.48,0.6799999999999999,0.52,1.0,0.6,0.48,0.6,0.52,0.6799999999999999,0.52,0.48,0.52,0.48,0.52,0.52,0.43999999999999995,0.52,0.48,0.52,0.48,0.43999999999999995,0.48,0.48,0.48,0.6,0.6799999999999999,0.52,0.6799999999999999,0.64,0.72,0.6799999999999999,0.52,0.6799999999999999,0.56,0.72,0.64,0.48,0.6799999999999999,0.52,1.0,0.6,0.48,0.6,0.52,0.6799999999999999,0.52,0.48,0.52,0.48,0.52,0.52,0.43999999999999995,0.52,0.48,0.52,0.48,0.43999999999999995,0.48,0.48,0.48
818,0.0,1.0,0.0,0.0,1.0,0.0,1.0,0.0,1.0,1.0,1.0,0.0,0.0,0.0,1.0,0.0,0.0,0.0,0.0,0.0,0.0,0.0,0.0,0.0,0.0,1.0,0.0,0.0,0.0,0.0,0.0,0.0,0.0,0.0,0.0,0.0,0.0,1.0,1.0,1.0,0.0,1.0,0.0,0.0,0.0,0.0,0.0,0.0,0.0,1.0,0.0,0.0,1.0,0.0,0.0,0.0,0.0,1.0,0.0,0.0,0.0,0.0,0.0,1.0,0.0,1.0,0.0,1.0,0.0,1.0,0.0,0.0,0.0,1.0,0.0,0.0,0.0,0.0,1.0,0.0,0.0,0.0,1.0,0.0,0.0,1.0,0.0,0.0,1.0,0.0,0.0,0.0,1.0,0.0,0.0,0.0,0.0,0.0,0.0,0.0,1.0,0.0,0.0,0.0,0.84,1.0,0.76,0.76,0.72,0.88,1.0,0.72,0.72,0.6799999999999999,0.76,1.0,0.6799999999999999,0.6799999999999999,0.64,0.72,0.8,0.64,0.64,0.6,0.6799999999999999,0.76,0.6,0.6,0.56,0.64,0.72,0.56,0.56,0.52,0.6,0.6799999999999999,0.56,0.56,0.52,0.56,0.84,1.0,0.76,0.76,0.72,0.88,1.0,0.72,0.72,0.6799999999999999,0.76,1.0,0.6799999999999999,0.6799999999999999,0.64,0.72,0.8,0.64,0.64,0.6,0.6799999999999999,0.76,0.6,0.6,0.56,0.64,0.72,0.56,0.56,0.52,0.6,0.6799999999999999,0.56,0.56,0.52,0.56
819,0.0,0.0,1.0,0.0,0.0,1.0,0.0,0.0,0.0,0.0,0.0,0.0,0.0,1.0,0.0,1.0,0.0,0.0,0.0,0.0,1.0,0.0,1.0,0.0,0.0,1.0,0.0,0.0,0.0,0.0,1.0,0.0,0.0,0.0,0.0,0.0,0.0,1.0,0.0,1.0,0.0,1.0,0.0,0.0,0.0,1.0,1.0,0.0,0.0,0.0,0.0,0.0,1.0,0.0,0.0,1.0,0.0,0.0,1.0,1.0,1.0,0.0,0.0,0.0,0.0,0.0,0.0,0.0,0.0,1.0,0.0,0.0,0.0,0.0,0.0,0.0,0.0,0.0,0.0,1.0,1.0,1.0,0.0,0.0,0.0,0.0,0.0,1.0,1.0,0.0,0.0,0.0,1.0,0.0,0.0,0.0,0.0,0.0,0.0,0.0,0.0,0.0,0.0,1.0,1.0,0.92,0.84,0.88,0.8,0.8,0.88,0.76,0.84,0.76,0.76,0.8,0.72,0.8,0.72,0.6799999999999999,0.76,0.6799999999999999,0.76,0.6799999999999999,0.64,0.72,0.64,0.72,0.64,0.6,0.6799999999999999,0.6,0.6799999999999999,0.6,0.6,0.64,0.56,0.64,0.56,0.56,1.0,0.92,0.84,0.88,0.8,0.8,0.88,0.76,0.84,0.76,0.76,0.8,0.72,0.8,0.72,0.6799999999999999,0.76,0.6799999999999999,0.76,0.6799999999999999,0.64,0.72,0.64,0.72,0.64,0.6,0.6799999999999999,0.6,0.6799999999999999,0.6,0.6,0.64,0.56,0.64,0.56,0.56
820,1.0,0.0,0.0,0.0,0.0,0.0,1.0,1.0,0.0,1.0,1.0,0.0,0.0,1.0,0.0,1.0,1.0,0.0,0.0,0.0,1.0,0.0,0.0,0.0,0.0,0.0,0.0,0.0,1.0,0.0,0.0,0.0,1.0,1.0,0.0,0.0,0.0,0.0,0.0,0.0,0.0,0.0,0.0,0.0,0.0,1.0,0.0,0.0,0.0,0.0,0.0,0.0,0.0,1.0,0.0,0.0,1.0,0.0,0.0,0.0,1.0,0.0,0.0,0.0,0.0,0.0,1.0,0.0,0.0,0.0,0.0,1.0,0.0,0.0,1.0,0.0,1.0,1.0,0.0,0.0,0.0,0.0,1.0,0.0,0.0,0.0,0.0,0.0,0.0,0.0,0.0,1.0,1.0,0.0,0.0,0.0,0.0,0.0,1.0,0.0,1.0,0.0,0.0,0.0,0.88,0.84,1.0,0.6,0.6,0.6,0.76,0.88,0.56,0.56,0.56,0.72,0.8,0.52,0.56,0.56,0.6799999999999999,0.76,0.52,0.52,0.52,0.64,0.72,0.48,0.52,0.52,0.6,0.6799999999999999,0.48,0.48,0.48,0.56,0.64,0.48,0.48,0.48,0.88,0.84,1.0,0.6,0.6,0.6,0.76,0.88,0.56,0.56,0.56,0.72,0.8,0.52,0.56,0.56,0.6799999999999999,0.76,0.52,0.52,0.52,0.64,0.72,0.48,0.52,0.52,0.6,0.6799999999999999,0.48,0.48,0.48,0.56,0.64,0.48,0.48,0.48
821,1.0,0.0,0.0,0.0,0.0,0.0,1.0,0.0,0.0,0.0,1.0,1.0,1.0,1.0,1.0,0.0,0.0,0.0,0.0,0.0,0.0,0.0,0.0,1.0,1.0,0.0,0.0,1.0,0.0,0.0,1.0,0.0,0.0,1.0,0.0,0.0,0.0,0.0,0.0,0.0,0.0,0.0,1.0,0.0,0.0,0.0,0.0,0.0,0.0,0.0,0.0,0.0,0.0,0.0,0.0,0.0,1.0,0.0,0.0,1.0,1.0,1.0,0.0,0.0,0.0,0.0,0.0,1.0,0.0,0.0,0.0,0.0,1.0,0.0,0.0,0.0,0.0,1.0,0.0,0.0,1.0,0.0,0.0,1.0,0.0,0.0,0.0,0.0,0.0,0.0,0.0,0.0,1.0,0.0,0.0,0.0,0.0,0.0,1.0,1.0,1.0,0.0,0.0,0.0,0.84,1.0,0.92,0.72,0.76,0.76,1.0,0.88,0.6799999999999999,0.6799999999999999,0.72,1.0,0.84,0.64,0.64,0.6799999999999999,1.0,0.76,0.6,0.6,0.64,0.76,0.72,0.56,0.6,0.6,0.72,0.6799999999999999,0.52,0.56,0.56,0.6799999999999999,0.64,0.52,0.52,0.52,0.84,1.0,0.92,0.72,0.76,0.76,1.0,0.88,0.6799999999999999,0.6799999999999999,0.72,1.0,0.84,0.64,0.64,0.6799999999999999,1.0,0.76,0.6,0.6,0.64,0.76,0.72,0.56,0.6,0.6,0.72,0.6799999999999999,0.52,0.56,0.56,0.6799999999999999,0.64,0.52,0.52,0.52
822,0.0,0.0,0.0,0.0,0.0,0.0,1.0,1.0,1.0,0.0,0.0,0.0,0.0,0.0,0.0,1.0,1.0,0.0,0.0,0.0,0.0,1.0,0.0,0.0,0.0,0.0,0.0,0.0,1.0,0.0,1.0,0.0,0.0,0.0,0.0,1.0,0.0,0.0,0.0,0.0,1.0,0.0,1.0,0.0,0.0,0.0,0.0,0.0,1.0,0.0,1.0,0.0,0.0,0.0,0.0,0.0,1.0,1.0,0.0,0.0,0.0,0.0,0.0,0.0,1.0,0.0,0.0,0.0,0.0,0.0,0.0,1.0,0.0,0.0,0.0,1.0,0.0,0.0,0.0,0.0,0.0,1.0,0.0,1.0,0.0,1.0,1.0,0.0,1.0,0.0,0.0,0.0,0.0,1.0,0.0,1.0,0.0,0.0,0.0,0.0,0.0,1.0,0.0,0.0,1.0,0.6799999999999999,0.6799999999999999,0.88,0.8,0.6799999999999999,0.64,0.64,0.84,0.76,0.64,0.6,0.6,0.76,0.72,0.6,0.6,0.56,0.72,0.6799999999999999,0.6,0.56,0.56,0.6799999999999999,0.64,0.56,0.52,0.52,0.64,0.6,0.52,0.52,0.52,0.6,0.56,0.52,1.0,0.6799999999999999,0.6799999999999999,0.88,0.8,0.6799999999999999,0.64,0.64,0.84,0.76,0.64,0.6,0.6,0.76,0.72,0.6,0.6,0.56,0.72,0.6799999999999999,0.6,0.56,0.56,0.6799999999999999,0.64,0.56,0.52,0.52,0.64,0.6,0.52,0.52,0.52,0.6,0.56,0.52
823,0.0,0.0,1.0,0.0,0.0,1.0,1.0,0.0,0.0,0.0,0.0,0.0,1.0,1.0,0.0,1.0,0.0,0.0,1.0,0.0,0.0,0.0,1.0,0.0,0.0,0.0,0.0,0.0,0.0,0.0,0.0,0.0,0.0,0.0,1.0,0.0,0.0,1.0,0.0,0.0,0.0,0.0,0.0,1.0,1.0,1.0,0.0,0.0,0.0,0.0,0.0,0.0,1.0,0.0,0.0,0.0,1.0,0.0,0.0,1.0,0.0,0.0,0.0,1.0,0.0,0.0,0.0,0.0,1.0,1.0,0.0,0.0,1.0,0.0,0.0,0.0,0.0,0.0,0.0,0.0,0.0,0.0,0.0,0.0,1.0,0.0,0.0,1.0,1.0,0.0,0.0,1.0,0.0,0.0,0.0,0.0,0.0,0.0,0.0,0.0,1.0,0.0,0.0,1.0,1.0,0.88,0.84,0.84,0.8,0.88,0.84,0.8,0.8,0.76,0.84,0.8,0.76,0.76,0.72,0.8,0.76,0.72,0.6799999999999999,0.6799999999999999,0.76,0.72,0.6799999999999999,0.64,0.64,0.6799999999999999,0.6799999999999999,0.64,0.6,0.6,0.64,0.64,0.6,0.6,0.56,0.6,1.0,0.88,0.84,0.84,0.8,0.88,0.84,0.8,0.8,0.76,0.84,0.8,0.76,0.76,0.72,0.8,0.76,0.72,0.6799999999999999,0.6799999999999999,0.76,0.72,0.6799999999999999,0.64,0.64,0.6799999999999999,0.6799999999999999,0.64,0.6,0.6,0.64,0.64,0.6,0.6,0.56,0.6
824,0.0,0.0,0.0,1.0,0.0,0.0,0.0,0.0,0.0,0.0,1.0,0.0,0.0,0.0,1.0,0.0,0.0,0.0,0.0,0.0,0.0,0.0,0.0,0.0,0.0,0.0,0.0,0.0,0.0,0.0,1.0,1.0,0.0,1.0,1.0,0.0,0.0,1.0,0.0,0.0,1.0,1.0,0.0,0.0,0.0,0.0,1.0,0.0,1.0,1.0,0.0,0.0,0.0,0.0,0.0,0.0,1.0,1.0,0.0,0.0,1.0,1.0,0.0,1.0,0.0,0.0,0.0,1.0,1.0,0.0,0.0,0.0,0.0,0.0,0.0,1.0,0.0,0.0,0.0,0.0,1.0,1.0,0.0,0.0,0.0,0.0,0.0,0.0,1.0,0.0,0.0,0.0,0.0,0.0,0.0,0.0,1.0,0.0,0.0,1.0,0.0,0.0,0.0,0.0,0.92,0.8,0.6799999999999999,1.0,0.84,0.76,0.76,0.64,0.92,0.8,0.72,0.72,0.6,0.8,0.76,0.6799999999999999,0.6799999999999999,0.56,0.76,0.72,0.64,0.64,0.56,0.72,0.6799999999999999,0.6,0.6,0.52,0.6799999999999999,0.64,0.56,0.56,0.52,0.64,0.6,0.56,0.92,0.8,0.6799999999999999,1.0,0.84,0.76,0.76,0.64,0.92,0.8,0.72,0.72,0.6,0.8,0.76,0.6799999999999999,0.6799999999999999,0.56,0.76,0.72,0.64,0.64,0.56,0.72,0.6799999999999999,0.6,0.6,0.52,0.6799999999999999,0.64,0.56,0.56,0.52,0.64,0.6,0.56
825,0.0,0.0,1.0,1.0,0.0,0.0,1.0,0.0,0.0,1.0,0.0,0.0,0.0,0.0,1.0,0.0,0.0,1.0,1.0,0.0,0.0,0.0,0.0,1.0,0.0,0.0,1.0,0.0,1.0,0.0,0.0,0.0,0.0,0.0,1.0,0.0,0.0,0.0,0.0,1.0,0.0,0.0,0.0,0.0,0.0,0.0,0.0,0.0,1.0,0.0,0.0,0.0,1.0,0.0,0.0,0.0,1.0,0.0,0.0,0.0,0.0,0.0,0.0,1.0,1.0,1.0,0.0,0.0,0.0,0.0,0.0,1.0,0.0,1.0,0.0,0.0,0.0,0.0,0.0,0.0,0.0,0.0,0.0,1.0,0.0,1.0,0.0,1.0,0.0,1.0,0.0,0.0,1.0,0.0,0.0,0.0,0.0,1.0,0.0,0.0,0.0,0.0,0.0,0.0,1.0,0.92,0.84,0.84,0.76,0.8,0.84,0.8,0.8,0.6799999999999999,0.76,0.8,0.76,0.76,0.64,0.6799999999999999,0.76,0.72,0.72,0.6,0.64,0.72,0.6799999999999999,0.6799999999999999,0.6,0.6,0.6799999999999999,0.64,0.64,0.56,0.6,0.64,0.6,0.6,0.52,0.56,1.0,0.92,0.84,0.84,0.76,0.8,0.84,0.8,0.8,0.6799999999999999,0.76,0.8,0.76,0.76,0.64,0.6799999999999999,0.76,0.72,0.72,0.6,0.64,0.72,0.6799999999999999,0.6799999999999999,0.6,0.6,0.6799999999999999,0.64,0.64,0.56,0.6,0.64,0.6,0.6,0.52,0.56
826,1.0,0.0,0.0,0.0,0.0,0.0,1.0,0.0,0.0,1.0,0.0,0.0,0.0,1.0,1.0,1.0,1.0,0.0,0.0,0.0,0.0,0.0,1.0,1.0,0.0,0.0,0.0,1.0,1.0,0.0,0.0,0.0,0.0,0.0,0.0,0.0,0.0,0.0,0.0,0.0,0.0,1.0,0.0,0.0,0.0,0.0,1.0,0.0,0.0,0.0,0.0,0.0,0.0,1.0,0.0,0.0,0.0,0.0,0.0,0.0,0.0,0.0,0.0,0.0,0.0,0.0,0.0,0.0,0.0,0.0,0.0,1.0,0.0,1.0,0.0,0.0,0.0,0.0,1.0,0.0,0.0,0.0,1.0,0.0,0.0,0.0,1.0,0.0,0.0,1.0,0.0,0.0,0.0,0.0,1.0,1.0,1.0,1.0,0.0,1.0,1.0,0.0,0.0,0.0,1.0,0.64,0.8,0.6799999999999999,0.76,0.64,0.6,0.76,0.64,0.72,0.6,0.56,0.72,0.6,0.6799999999999999,0.6,0.56,0.6799999999999999,0.56,0.64,0.56,0.52,0.64,0.52,0.6,0.52,0.52,0.6,0.52,0.56,0.52,0.48,0.56,0.48,0.56,0.48,1.0,0.64,0.8,0.6799999999999999,0.76,0.64,0.6,0.76,0.64,0.72,0.6,0.56,0.72,0.6,0.6799999999999999,0.6,0.56,0.6799999999999999,0.56,0.64,0.56,0.52,0.64,0.52,0.6,0.52,0.52,0.6,0.52,0.56,0.52,0.48,0.56,0.48,0.56,0.48
827,1.0,0.0,0.0,0.0,1.0,0.0,0.0,0.0,0.0,0.0,0.0,0.0,0.0,0.0,0.0,0.0,0.0,0.0,0.0,1.0,0.0,1.0,0.0,0.0,1.0,1.0,1.0,0.0,0.0,0.0,0.0,1.0,0.0,0.0,1.0,1.0,0.0,0.0,0.0,0.0,0.0,1.0,0.0,0.0,0.0,1.0,0.0,0.0,0.0,1.0,0.0,0.0,0.0,1.0,0.0,0.0,0.0,1.0,0.0,0.0,1.0,0.0,0.0,0.0,0.0,1.0,1.0,0.0,0.0,1.0,1.0,0.0,1.0,0.0,0.0,0.0,0.0,0.0,0.0,0.0,1.0,1.0,0.0,0.0,0.0,0.0,0.0,0.0,0.0,0.0,1.0,1.0,1.0,0.0,0.0,0.0,0.0,0.0,0.0,0.0,0.0,0.0,0.0,0.0,0.92,0.6799999999999999,1.0,0.8,0.6799999999999999,0.72,0.64,0.88,0.76,0.64,0.6799999999999999,0.6,0.8,0.72,0.6,0.64,0.56,0.76,0.6799999999999999,0.56,0.6,0.56,0.72,0.64,0.56,0.56,0.52,0.6799999999999999,0.6,0.52,0.56,0.52,0.64,0.56,0.52,0.52,0.92,0.6799999999999999,1.0,0.8,0.6799999999999999,0.72,0.64,0.88,0.76,0.64,0.6799999999999999,0.6,0.8,0.72,0.6,0.64,0.56,0.76,0.6799999999999999,0.56,0.6,0.56,0.72,0.64,0.56,0.56,0.52,0.6799999999999999,0.6,0.52,0.56,0.52,0.64,0.56,0.52,0.52
828,0.0,1.0,0.0,0.0,0.0,0.0,0.0,0.0,1.0,1.0,0.0,0.0,0.0,0.0,0.0,1.0,1.0,1.0,0.0,0.0,0.0,0.0,1.0,1.0,0.0,0.0,0.0,0.0,0.0,0.0,1.0,1.0,0.0,0.0,0.0,0.0,0.0,0.0,0.0,0.0,1.0,0.0,0.0,0.0,0.0,0.0,0.0,1.0,0.0,0.0,0.0,1.0,0.0,0.0,0.0,1.0,0.0,1.0,1.0,0.0,0.0,0.0,0.0,1.0,0.0,1.0,0.0,0.0,0.0,0.0,0.0,0.0,1.0,1.0,0.0,0.0,1.0,0.0,0.0,1.0,0.0,0.0,0.0,0.0,0.0,0.0,0.0,0.0,0.0,1.0,1.0,0.0,0.0,0.0,0.0,0.0,0.0,0.0,1.0,0.0,0.0,0.0,1.0,0.0,0.8,0.92,1.0,0.8,0.8,0.96,0.92,1.0,0.72,0.76,0.96,0.88,1.0,0.6799999999999999,0.6799999999999999,0.84,0.8,1.0,0.64,0.64,0.72,0.72,0.84,0.6,0.6,0.6799999999999999,0.6799999999999999,0.72,0.56,0.6,0.64,0.64,0.6799999999999999,0.56,0.56,0.6,0.8,0.92,1.0,0.8,0.8,0.96,0.92,1.0,0.72,0.76,0.96,0.88,1.0,0.6799999999999999,0.6799999999999999,0.84,0.8,1.0,0.64,0.64,0.72,0.72,0.84,0.6,0.6,0.6799999999999999,0.6799999999999999,0.72,0.56,0.6,0.64,0.64,0.6799999999999999,0.56,0.56,0.6
829,0.0,1.0,0.0,0.0,1.0,0.0,1.0,0.0,0.0,0.0,0.0,1.0,0.0,1.0,1.0,1.0,0.0,0.0,0.0,0.0,0.0,0.0,0.0,1.0,0.0,0.0,1.0,0.0,0.0,0.0,0.0,0.0,0.0,0.0,1.0,1.0,0.0,0.0,0.0,0.0,0.0,0.0,0.0,0.0,1.0,0.0,0.0,1.0,0.0,0.0,0.0,0.0,0.0,0.0,0.0,0.0,0.0,0.0,0.0,0.0,1.0,1.0,0.0,0.0,1.0,0.0,0.0,0.0,0.0,0.0,1.0,0.0,1.0,1.0,0.0,0.0,0.0,0.0,0.0,0.0,0.0,1.0,0.0,1.0,0.0,0.0,0.0,0.0,0.0,0.0,0.0,0.0,1.0,0.0,1.0,1.0,0.0,0.0,0.0,0.0,1.0,1.0,0.0,0.0,1.0,0.84,0.8,0.72,0.84,0.76,0.8,0.76,0.6799999999999999,0.8,0.72,0.76,0.72,0.64,0.76,0.6799999999999999,0.6799999999999999,0.6799999999999999,0.6,0.72,0.64,0.64,0.64,0.56,0.6799999999999999,0.6,0.6,0.6,0.56,0.64,0.56,0.6,0.56,0.52,0.6,0.56,1.0,0.84,0.8,0.72,0.84,0.76,0.8,0.76,0.6799999999999999,0.8,0.72,0.76,0.72,0.64,0.76,0.6799999999999999,0.6799999999999999,0.6799999999999999,0.6,0.72,0.64,0.64,0.64,0.56,0.6799999999999999,0.6,0.6,0.6,0.56,0.64,0.56,0.6,0.56,0.52,0.6,0.56
830,1.0,1.0,0.0,0.0,0.0,0.0,0.0,1.0,1.0,0.0,0.0,0.0,0.0,1.0,0.0,0.0,0.0,0.0,0.0,0.0,1.0,0.0,0.0,0.0,0.0,0.0,0.0,1.0,0.0,0.0,1.0,0.0,1.0,0.0,1.0,0.0,0.0,0.0,0.0,1.0,0.0,0.0,0.0,1.0,0.0,1.0,0.0,0.0,0.0,0.0,0.0,0.0,0.0,0.0,1.0,0.0,0.0,0.0,1.0,0.0,0.0,1.0,0.0,0.0,0.0,0.0,0.0,1.0,1.0,0.0,0.0,0.0,0.0,0.0,0.0,1.0,1.0,0.0,0.0,0.0,0.0,0.0,0.0,1.0,0.0,0.0,0.0,0.0,0.0,0.0,0.0,0.0,0.0,0.0,1.0,0.0,0.0,0.0,1.0,0.0,1.0,1.0,0.0,1.0,0.96,0.8,0.76,0.72,1.0,0.72,0.76,0.72,0.6799999999999999,0.84,0.6799999999999999,0.6799999999999999,0.6799999999999999,0.64,0.8,0.64,0.64,0.64,0.6,0.76,0.6,0.6,0.6,0.56,0.72,0.56,0.6,0.56,0.52,0.6799999999999999,0.56,0.56,0.56,0.52,0.64,0.52,0.96,0.8,0.76,0.72,1.0,0.72,0.76,0.72,0.6799999999999999,0.84,0.6799999999999999,0.6799999999999999,0.6799999999999999,0.64,0.8,0.64,0.64,0.64,0.6,0.76,0.6,0.6,0.6,0.56,0.72,0.56,0.6,0.56,0.52,0.6799999999999999,0.56,0.56,0.56,0.52,0.64,0.52
831,0.0,1.0,0.0,0.0,0.0,0.0,0.0,0.0,0.0,0.0,0.0,1.0,0.0,0.0,0.0,0.0,1.0,0.0,0.0,0.0,0.0,0.0,1.0,0.0,0.0,1.0,0.0,0.0,0.0,0.0,0.0,1.0,0.0,0.0,0.0,0.0,0.0,0.0,1.0,0.0,0.0,0.0,0.0,1.0,0.0,0.0,0.0,1.0,1.0,1.0,1.0,1.0,0.0,0.0,1.0,0.0,1.0,0.0,0.0,1.0,0.0,1.0,0.0,0.0,1.0,1.0,0.0,0.0,0.0,1.0,0.0,0.0,0.0,0.0,0.0,0.0,1.0,0.0,0.0,0.0,0.0,0.0,0.0,0.0,1.0,0.0,0.0,0.0,0.0,1.0,0.0,1.0,1.0,1.0,0.0,0.0,0.0,0.0,0.0,0.0,0.0,0.0,0.0,0.0,0.28,0.31999999999999995,0.31999999999999995,0.31999999999999995,0.36,0.36,0.31999999999999995,0.31999999999999995,0.31999999999999995,0.36,0.36,0.31999999999999995,0.31999999999999995,0.28,0.36,0.4,0.31999999999999995,0.31999999999999995,0.28,0.4,0.4,0.4,0.36,0.28,0.4,0.4,0.52,0.4,0.28,0.52,0.52,0.4,0.28,0.24,1.0,0.6799999999999999,0.28,0.31999999999999995,0.31999999999999995,0.31999999999999995,0.36,0.36,0.31999999999999995,0.31999999999999995,0.31999999999999995,0.36,0.36,0.31999999999999995,0.31999999999999995,0.28,0.36,0.4,0.31999999999999995,0.31999999999999995,0.28,0.4,0.4,0.4,0.36,0.28,0.4,0.4,0.52,0.4,0.28,0.52,0.52,0.4,0.28,0.24,1.0,0.6799999999999999
832,1.0,1.0,0.0,0.0,1.0,0.0,1.0,1.0,0.0,1.0,0.0,1.0,0.0,0.0,0.0,0.0,0.0,0.0,0.0,0.0,1.0,0.0,1.0,0.0,1.0,0.0,1.0,0.0,0.0,0.0,0.0,0.0,0.0,0.0,1.0,0.0,0.0,0.0,0.0,0.0,0.0,0.0,0.0,0.0,0.0,1.0,0.0,0.0,0.0,0.0,0.0,0.0,0.0,0.0,0.0,0.0,0.0,0.0,0.0,0.0,0.0,0.0,1.0,0.0,1.0,0.0,0.0,0.0,1.0,1.0,0.0,0.0,0.0,1.0,0.0,0.0,0.0,1.0,0.0,1.0,0.0,1.0,1.0,1.0,0.0,1.0,0.0,0.0,0.0,0.0,0.0,0.0,0.0,0.0,0.0,0.0,0.0,0.0,0.0,1.0,0.0,1.0,0.0,0.0,0.84,1.0,0.92,0.92,0.64,0.6799999999999999,1.0,0.88,0.84,0.6,0.64,1.0,0.88,0.76,0.56,0.6,1.0,0.76,0.72,0.56,0.6,0.76,0.72,0.6799999999999999,0.52,0.56,0.72,0.6799999999999999,0.64,0.52,0.52,0.6799999999999999,0.64,0.6,0.48,0.52,0.84,1.0,0.92,0.92,0.64,0.6799999999999999,1.0,0.88,0.84,0.6,0.64,1.0,0.88,0.76,0.56,0.6,1.0,0.76,0.72,0.56,0.6,0.76,0.72,0.6799999999999999,0.52,0.56,0.72,0.6799999999999999,0.64,0.52,0.52,0.6799999999999999,0.64,0.6,0.48,0.52
833,1.0,0.0,0.0,0.0,1.0,0.0,0.0,0.0,0.0,0.0,0.0,0.0,1.0,0.0,1.0,0.0,0.0,0.0,0.0,0.0,0.0,0.0,0.0,0.0,1.0,1.0,0.0,1.0,0.0,1.0,0.0,0.0,1.0,1.0,0.0,0.0,0.0,0.0,0.0,0.0,1.0,0.0,0.0,0.0,0.0,0.0,0.0,0.0,0.0,0.0,1.0,1.0,0.0,0.0,0.0,0.0,0.0,0.0,1.0,1.0,0.0,1.0,0.0,1.0,0.0,0.0,0.0,1.0,1.0,1.0,0.0,1.0,0.0,0.0,0.0,0.0,0.0,0.0,0.0,0.0,0.0,0.0,0.0,1.0,0.0,0.0,0.0,1.0,1.0,0.0,0.0,0.0,0.0,0.0,0.0,1.0,0.0,0.0,0.0,0.0,0.0,1.0,0.0,0.0,0.6,0.6799999999999999,0.6799999999999999,0.72,0.64,0.72,0.6799999999999999,0.6799999999999999,0.72,0.6,0.72,0.6799999999999999,0.64,0.6799999999999999,0.52,1.0,0.64,0.6,0.76,0.52,0.6799999999999999,0.56,0.52,0.52,0.48,0.52,0.52,0.52,0.52,0.48,0.52,0.52,0.48,0.48,0.48,0.48,0.6,0.6799999999999999,0.6799999999999999,0.72,0.64,0.72,0.6799999999999999,0.6799999999999999,0.72,0.6,0.72,0.6799999999999999,0.64,0.6799999999999999,0.52,1.0,0.64,0.6,0.76,0.52,0.6799999999999999,0.56,0.52,0.52,0.48,0.52,0.52,0.52,0.52,0.48,0.52,0.52,0.48,0.48,0.48,0.48
834,0.0,0.0,0.0,0.0,1.0,0.0,1.0,1.0,0.0,0.0,0.0,0.0,0.0,0.0,1.0,1.0,0.0,0.0,0.0,0.0,0.0,1.0,0.0,0.0,1.0,0.0,0.0,0.0,1.0,0.0,0.0,0.0,1.0,0.0,0.0,0.0,0.0,0.0,1.0,0.0,1.0,0.0,1.0,0.0,0.0,0.0,0.0,0.0,1.0,0.0,0.0,0.0,0.0,0.0,1.0,0.0,0.0,0.0,0.0,0.0,0.0,0.0,0.0,1.0,0.0,0.0,0.0,0.0,0.0,0.0,1.0,1.0,0.0,0.0,0.0,0.0,0.0,0.0,1.0,1.0,0.0,1.0,0.0,1.0,0.0,1.0,1.0,0.0,0.0,0.0,0.0,1.0,0.0,1.0,0.0,1.0,0.0,0.0,0.0,0.0,0.0,0.0,0.0,0.0,1.0,0.72,0.76,0.88,0.72,0.76,0.6799999999999999,0.72,0.84,0.6799999999999999,0.6799999999999999,0.64,0.6799999999999999,0.8,0.64,0.64,0.6,0.64,0.76,0.6,0.6,0.56,0.6,0.6799999999999999,0.56,0.6,0.52,0.56,0.64,0.56,0.56,0.52,0.52,0.6,0.52,0.52,1.0,0.72,0.76,0.88,0.72,0.76,0.6799999999999999,0.72,0.84,0.6799999999999999,0.6799999999999999,0.64,0.6799999999999999,0.8,0.64,0.64,0.6,0.64,0.76,0.6,0.6,0.56,0.6,0.6799999999999999,0.56,0.6,0.52,0.56,0.64,0.56,0.56,0.52,0.52,0.6,0.52,0.52
835,0.0,1.0,1.0,1.0,1.0,0.0,0.0,1.0,0.0,0.0,0.0,1.0,1.0,0.0,0.0,0.0,0.0,0.0,0.0,0.0,0.0,0.0,0.0,0.0,0.0,0.0,0.0,0.0,1.0,1.0,1.0,0.0,1.0,0.0,0.0,0.0,1.0,0.0,0.0,0.0,0.0,0.0,0.0,0.0,0.0,0.0,0.0,0.0,1.0,0.0,0.0,0.0,0.0,0.0,0.0,0.0,0.0,0.0,1.0,0.0,0.0,0.0,0.0,0.0,0.0,0.0,1.0,0.0,0.0,1.0,0.0,0.0,0.0,1.0,1.0,1.0,1.0,0.0,1.0,1.0,0.0,0.0,0.0,0.0,0.0,0.0,0.0,0.0,0.0,1.0,1.0,0.0,0.0,0.0,0.0,0.0,1.0,0.0,0.0,1.0,0.0,0.0,0.0,0.0,0.43999999999999995,0.48,0.48,0.52,0.4,0.43999999999999995,0.48,0.48,0.52,0.4,0.43999999999999995,0.48,0.48,0.52,0.4,0.4,0.48,0.43999999999999995,0.6799999999999999,0.4,0.4,0.52,0.43999999999999995,0.6799999999999999,0.36,0.4,0.43999999999999995,0.4,1.0,0.36,0.4,0.4,0.4,0.43999999999999995,0.36,0.36,0.43999999999999995,0.48,0.48,0.52,0.4,0.43999999999999995,0.48,0.48,0.52,0.4,0.43999999999999995,0.48,0.48,0.52,0.4,0.4,0.48,0.43999999999999995,0.6799999999999999,0.4,0.4,0.52,0.43999999999999995,0.6799999999999999,0.36,0.4,0.43999999999999995,0.4,1.0,0.36,0.4,0.4,0.4,0.43999999999999995,0.36,0.36
836,0.0,0.0,0.0,0.0,0.0,0.0,0.0,0.0,0.0,1.0,1.0,0.0,0.0,0.0,0.0,0.0,1.0,0.0,1.0,0.0,0.0,1.0,0.0,0.0,0.0,1.0,0.0,0.0,0.0,1.0,1.0,0.0,0.0,0.0,1.0,0.0,0.0,1.0,0.0,0.0,0.0,1.0,0.0,0.0,0.0,0.0,1.0,0.0,0.0,0.0,1.0,0.0,1.0,1.0,1.0,0.0,1.0,1.0,0.0,1.0,0.0,0.0,0.0,0.0,0.0,0.0,0.0,0.0,0.0,0.0,0.0,1.0,0.0,0.0,0.0,0.0,0.0,0.0,0.0,1.0,1.0,0.0,0.0,1.0,0.0,0.0,0.0,0.0,0.0,0.0,0.0,0.0,0.0,0.0,1.0,0.0,0.0,1.0,0.0,0.0,1.0,0.0,0.0,0.0,1.0,0.96,0.76,0.8,0.76,0.76,0.88,0.6799999999999999,0.76,0.72,0.72,0.8,0.64,0.6799999999999999,0.6799999999999999,0.6799999999999999,0.76,0.6,0.64,0.64,0.64,0.72,0.6,0.6,0.6,0.6,0.6799999999999999,0.56,0.6,0.56,0.56,0.64,0.52,0.56,0.56,0.52,1.0,0.96,0.76,0.8,0.76,0.76,0.88,0.6799999999999999,0.76,0.72,0.72,0.8,0.64,0.6799999999999999,0.6799999999999999,0.6799999999999999,0.76,0.6,0.64,0.64,0.64,0.72,0.6,0.6,0.6,0.6,0.6799999999999999,0.56,0.6,0.56,0.56,0.64,0.52,0.56,0.56,0.52
837,0.0,0.0,1.0,0.0,0.0,0.0,1.0,0.0,0.0,0.0,0.0,1.0,1.0,0.0,1.0,0.0,1.0,0.0,0.0,0.0,0.0,1.0,0.0,0.0,0.0,0.0,0.0,0.0,0.0,0.0,0.0,1.0,0.0,0.0,0.0,0.0,0.0,0.0,0.0,1.0,0.0,0.0,0.0,0.0,0.0,1.0,1.0,1.0,1.0,0.0,0.0,0.0,1.0,0.0,0.0,0.0,0.0,0.0,0.0,1.0,1.0,0.0,0.0,0.0,0.0,1.0,0.0,1.0,0.0,1.0,0.0,0.0,0.0,0.0,1.0,0.0,0.0,1.0,0.0,0.0,0.0,1.0,0.0,0.0,0.0,0.0,0.0,0.0,0.0,1.0,0.0,0.0,0.0,1.0,0.0,1.0,0.0,0.0,0.0,0.0,0.0,0.0,0.0,1.0,0.84,0.92,0.92,0.72,1.0,0.84,0.88,0.92,0.6799999999999999,1.0,0.76,0.76,0.8,0.64,0.84,0.6799999999999999,0.72,0.76,0.6,0.76,0.64,0.6799999999999999,0.6799999999999999,0.56,0.72,0.6,0.64,0.64,0.52,0.6799999999999999,0.6,0.6,0.6,0.52,0.64,0.56,0.84,0.92,0.92,0.72,1.0,0.84,0.88,0.92,0.6799999999999999,1.0,0.76,0.76,0.8,0.64,0.84,0.6799999999999999,0.72,0.76,0.6,0.76,0.64,0.6799999999999999,0.6799999999999999,0.56,0.72,0.6,0.64,0.64,0.52,0.6799999999999999,0.6,0.6,0.6,0.52,0.64,0.56
838,0.0,0.0,0.0,1.0,0.0,0.0,0.0,0.0,0.0,0.0,0.0,1.0,1.0,0.0,0.0,0.0,0.0,0.0,0.0,1.0,0.0,1.0,0.0,0.0,0.0,0.0,0.0,0.0,0.0,0.0,0.0,0.0,0.0,1.0,0.0,0.0,0.0,0.0,1.0,1.0,0.0,0.0,0.0,1.0,1.0,1.0,0.0,0.0,0.0,0.0,1.0,1.0,0.0,0.0,1.0,0.0,0.0,0.0,1.0,1.0,0.0,1.0,1.0,0.0,0.0,0.0,0.0,0.0,1.0,1.0,0.0,0.0,0.0,0.0,0.0,1.0,0.0,1.0,0.0,0.0,0.0,0.0,0.0,0.0,1.0,0.0,1.0,0.0,1.0,0.0,0.0,0.0,0.0,0.0,0.0,0.0,0.0,0.0,0.0,1.0,0.0,0.0,0.0,0.0,0.4,0.43999999999999995,0.43999999999999995,0.43999999999999995,0.48,0.48,0.43999999999999995,0.43999999999999995,0.43999999999999995,0.48,0.48,0.43999999999999995,0.43999999999999995,0.4,0.48,0.56,0.43999999999999995,0.43999999999999995,0.4,0.56,0.56,0.52,0.4,0.4,0.48,0.48,1.0,0.4,0.36,0.4,0.43999999999999995,0.48,0.36,0.36,0.4,0.4,0.4,0.43999999999999995,0.43999999999999995,0.43999999999999995,0.48,0.48,0.43999999999999995,0.43999999999999995,0.43999999999999995,0.48,0.48,0.43999999999999995,0.43999999999999995,0.4,0.48,0.56,0.43999999999999995,0.43999999999999995,0.4,0.56,0.56,0.52,0.4,0.4,0.48,0.48,1.0,0.4,0.36,0.4,0.43999999999999995,0.48,0.36,0.36,0.4,0.4
839,0.0,0.0,0.0,0.0,1.0,0.0,1.0,1.0,1.0,0.0,1.0,1.0,0.0,0.0,1.0,0.0,0.0,0.0,0.0,0.0,1.0,0.0,1.0,0.0,0.0,0.0,0.0,0.0,0.0,0.0,0.0,0.0,1.0,1.0,0.0,0.0,0.0,1.0,0.0,0.0,0.0,0.0,0.0,0.0,0.0,0.0,0.0,0.0,1.0,0.0,0.0,0.0,0.0,0.0,1.0,0.0,0.0,0.0,0.0,0.0,0.0,0.0,0.0,0.0,0.0,0.0,0.0,0.0,1.0,1.0,0.0,1.0,0.0,1.0,0.0,1.0,0.0,0.0,0.0,0.0,0.0,0.0,0.0,1.0,0.0,0.0,1.0,1.0,1.0,0.0,1.0,0.0,0.0,0.0,0.0,0.0,0.0,1.0,1.0,0.0,0.0,0.0,0.0,0.0,0.84,0.88,0.92,1.0,0.64,0.72,0.84,0.92,1.0,0.6,0.6799999999999999,0.76,0.8,0.8,0.6,0.64,0.72,0.76,0.76,0.56,0.6,0.6799999999999999,0.6799999999999999,0.72,0.52,0.56,0.64,0.64,0.6799999999999999,0.52,0.56,0.6,0.6,0.64,0.48,0.52,0.84,0.88,0.92,1.0,0.64,0.72,0.84,0.92,1.0,0.6,0.6799999999999999,0.76,0.8,0.8,0.6,0.64,0.72,0.76,0.76,0.56,0.6,0.6799999999999999,0.6799999999999999,0.72,0.52,0.56,0.64,0.64,0.6799999999999999,0.52,0.56,0.6,0.6,0.64,0.48,0.52
840,0.0,0.0,0.0,0.0,0.0,0.0,1.0,0.0,1.0,0.0,1.0,0.0,1.0,0.0,0.0,0.0,0.0,0.0,1.0,1.0,0.0,0.0,0.0,0.0,0.0,0.0,0.0,0.0,0.0,0.0,0.0,1.0,1.0,0.0,0.0,0.0,1.0,1.0,0.0,0.0,0.0,0.0,0.0,0.0,0.0,1.0,0.0,0.0,1.0,1.0,0.0,0.0,0.0,0.0,1.0,1.0,1.0,1.0,0.0,0.0,0.0,0.0,0.0,0.0,0.0,1.0,0.0,0.0,0.0,0.0,0.0,0.0,0.0,0.0,1.0,0.0,1.0,1.0,0.0,1.0,0.0,1.0,0.0,0.0,0.0,0.0,0.0,0.0,0.0,0.0,0.0,1.0,1.0,0.0,0.0,0.0,0.0,0.0,0.0,0.0,0.0,0.0,1.0,0.0,0.72,0.84,0.8,0.8,0.8,0.88,0.8,0.8,0.8,0.76,0.88,0.8,0.76,0.76,0.72,1.0,0.8,0.6799999999999999,0.64,0.64,0.76,0.72,0.6,0.6,0.6,0.64,0.64,0.6,0.56,0.56,0.6,0.6,0.56,0.56,0.56,0.56,0.72,0.84,0.8,0.8,0.8,0.88,0.8,0.8,0.8,0.76,0.88,0.8,0.76,0.76,0.72,1.0,0.8,0.6799999999999999,0.64,0.64,0.76,0.72,0.6,0.6,0.6,0.64,0.64,0.6,0.56,0.56,0.6,0.6,0.56,0.56,0.56,0.56
841,0.0,0.0,1.0,0.0,0.0,0.0,0.0,0.0,1.0,0.0,1.0,0.0,0.0,0.0,0.0,0.0,0.0,0.0,0.0,0.0,0.0,0.0,0.0,0.0,0.0,0.0,0.0,0.0,0.0,1.0,0.0,1.0,0.0,0.0,0.0,0.0,1.0,1.0,0.0,0.0,1.0,0.0,1.0,0.0,1.0,0.0,0.0,0.0,0.0,1.0,1.0,1.0,0.0,0.0,0.0,0.0,1.0,0.0,0.0,0.0,0.0,0.0,0.0,1.0,1.0,1.0,1.0,0.0,0.0,0.0,0.0,0.0,0.0,0.0,1.0,1.0,0.0,1.0,0.0,0.0,0.0,0.0,1.0,0.0,0.0,0.0,1.0,0.0,0.0,0.0,0.0,0.0,0.0,0.0,0.0,0.0,0.0,1.0,1.0,1.0,0.0,0.0,0.0,0.0,0.4,0.43999999999999995,0.43999999999999995,0.43999999999999995,0.43999999999999995,0.43999999999999995,0.43999999999999995,0.43999999999999995,0.43999999999999995,0.43999999999999995,0.43999999999999995,0.43999999999999995,0.4,0.43999999999999995,0.43999999999999995,0.52,0.4,0.4,0.48,0.52,0.52,0.4,0.4,0.4,0.52,0.52,0.36,0.36,0.4,1.0,0.43999999999999995,0.36,0.36,0.36,0.4,0.4,0.4,0.43999999999999995,0.43999999999999995,0.43999999999999995,0.43999999999999995,0.43999999999999995,0.43999999999999995,0.43999999999999995,0.43999999999999995,0.43999999999999995,0.43999999999999995,0.43999999999999995,0.4,0.43999999999999995,0.43999999999999995,0.52,0.4,0.4,0.48,0.52,0.52,0.4,0.4,0.4,0.52,0.52,0.36,0.36,0.4,1.0,0.43999999999999995,0.36,0.36,0.36,0.4,0.4
842,0.0,0.0,0.0,0.0,0.0,1.0,1.0,0.0,1.0,0.0,1.0,0.0,0.0,0.0,0.0,1.0,0.0,0.0,0.0,0.0,0.0,0.0,0.0,1.0,1.0,0.0,0.0,1.0,0.0,0.0,0.0,0.0,0.0,0.0,1.0,0.0,1.0,0.0,0.0,0.0,0.0,0.0,0.0,0.0,0.0,1.0,0.0,1.0,0.0,0.0,0.0,1.0,0.0,1.0,0.0,0.0,0.0,0.0,0.0,1.0,0.0,1.0,0.0,0.0,0.0,0.0,1.0,0.0,0.0,0.0,0.0,0.0,0.0,1.0,0.0,0.0,0.0,0.0,0.0,0.0,1.0,1.0,0.0,1.0,0.0,0.0,0.0,1.0,0.0,0.0,0.0,0.0,0.0,1.0,1.0,1.0,0.0,0.0,1.0,0.0,0.0,0.0,0.0,0.0,1.0,0.8,0.72,0.8,0.8,0.84,0.76,0.6799999999999999,0.76,0.76,0.76,0.72,0.64,0.72,0.72,0.72,0.6799999999999999,0.6,0.6799999999999999,0.6799999999999999,0.6799999999999999,0.64,0.56,0.64,0.64,0.64,0.6,0.56,0.6,0.6,0.6,0.56,0.52,0.56,0.56,0.56,1.0,0.8,0.72,0.8,0.8,0.84,0.76,0.6799999999999999,0.76,0.76,0.76,0.72,0.64,0.72,0.72,0.72,0.6799999999999999,0.6,0.6799999999999999,0.6799999999999999,0.6799999999999999,0.64,0.56,0.64,0.64,0.64,0.6,0.56,0.6,0.6,0.6,0.56,0.52,0.56,0.56,0.56
843,0.0,1.0,0.0,1.0,0.0,1.0,1.0,1.0,0.0,0.0,0.0,0.0,1.0,0.0,0.0,0.0,0.0,0.0,1.0,0.0,0.0,0.0,0.0,0.0,0.0,0.0,1.0,0.0,0.0,0.0,0.0,0.0,0.0,0.0,1.0,0.0,1.0,0.0,1.0,0.0,0.0,1.0,0.0,0.0,1.0,0.0,0.0,0.0,0.0,0.0,0.0,0.0,1.0,0.0,0.0,0.0,0.0,0.0,0.0,0.0,0.0,0.0,1.0,0.0,0.0,0.0,0.0,0.0,0.0,1.0,0.0,1.0,1.0,1.0,1.0,0.0,1.0,0.0,0.0,0.0,0.0,1.0,1.0,0.0,1.0,1.0,0.0,0.0,0.0,0.0,0.0,0.0,0.0,0.0,0.0,0.0,0.0,0.0,0.0,0.0,0.0,0.0,0.0,1.0,0.8,0.92,0.92,1.0,0.64,0.72,0.92,0.92,1.0,0.6,0.6799999999999999,0.84,0.84,0.92,0.56,0.64,0.76,0.76,0.96,0.56,0.6,0.72,0.6799999999999999,0.72,0.52,0.56,0.6799999999999999,0.64,0.6799999999999999,0.52,0.56,0.64,0.6,0.64,0.48,0.52,0.8,0.92,0.92,1.0,0.64,0.72,0.92,0.92,1.0,0.6,0.6799999999999999,0.84,0.84,0.92,0.56,0.64,0.76,0.76,0.96,0.56,0.6,0.72,0.6799999999999999,0.72,0.52,0.56,0.6799999999999999,0.64,0.6799999999999999,0.52,0.56,0.64,0.6,0.64,0.48,0.52
844,0.0,0.0,1.0,0.0,0.0,0.0,0.0,1.0,0.0,0.0,0.0,0.0,0.0,0.0,0.0,1.0,0.0,0.0,0.0,0.0,0.0,0.0,0.0,0.0,1.0,0.0,0.0,0.0,1.0,1.0,0.0,1.0,0.0,0.0,1.0,0.0,0.0,0.0,0.0,0.0,0.0,0.0,0.0,1.0,1.0,0.0,0.0,1.0,1.0,0.0,1.0,0.0,0.0,0.0,0.0,0.0,0.0,0.0,1.0,0.0,0.0,0.0,1.0,0.0,0.0,1.0,1.0,0.0,1.0,0.0,0.0,0.0,0.0,0.0,1.0,0.0,0.0,0.0,1.0,1.0,0.0,0.0,1.0,0.0,0.0,0.0,0.0,0.0,1.0,0.0,1.0,0.0,0.0,0.0,0.0,0.0,0.0,0.0,0.0,0.0,0.0,1.0,0.0,1.0,0.8,0.72,0.76,1.0,1.0,0.8,0.6799999999999999,0.72,1.0,1.0,0.72,0.64,0.6799999999999999,0.92,0.92,0.6799999999999999,0.6,0.64,0.76,0.76,0.64,0.56,0.6,0.72,0.72,0.6,0.56,0.56,0.6799999999999999,0.6799999999999999,0.56,0.52,0.52,0.64,0.64,0.56,0.8,0.72,0.76,1.0,1.0,0.8,0.6799999999999999,0.72,1.0,1.0,0.72,0.64,0.6799999999999999,0.92,0.92,0.6799999999999999,0.6,0.64,0.76,0.76,0.64,0.56,0.6,0.72,0.72,0.6,0.56,0.56,0.6799999999999999,0.6799999999999999,0.56,0.52,0.52,0.64,0.64,0.56
845,1.0,0.0,0.0,0.0,1.0,0.0,1.0,1.0,0.0,0.0,0.0,0.0,0.0,0.0,1.0,1.0,0.0,1.0,0.0,0.0,0.0,1.0,0.0,0.0,0.0,0.0,0.0,1.0,0.0,0.0,0.0,0.0,0.0,0.0,0.0,0.0,1.0,0.0,0.0,0.0,1.0,0.0,0.0,1.0,0.0,0.0,0.0,0.0,1.0,0.0,0.0,0.0,0.0,0.0,1.0,1.0,0.0,0.0,0.0,0.0,0.0,1.0,0.0,1.0,1.0,0.0,0.0,0.0,0.0,0.0,0.0,1.0,1.0,0.0,0.0,0.0,1.0,0.0,1.0,0.0,0.0,1.0,1.0,0.0,0.0,0.0,0.0,1.0,0.0,0.0,0.0,0.0,0.0,0.0,0.0,0.0,0.0,0.0,0.0,0.0,0.0,0.0,1.0,0.0,0.88,1.0,0.8,0.72,0.6799999999999999,0.8,0.92,0.76,0.6799999999999999,0.64,0.76,0.8,0.72,0.64,0.6,0.6799999999999999,0.76,0.6799999999999999,0.6,0.56,0.64,0.72,0.64,0.56,0.56,0.6,0.6799999999999999,0.6,0.56,0.52,0.6,0.64,0.56,0.52,0.52,0.56,0.88,1.0,0.8,0.72,0.6799999999999999,0.8,0.92,0.76,0.6799999999999999,0.64,0.76,0.8,0.72,0.64,0.6,0.6799999999999999,0.76,0.6799999999999999,0.6,0.56,0.64,0.72,0.64,0.56,0.56,0.6,0.6799999999999999,0.6,0.56,0.52,0.6,0.64,0.56,0.52,0.52,0.56
846,0.0,0.0,1.0,1.0,0.0,0.0,1.0,0.0,0.0,0.0,0.0,0.0,0.0,0.0,0.0,1.0,0.0,0.0,0.0,0.0,0.0,0.0,1.0,1.0,0.0,0.0,0.0,0.0,1.0,0.0,0.0,0.0,0.0,0.0,1.0,0.0,0.0,0.0,0.0,0.0,1.0,0.0,0.0,0.0,1.0,0.0,1.0,1.0,0.0,0.0,0.0,1.0,0.0,0.0,0.0,0.0,0.0,1.0,0.0,0.0,0.0,0.0,0.0,0.0,1.0,1.0,0.0,0.0,0.0,0.0,0.0,0.0,0.0,0.0,0.0,0.0,0.0,0.0,0.0,1.0,0.0,0.0,1.0,0.0,1.0,1.0,0.0,1.0,0.0,0.0,0.0,1.0,0.0,0.0,1.0,1.0,0.0,0.0,0.0,0.0,1.0,1.0,0.0,0.0,0.84,0.64,0.64,0.76,1.0,0.72,0.6,0.6,0.72,1.0,0.6799999999999999,0.56,0.56,0.6799999999999999,0.88,0.64,0.52,0.52,0.64,0.76,0.6,0.52,0.52,0.6,0.72,0.56,0.48,0.48,0.56,0.6799999999999999,0.56,0.48,0.48,0.52,0.64,0.52,0.84,0.64,0.64,0.76,1.0,0.72,0.6,0.6,0.72,1.0,0.6799999999999999,0.56,0.56,0.6799999999999999,0.88,0.64,0.52,0.52,0.64,0.76,0.6,0.52,0.52,0.6,0.72,0.56,0.48,0.48,0.56,0.6799999999999999,0.56,0.48,0.48,0.52,0.64,0.52
847,0.0,0.0,0.0,1.0,0.0,0.0,0.0,0.0,0.0,0.0,0.0,0.0,0.0,1.0,0.0,0.0,1.0,0.0,0.0,0.0,1.0,1.0,0.0,0.0,1.0,0.0,0.0,0.0,0.0,0.0,0.0,0.0,1.0,1.0,0.0,0.0,0.0,0.0,0.0,1.0,1.0,0.0,0.0,1.0,1.0,0.0,0.0,0.0,0.0,0.0,0.0,1.0,1.0,0.0,1.0,0.0,0.0,0.0,0.0,0.0,0.0,1.0,0.0,1.0,0.0,0.0,0.0,0.0,0.0,1.0,0.0,1.0,0.0,0.0,0.0,0.0,0.0,0.0,0.0,1.0,1.0,1.0,0.0,0.0,0.0,0.0,1.0,0.0,0.0,1.0,1.0,0.0,0.0,0.0,0.0,0.0,0.0,0.0,0.0,0.0,0.0,1.0,0.0,0.0,0.88,0.76,0.88,1.0,0.8,0.8,0.72,0.8,0.84,0.76,0.76,0.6799999999999999,0.76,0.76,0.72,0.6799999999999999,0.64,0.72,0.72,0.6799999999999999,0.64,0.6,0.6799999999999999,0.6799999999999999,0.64,0.6,0.56,0.64,0.64,0.6,0.6,0.52,0.6,0.6,0.56,0.56,0.88,0.76,0.88,1.0,0.8,0.8,0.72,0.8,0.84,0.76,0.76,0.6799999999999999,0.76,0.76,0.72,0.6799999999999999,0.64,0.72,0.72,0.6799999999999999,0.64,0.6,0.6799999999999999,0.6799999999999999,0.64,0.6,0.56,0.64,0.64,0.6,0.6,0.52,0.6,0.6,0.56,0.56
848,0.0,0.0,0.0,1.0,0.0,0.0,1.0,0.0,0.0,1.0,0.0,0.0,0.0,0.0,1.0,0.0,0.0,0.0,0.0,1.0,0.0,1.0,1.0,1.0,0.0,1.0,0.0,0.0,0.0,0.0,0.0,0.0,0.0,0.0,0.0,1.0,0.0,0.0,0.0,1.0,1.0,1.0,0.0,0.0,0.0,0.0,0.0,0.0,0.0,0.0,0.0,0.0,1.0,0.0,1.0,0.0,1.0,0.0,0.0,0.0,0.0,0.0,0.0,0.0,0.0,1.0,0.0,0.0,0.0,0.0,0.0,0.0,0.0,0.0,0.0,0.0,1.0,0.0,0.0,0.0,1.0,0.0,0.0,0.0,0.0,0.0,1.0,0.0,0.0,0.0,0.0,0.0,0.0,0.0,1.0,0.0,1.0,1.0,0.0,0.0,1.0,1.0,0.0,1.0,0.84,0.64,1.0,0.6,0.96,0.6799999999999999,0.6,0.92,0.6,0.92,0.64,0.56,0.88,0.56,0.84,0.6,0.56,0.76,0.52,0.76,0.56,0.52,0.72,0.52,0.72,0.56,0.52,0.6799999999999999,0.48,0.6799999999999999,0.52,0.48,0.64,0.48,0.64,0.52,0.84,0.64,1.0,0.6,0.96,0.6799999999999999,0.6,0.92,0.6,0.92,0.64,0.56,0.88,0.56,0.84,0.6,0.56,0.76,0.52,0.76,0.56,0.52,0.72,0.52,0.72,0.56,0.52,0.6799999999999999,0.48,0.6799999999999999,0.52,0.48,0.64,0.48,0.64,0.52
849,0.0,0.0,0.0,0.0,0.0,1.0,1.0,0.0,0.0,1.0,0.0,0.0,1.0,0.0,0.0,0.0,0.0,0.0,1.0,0.0,0.0,1.0,0.0,0.0,0.0,1.0,0.0,0.0,1.0,0.0,0.0,0.0,0.0,1.0,0.0,0.0,0.0,0.0,0.0,0.0,0.0,0.0,1.0,1.0,0.0,0.0,0.0,1.0,0.0,0.0,1.0,0.0,0.0,0.0,0.0,1.0,0.0,0.0,0.0,1.0,0.0,0.0,1.0,0.0,0.0,1.0,0.0,0.0,0.0,1.0,0.0,0.0,1.0,0.0,0.0,1.0,0.0,0.0,0.0,0.0,0.0,0.0,0.0,0.0,1.0,0.0,0.0,0.0,0.0,1.0,1.0,0.0,0.0,0.0,0.0,0.0,1.0,1.0,0.0,0.0,1.0,0.0,0.0,0.0,0.6,0.6799999999999999,0.6799999999999999,0.64,0.72,0.72,0.6799999999999999,0.6799999999999999,0.6,0.72,0.72,0.6799999999999999,0.6799999999999999,0.56,0.72,1.0,0.6799999999999999,0.64,0.52,0.76,0.64,0.56,0.56,0.52,0.56,0.52,0.52,0.52,0.48,0.52,0.52,0.52,0.52,0.48,0.52,0.48,0.6,0.6799999999999999,0.6799999999999999,0.64,0.72,0.72,0.6799999999999999,0.6799999999999999,0.6,0.72,0.72,0.6799999999999999,0.6799999999999999,0.56,0.72,1.0,0.6799999999999999,0.64,0.52,0.76,0.64,0.56,0.56,0.52,0.56,0.52,0.52,0.52,0.48,0.52,0.52,0.52,0.52,0.48,0.52,0.48
850,1.0,0.0,0.0,1.0,0.0,1.0,1.0,0.0,1.0,1.0,0.0,0.0,1.0,0.0,1.0,0.0,1.0,0.0,0.0,0.0,0.0,0.0,0.0,0.0,0.0,0.0,0.0,0.0,0.0,0.0,0.0,0.0,0.0,0.0,0.0,1.0,0.0,0.0,0.0,1.0,0.0,0.0,0.0,0.0,1.0,0.0,0.0,0.0,0.0,0.0,1.0,0.0,0.0,1.0,0.0,0.0,0.0,0.0,0.0,1.0,0.0,0.0,0.0,1.0,0.0,0.0,0.0,0.0,0.0,0.0,0.0,0.0,0.0,0.0,0.0,1.0,0.0,0.0,1.0,0.0,0.0,1.0,1.0,0.0,0.0,0.0,1.0,0.0,1.0,0.0,1.0,0.0,1.0,0.0,0.0,0.0,0.0,1.0,0.0,1.0,0.0,0.0,0.0,0.0,0.84,1.0,0.64,0.96,0.72,0.8,1.0,0.6,0.88,0.6799999999999999,0.72,1.0,0.56,0.88,0.64,0.6799999999999999,0.88,0.56,0.76,0.6,0.64,0.96,0.52,0.6799999999999999,0.56,0.6,0.72,0.52,0.64,0.52,0.56,0.6799999999999999,0.48,0.6,0.52,0.56,0.84,1.0,0.64,0.96,0.72,0.8,1.0,0.6,0.88,0.6799999999999999,0.72,1.0,0.56,0.88,0.64,0.6799999999999999,0.88,0.56,0.76,0.6,0.64,0.96,0.52,0.6799999999999999,0.56,0.6,0.72,0.52,0.64,0.52,0.56,0.6799999999999999,0.48,0.6,0.52,0.56
851,0.0,0.0,0.0,0.0,0.0,0.0,1.0,0.0,0.0,1.0,0.0,1.0,0.0,1.0,0.0,0.0,1.0,0.0,0.0,0.0,0.0,0.0,1.0,0.0,0.0,0.0,1.0,0.0,1.0,0.0,0.0,0.0,0.0,0.0,1.0,0.0,1.0,0.0,0.0,0.0,0.0,0.0,1.0,0.0,0.0,0.0,0.0,0.0,0.0,0.0,1.0,1.0,0.0,1.0,1.0,0.0,0.0,1.0,0.0,0.0,0.0,0.0,0.0,0.0,1.0,0.0,0.0,0.0,0.0,0.0,0.0,0.0,0.0,0.0,0.0,1.0,1.0,1.0,0.0,0.0,0.0,0.0,0.0,0.0,0.0,0.0,0.0,0.0,0.0,0.0,0.0,1.0,1.0,0.0,0.0,1.0,0.0,1.0,1.0,0.0,1.0,0.0,0.0,0.0,0.52,0.56,0.56,0.52,0.64,0.6,0.56,0.56,0.48,0.64,0.6,0.56,0.52,0.48,0.64,0.8,0.56,0.48,0.48,0.84,0.72,0.64,0.48,0.43999999999999995,0.84,0.64,0.56,0.48,0.43999999999999995,1.0,0.48,0.48,0.43999999999999995,0.43999999999999995,0.92,0.48,0.52,0.56,0.56,0.52,0.64,0.6,0.56,0.56,0.48,0.64,0.6,0.56,0.52,0.48,0.64,0.8,0.56,0.48,0.48,0.84,0.72,0.64,0.48,0.43999999999999995,0.84,0.64,0.56,0.48,0.43999999999999995,1.0,0.48,0.48,0.43999999999999995,0.43999999999999995,0.92,0.48
852,0.0,1.0,0.0,0.0,0.0,0.0,1.0,1.0,1.0,1.0,0.0,0.0,0.0,0.0,0.0,0.0,0.0,0.0,0.0,1.0,1.0,0.0,0.0,0.0,0.0,0.0,0.0,0.0,0.0,0.0,1.0,0.0,0.0,1.0,0.0,0.0,0.0,1.0,0.0,0.0,0.0,0.0,0.0,1.0,0.0,1.0,0.0,1.0,0.0,0.0,0.0,0.0,0.0,0.0,0.0,0.0,0.0,1.0,0.0,0.0,0.0,0.0,0.0,0.0,1.0,1.0,0.0,1.0,0.0,0.0,0.0,0.0,0.0,0.0,1.0,0.0,1.0,0.0,1.0,0.0,0.0,1.0,0.0,0.0,0.0,0.0,0.0,0.0,0.0,0.0,1.0,0.0,0.0,1.0,0.0,0.0,0.0,0.0,1.0,0.0,0.0,1.0,0.0,1.0,0.84,0.92,0.88,0.88,1.0,0.92,0.88,0.76,0.8,0.92,0.8,0.8,0.72,0.76,0.8,0.76,0.76,0.6799999999999999,0.6799999999999999,0.76,0.6799999999999999,0.6799999999999999,0.64,0.64,0.72,0.64,0.64,0.6,0.6,0.6799999999999999,0.6,0.6,0.56,0.6,0.64,0.6,0.84,0.92,0.88,0.88,1.0,0.92,0.88,0.76,0.8,0.92,0.8,0.8,0.72,0.76,0.8,0.76,0.76,0.6799999999999999,0.6799999999999999,0.76,0.6799999999999999,0.6799999999999999,0.64,0.64,0.72,0.64,0.64,0.6,0.6,0.6799999999999999,0.6,0.6,0.56,0.6,0.64,0.6
853,1.0,0.0,1.0,1.0,0.0,0.0,0.0,0.0,0.0,1.0,0.0,1.0,0.0,1.0,0.0,1.0,0.0,0.0,0.0,0.0,1.0,1.0,0.0,0.0,0.0,0.0,0.0,0.0,0.0,0.0,1.0,0.0,0.0,0.0,1.0,0.0,0.0,0.0,0.0,0.0,0.0,0.0,0.0,1.0,0.0,0.0,1.0,0.0,0.0,0.0,0.0,0.0,0.0,0.0,0.0,0.0,0.0,1.0,0.0,1.0,0.0,0.0,0.0,0.0,0.0,0.0,1.0,0.0,0.0,0.0,0.0,0.0,0.0,0.0,0.0,0.0,0.0,0.0,0.0,0.0,1.0,1.0,0.0,1.0,0.0,0.0,0.0,0.0,1.0,1.0,0.0,1.0,0.0,1.0,0.0,0.0,1.0,0.0,0.0,1.0,0.0,0.0,1.0,0.0,1.0,0.8,0.72,0.84,0.84,0.72,0.76,0.6799999999999999,0.8,0.76,0.6799999999999999,0.6799999999999999,0.64,0.76,0.72,0.64,0.64,0.6,0.6799999999999999,0.6799999999999999,0.6,0.6,0.56,0.64,0.64,0.56,0.6,0.52,0.6,0.6,0.56,0.56,0.52,0.6,0.56,0.52,1.0,0.8,0.72,0.84,0.84,0.72,0.76,0.6799999999999999,0.8,0.76,0.6799999999999999,0.6799999999999999,0.64,0.76,0.72,0.64,0.64,0.6,0.6799999999999999,0.6799999999999999,0.6,0.6,0.56,0.64,0.64,0.56,0.6,0.52,0.6,0.6,0.56,0.56,0.52,0.6,0.56,0.52
854,0.0,0.0,1.0,0.0,1.0,0.0,0.0,0.0,1.0,0.0,0.0,1.0,0.0,0.0,0.0,0.0,1.0,0.0,0.0,0.0,0.0,0.0,1.0,0.0,0.0,0.0,0.0,0.0,0.0,1.0,1.0,0.0,1.0,0.0,0.0,0.0,0.0,1.0,1.0,0.0,0.0,0.0,0.0,1.0,1.0,0.0,0.0,0.0,0.0,0.0,0.0,0.0,1.0,0.0,0.0,0.0,0.0,0.0,0.0,0.0,0.0,0.0,0.0,0.0,0.0,0.0,1.0,0.0,0.0,1.0,0.0,1.0,1.0,1.0,0.0,0.0,1.0,0.0,0.0,0.0,0.0,0.0,0.0,0.0,0.0,0.0,1.0,0.0,0.0,0.0,0.0,1.0,1.0,0.0,1.0,0.0,0.0,0.0,0.0,0.0,1.0,0.0,0.0,1.0,0.84,0.76,1.0,0.84,0.92,0.8,0.72,1.0,0.76,0.92,0.76,0.6799999999999999,0.92,0.72,0.76,0.6799999999999999,0.64,0.8,0.6799999999999999,0.72,0.64,0.6,0.76,0.64,0.6799999999999999,0.6,0.56,0.6799999999999999,0.6,0.64,0.6,0.52,0.64,0.56,0.6,0.56,0.84,0.76,1.0,0.84,0.92,0.8,0.72,1.0,0.76,0.92,0.76,0.6799999999999999,0.92,0.72,0.76,0.6799999999999999,0.64,0.8,0.6799999999999999,0.72,0.64,0.6,0.76,0.64,0.6799999999999999,0.6,0.56,0.6799999999999999,0.6,0.64,0.6,0.52,0.64,0.56,0.6,0.56
855,0.0,0.0,0.0,1.0,0.0,0.0,0.0,0.0,0.0,1.0,0.0,0.0,0.0,0.0,0.0,0.0,1.0,0.0,0.0,1.0,1.0,0.0,0.0,0.0,1.0,0.0,0.0,1.0,1.0,0.0,0.0,1.0,0.0,0.0,0.0,0.0,0.0,0.0,0.0,1.0,0.0,1.0,0.0,0.0,1.0,0.0,0.0,0.0,0.0,1.0,0.0,0.0,0.0,0.0,1.0,0.0,0.0,0.0,0.0,0.0,0.0,0.0,1.0,1.0,1.0,1.0,1.0,0.0,0.0,0.0,1.0,0.0,0.0,0.0,0.0,0.0,0.0,0.0,0.0,0.0,0.0,0.0,1.0,0.0,0.0,0.0,0.0,0.0,0.0,1.0,0.0,0.0,1.0,0.0,1.0,0.0,0.0,0.0,1.0,1.0,0.0,0.0,0.0,0.0,1.0,0.84,0.8,0.76,0.88,0.8,0.76,0.76,0.6799999999999999,0.84,0.76,0.72,0.72,0.64,0.8,0.72,0.6799999999999999,0.6799999999999999,0.6,0.76,0.6799999999999999,0.64,0.64,0.6,0.6799999999999999,0.64,0.6,0.6,0.56,0.64,0.6,0.56,0.56,0.52,0.6,0.56,1.0,0.84,0.8,0.76,0.88,0.8,0.76,0.76,0.6799999999999999,0.84,0.76,0.72,0.72,0.64,0.8,0.72,0.6799999999999999,0.6799999999999999,0.6,0.76,0.6799999999999999,0.64,0.64,0.6,0.6799999999999999,0.64,0.6,0.6,0.56,0.64,0.6,0.56,0.56,0.52,0.6,0.56
856,0.0,1.0,1.0,1.0,0.0,0.0,0.0,1.0,0.0,0.0,0.0,0.0,0.0,0.0,0.0,0.0,0.0,0.0,0.0,0.0,1.0,0.0,0.0,0.0,0.0,0.0,0.0,1.0,0.0,0.0,0.0,1.0,0.0,0.0,1.0,1.0,0.0,1.0,0.0,0.0,0.0,0.0,0.0,0.0,0.0,0.0,0.0,1.0,0.0,1.0,0.0,1.0,1.0,0.0,0.0,0.0,1.0,0.0,1.0,0.0,0.0,1.0,0.0,0.0,0.0,0.0,0.0,0.0,1.0,0.0,0.0,0.0,0.0,1.0,0.0,0.0,1.0,0.0,0.0,0.0,1.0,0.0,1.0,0.0,1.0,0.0,0.0,0.0,0.0,0.0,0.0,1.0,0.0,0.0,1.0,0.0,0.0,0.0,1.0,0.0,0.0,0.0,0.0,0.0,1.0,0.88,0.76,0.88,0.8,0.76,0.84,0.6799999999999999,0.84,0.76,0.72,0.8,0.64,0.8,0.6799999999999999,0.6799999999999999,0.76,0.6,0.76,0.64,0.64,0.6799999999999999,0.6,0.6799999999999999,0.6,0.6,0.64,0.56,0.64,0.6,0.56,0.6,0.52,0.6,0.56,0.56,1.0,0.88,0.76,0.88,0.8,0.76,0.84,0.6799999999999999,0.84,0.76,0.72,0.8,0.64,0.8,0.6799999999999999,0.6799999999999999,0.76,0.6,0.76,0.64,0.64,0.6799999999999999,0.6,0.6799999999999999,0.6,0.6,0.64,0.56,0.64,0.6,0.56,0.6,0.52,0.6,0.56,0.56
857,0.0,0.0,0.0,0.0,0.0,1.0,1.0,0.0,0.0,0.0,0.0,0.0,0.0,0.0,1.0,0.0,1.0,0.0,0.0,1.0,0.0,0.0,0.0,0.0,1.0,0.0,0.0,0.0,0.0,0.0,0.0,1.0,0.0,0.0,1.0,1.0,0.0,0.0,0.0,0.0,1.0,1.0,1.0,0.0,0.0,1.0,0.0,0.0,0.0,0.0,0.0,0.0,0.0,0.0,0.0,1.0,0.0,0.0,0.0,0.0,1.0,0.0,0.0,1.0,0.0,1.0,0.0,0.0,0.0,0.0,0.0,0.0,0.0,0.0,1.0,0.0,0.0,0.0,0.0,1.0,1.0,1.0,0.0,0.0,1.0,1.0,0.0,0.0,1.0,0.0,0.0,0.0,0.0,0.0,0.0,0.0,1.0,0.0,1.0,0.0,0.0,0.0,0.0,0.0,1.0,0.6799999999999999,0.6799999999999999,0.88,0.6799999999999999,0.6799999999999999,0.64,0.64,0.84,0.64,0.64,0.6,0.6,0.8,0.6,0.6,0.56,0.56,0.76,0.56,0.56,0.56,0.56,0.6799999999999999,0.56,0.56,0.52,0.52,0.64,0.52,0.52,0.52,0.52,0.6,0.52,0.52,1.0,0.6799999999999999,0.6799999999999999,0.88,0.6799999999999999,0.6799999999999999,0.64,0.64,0.84,0.64,0.64,0.6,0.6,0.8,0.6,0.6,0.56,0.56,0.76,0.56,0.56,0.56,0.56,0.6799999999999999,0.56,0.56,0.52,0.52,0.64,0.52,0.52,0.52,0.52,0.6,0.52,0.52
858,0.0,0.0,0.0,0.0,0.0,0.0,0.0,0.0,0.0,0.0,1.0,0.0,1.0,0.0,0.0,0.0,0.0,0.0,0.0,0.0,0.0,0.0,0.0,0.0,0.0,1.0,0.0,1.0,0.0,0.0,0.0,0.0,1.0,0.0,0.0,1.0,0.0,1.0,0.0,1.0,0.0,0.0,1.0,0.0,0.0,0.0,1.0,1.0,0.0,1.0,0.0,1.0,0.0,1.0,0.0,0.0,0.0,0.0,1.0,1.0,0.0,0.0,0.0,0.0,0.0,0.0,0.0,0.0,1.0,0.0,0.0,0.0,0.0,1.0,0.0,1.0,0.0,0.0,0.0,0.0,1.0,0.0,0.0,1.0,0.0,1.0,0.0,0.0,1.0,0.0,1.0,0.0,0.0,0.0,0.0,1.0,0.0,1.0,0.0,0.0,0.0,0.0,0.0,0.0,0.4,0.4,0.4,0.43999999999999995,0.43999999999999995,0.43999999999999995,0.4,0.4,0.43999999999999995,0.43999999999999995,0.43999999999999995,0.4,0.36,0.43999999999999995,0.43999999999999995,0.52,0.36,0.36,0.52,0.52,0.52,0.36,0.36,0.52,0.52,0.52,0.36,0.36,0.76,1.0,0.4,0.36,0.31999999999999995,0.48,0.4,0.4,0.4,0.4,0.4,0.43999999999999995,0.43999999999999995,0.43999999999999995,0.4,0.4,0.43999999999999995,0.43999999999999995,0.43999999999999995,0.4,0.36,0.43999999999999995,0.43999999999999995,0.52,0.36,0.36,0.52,0.52,0.52,0.36,0.36,0.52,0.52,0.52,0.36,0.36,0.76,1.0,0.4,0.36,0.31999999999999995,0.48,0.4,0.4
859,1.0,0.0,0.0,0.0,1.0,0.0,0.0,0.0,0.0,0.0,0.0,1.0,1.0,0.0,0.0,0.0,1.0,0.0,0.0,0.0,1.0,1.0,0.0,0.0,0.0,0.0,0.0,0.0,0.0,1.0,0.0,0.0,1.0,1.0,1.0,0.0,0.0,0.0,0.0,0.0,0.0,0.0,0.0,0.0,1.0,0.0,0.0,0.0,1.0,0.0,0.0,0.0,0.0,0.0,0.0,0.0,0.0,0.0,1.0,1.0,0.0,1.0,1.0,0.0,0.0,0.0,1.0,0.0,0.0,0.0,0.0,1.0,0.0,0.0,0.0,0.0,1.0,0.0,0.0,0.0,0.0,0.0,0.0,0.0,0.0,0.0,0.0,0.0,0.0,0.0,1.0,0.0,1.0,0.0,0.0,0.0,0.0,1.0,1.0,1.0,0.0,1.0,0.0,0.0,0.84,1.0,0.76,0.72,0.88,0.8,1.0,0.72,0.6799999999999999,0.84,0.76,0.84,0.6799999999999999,0.64,0.76,0.6799999999999999,0.76,0.64,0.6,0.72,0.64,0.72,0.6,0.56,0.6799999999999999,0.6,0.6799999999999999,0.56,0.52,0.64,0.6,0.64,0.52,0.52,0.6,0.56,0.84,1.0,0.76,0.72,0.88,0.8,1.0,0.72,0.6799999999999999,0.84,0.76,0.84,0.6799999999999999,0.64,0.76,0.6799999999999999,0.76,0.64,0.6,0.72,0.64,0.72,0.6,0.56,0.6799999999999999,0.6,0.6799999999999999,0.56,0.52,0.64,0.6,0.64,0.52,0.52,0.6,0.56
860,0.0,0.0,1.0,0.0,1.0,1.0,0.0,0.0,0.0,0.0,0.0,0.0,0.0,0.0,0.0,0.0,0.0,1.0,1.0,0.0,0.0,1.0,0.0,0.0,1.0,0.0,0.0,0.0,1.0,1.0,0.0,0.0,0.0,1.0,0.0,0.0,0.0,0.0,1.0,0.0,0.0,0.0,1.0,0.0,1.0,0.0,0.0,0.0,0.0,0.0,0.0,0.0,0.0,1.0,0.0,1.0,0.0,0.0,1.0,1.0,0.0,0.0,1.0,0.0,0.0,0.0,0.0,0.0,0.0,0.0,0.0,0.0,1.0,0.0,0.0,1.0,0.0,0.0,0.0,0.0,0.0,0.0,0.0,0.0,0.0,0.0,0.0,0.0,0.0,1.0,0.0,1.0,0.0,1.0,0.0,0.0,0.0,1.0,0.0,0.0,1.0,0.0,1.0,0.0,0.96,0.96,0.88,0.8,1.0,0.88,0.88,0.84,0.76,0.88,0.8,0.8,0.76,0.72,0.8,0.76,0.76,0.72,0.6799999999999999,0.76,0.72,0.72,0.6799999999999999,0.64,0.72,0.6799999999999999,0.6799999999999999,0.64,0.6,0.6799999999999999,0.64,0.64,0.6,0.56,0.64,0.6,0.96,0.96,0.88,0.8,1.0,0.88,0.88,0.84,0.76,0.88,0.8,0.8,0.76,0.72,0.8,0.76,0.76,0.72,0.6799999999999999,0.76,0.72,0.72,0.6799999999999999,0.64,0.72,0.6799999999999999,0.6799999999999999,0.64,0.6,0.6799999999999999,0.64,0.64,0.6,0.56,0.64,0.6
861,1.0,0.0,0.0,0.0,0.0,1.0,1.0,0.0,0.0,0.0,1.0,1.0,0.0,0.0,0.0,0.0,0.0,0.0,0.0,1.0,0.0,0.0,0.0,0.0,0.0,0.0,0.0,0.0,0.0,1.0,0.0,1.0,1.0,0.0,0.0,1.0,0.0,0.0,1.0,0.0,1.0,0.0,0.0,0.0,0.0,0.0,0.0,1.0,0.0,0.0,0.0,0.0,0.0,1.0,0.0,1.0,1.0,0.0,0.0,1.0,0.0,1.0,0.0,0.0,0.0,0.0,0.0,0.0,0.0,1.0,0.0,0.0,0.0,0.0,1.0,0.0,0.0,0.0,0.0,0.0,1.0,0.0,1.0,0.0,0.0,1.0,1.0,0.0,0.0,0.0,0.0,0.0,0.0,0.0,1.0,0.0,0.0,1.0,0.0,0.0,0.0,0.0,0.0,0.0,0.92,0.96,0.6,1.0,0.6,0.6,0.92,0.56,0.88,0.56,0.6,0.8,0.56,0.8,0.56,0.56,0.76,0.52,0.76,0.52,0.52,0.72,0.52,0.72,0.52,0.52,0.6799999999999999,0.48,0.6799999999999999,0.48,0.48,0.64,0.48,0.64,0.48,0.48,0.92,0.96,0.6,1.0,0.6,0.6,0.92,0.56,0.88,0.56,0.6,0.8,0.56,0.8,0.56,0.56,0.76,0.52,0.76,0.52,0.52,0.72,0.52,0.72,0.52,0.52,0.6799999999999999,0.48,0.6799999999999999,0.48,0.48,0.64,0.48,0.64,0.48,0.48
862,0.0,0.0,0.0,1.0,0.0,0.0,0.0,0.0,0.0,0.0,1.0,1.0,1.0,0.0,0.0,0.0,0.0,0.0,0.0,0.0,1.0,0.0,0.0,0.0,0.0,0.0,0.0,1.0,0.0,0.0,0.0,0.0,1.0,1.0,0.0,0.0,0.0,1.0,1.0,0.0,1.0,0.0,0.0,0.0,1.0,0.0,0.0,0.0,0.0,0.0,0.0,1.0,1.0,0.0,1.0,0.0,0.0,0.0,1.0,1.0,0.0,0.0,0.0,0.0,0.0,0.0,0.0,1.0,0.0,0.0,0.0,1.0,0.0,0.0,1.0,0.0,0.0,0.0,0.0,0.0,0.0,0.0,1.0,1.0,0.0,0.0,1.0,0.0,0.0,0.0,0.0,0.0,0.0,0.0,1.0,0.0,0.0,0.0,0.0,1.0,0.0,1.0,0.0,0.0,0.72,0.84,0.64,0.88,0.76,0.76,0.84,0.6,0.88,0.6799999999999999,0.6799999999999999,0.84,0.56,0.88,0.64,0.64,0.76,0.56,1.0,0.6,0.6,0.6799999999999999,0.52,0.6799999999999999,0.56,0.56,0.64,0.52,0.64,0.52,0.52,0.6,0.48,0.6,0.52,0.52,0.72,0.84,0.64,0.88,0.76,0.76,0.84,0.6,0.88,0.6799999999999999,0.6799999999999999,0.84,0.56,0.88,0.64,0.64,0.76,0.56,1.0,0.6,0.6,0.6799999999999999,0.52,0.6799999999999999,0.56,0.56,0.64,0.52,0.64,0.52,0.52,0.6,0.48,0.6,0.52,0.52
863,0.0,0.0,0.0,0.0,1.0,0.0,1.0,1.0,0.0,1.0,0.0,0.0,0.0,1.0,0.0,0.0,0.0,1.0,0.0,1.0,1.0,1.0,0.0,0.0,0.0,0.0,0.0,0.0,0.0,0.0,0.0,0.0,0.0,1.0,0.0,0.0,0.0,0.0,0.0,0.0,0.0,0.0,1.0,0.0,0.0,0.0,1.0,0.0,0.0,0.0,1.0,0.0,0.0,1.0,0.0,1.0,0.0,1.0,0.0,0.0,0.0,0.0,0.0,0.0,1.0,0.0,1.0,1.0,0.0,0.0,0.0,0.0,0.0,0.0,0.0,0.0,1.0,1.0,1.0,0.0,0.0,0.0,0.0,1.0,0.0,0.0,0.0,0.0,0.0,0.0,1.0,0.0,0.0,0.0,0.0,1.0,0.0,0.0,0.0,1.0,0.0,0.0,0.0,0.0,0.84,0.96,1.0,0.6799999999999999,0.72,0.8,0.96,1.0,0.64,0.6799999999999999,0.76,0.92,1.0,0.6,0.64,0.6799999999999999,0.8,0.84,0.56,0.6,0.64,0.72,0.84,0.56,0.56,0.6,0.6799999999999999,0.72,0.52,0.56,0.56,0.64,0.6799999999999999,0.52,0.52,0.56,0.84,0.96,1.0,0.6799999999999999,0.72,0.8,0.96,1.0,0.64,0.6799999999999999,0.76,0.92,1.0,0.6,0.64,0.6799999999999999,0.8,0.84,0.56,0.6,0.64,0.72,0.84,0.56,0.56,0.6,0.6799999999999999,0.72,0.52,0.56,0.56,0.64,0.6799999999999999,0.52,0.52,0.56
864,0.0,0.0,0.0,0.0,0.0,0.0,0.0,0.0,0.0,0.0,1.0,0.0,0.0,1.0,0.0,0.0,1.0,0.0,0.0,0.0,0.0,0.0,0.0,1.0,0.0,0.0,1.0,0.0,0.0,0.0,0.0,1.0,0.0,1.0,0.0,0.0,1.0,0.0,1.0,0.0,1.0,0.0,0.0,1.0,0.0,0.0,0.0,0.0,1.0,0.0,0.0,1.0,0.0,0.0,0.0,1.0,0.0,0.0,0.0,0.0,0.0,0.0,0.0,0.0,0.0,0.0,0.0,1.0,0.0,0.0,0.0,0.0,0.0,1.0,0.0,0.0,0.0,0.0,0.0,1.0,0.0,0.0,1.0,0.0,1.0,0.0,1.0,0.0,0.0,1.0,0.0,1.0,0.0,0.0,0.0,0.0,1.0,0.0,1.0,0.0,0.0,1.0,1.0,0.0,0.6,0.48,0.48,0.72,0.6799999999999999,0.48,0.48,0.48,0.72,0.6799999999999999,0.48,0.43999999999999995,0.43999999999999995,0.72,0.6799999999999999,0.43999999999999995,0.43999999999999995,0.43999999999999995,1.0,0.84,0.43999999999999995,0.43999999999999995,0.43999999999999995,0.56,0.56,0.43999999999999995,0.4,0.4,0.52,0.52,0.4,0.4,0.4,0.52,0.52,0.4,0.6,0.48,0.48,0.72,0.6799999999999999,0.48,0.48,0.48,0.72,0.6799999999999999,0.48,0.43999999999999995,0.43999999999999995,0.72,0.6799999999999999,0.43999999999999995,0.43999999999999995,0.43999999999999995,1.0,0.84,0.43999999999999995,0.43999999999999995,0.43999999999999995,0.56,0.56,0.43999999999999995,0.4,0.4,0.52,0.52,0.4,0.4,0.4,0.52,0.52,0.4
865,1.0,0.0,1.0,0.0,0.0,1.0,0.0,0.0,1.0,0.0,1.0,0.0,0.0,0.0,0.0,0.0,0.0,0.0,1.0,0.0,0.0,1.0,0.0,0.0,1.0,0.0,0.0,0.0,0.0,0.0,1.0,0.0,0.0,1.0,0.0,0.0,0.0,0.0,0.0,1.0,1.0,0.0,0.0,0.0,0.0,0.0,0.0,1.0,0.0,0.0,0.0,0.0,0.0,0.0,0.0,0.0,0.0,0.0,0.0,1.0,0.0,0.0,0.0,1.0,1.0,0.0,0.0,0.0,1.0,0.0,0.0,0.0,0.0,0.0,0.0,1.0,0.0,1.0,1.0,0.0,0.0,0.0,0.0,0.0,0.0,0.0,0.0,0.0,1.0,0.0,1.0,0.0,0.0,1.0,1.0,0.0,1.0,1.0,0.0,0.0,0.0,0.0,0.0,0.0,0.76,0.84,0.8,0.6799999999999999,0.84,0.88,0.84,0.6799999999999999,0.64,0.8,0.84,0.8,0.64,0.6,0.6799999999999999,1.0,0.6799999999999999,0.6,0.56,0.64,0.6799999999999999,0.64,0.6,0.56,0.6,0.64,0.6,0.56,0.52,0.6,0.6,0.6,0.52,0.52,0.56,0.56,0.76,0.84,0.8,0.6799999999999999,0.84,0.88,0.84,0.6799999999999999,0.64,0.8,0.84,0.8,0.64,0.6,0.6799999999999999,1.0,0.6799999999999999,0.6,0.56,0.64,0.6799999999999999,0.64,0.6,0.56,0.6,0.64,0.6,0.56,0.52,0.6,0.6,0.6,0.52,0.52,0.56,0.56
866,1.0,1.0,0.0,0.0,0.0,0.0,0.0,0.0,1.0,1.0,0.0,1.0,0.0,0.0,0.0,1.0,0.0,0.0,0.0,1.0,0.0,1.0,0.0,0.0,1.0,0.0,0.0,0.0,0.0,1.0,0.0,0.0,1.0,0.0,0.0,0.0,0.0,0.0,0.0,1.0,0.0,0.0,0.0,0.0,0.0,0.0,0.0,0.0,0.0,0.0,0.0,1.0,0.0,0.0,0.0,0.0,0.0,0.0,1.0,0.0,0.0,0.0,0.0,0.0,1.0,0.0,1.0,0.0,0.0,0.0,1.0,0.0,1.0,0.0,1.0,0.0,0.0,1.0,0.0,1.0,0.0,0.0,0.0,0.0,0.0,0.0,0.0,0.0,1.0,0.0,1.0,0.0,0.0,1.0,0.0,0.0,1.0,1.0,0.0,0.0,0.0,0.0,0.0,0.0,0.4,0.43999999999999995,0.43999999999999995,0.43999999999999995,0.43999999999999995,0.48,0.43999999999999995,0.43999999999999995,0.43999999999999995,0.4,0.48,0.43999999999999995,0.43999999999999995,0.4,0.4,0.56,0.43999999999999995,0.43999999999999995,0.4,0.4,0.56,0.52,0.52,0.36,0.36,0.52,0.6,1.0,0.36,0.36,0.64,0.6,0.88,0.36,0.36,0.6,0.4,0.43999999999999995,0.43999999999999995,0.43999999999999995,0.43999999999999995,0.48,0.43999999999999995,0.43999999999999995,0.43999999999999995,0.4,0.48,0.43999999999999995,0.43999999999999995,0.4,0.4,0.56,0.43999999999999995,0.43999999999999995,0.4,0.4,0.56,0.52,0.52,0.36,0.36,0.52,0.6,1.0,0.36,0.36,0.64,0.6,0.88,0.36,0.36,0.6
867,1.0,0.0,0.0,1.0,0.0,1.0,0.0,0.0,1.0,0.0,0.0,0.0,0.0,0.0,0.0,0.0,1.0,0.0,1.0,0.0,0.0,0.0,0.0,1.0,1.0,0.0,0.0,0.0,0.0,0.0,0.0,0.0,0.0,0.0,1.0,0.0,0.0,0.0,1.0,0.0,1.0,0.0,1.0,0.0,0.0,0.0,0.0,0.0,0.0,1.0,0.0,0.0,0.0,1.0,1.0,0.0,1.0,0.0,0.0,0.0,0.0,1.0,1.0,0.0,0.0,1.0,1.0,0.0,0.0,1.0,0.0,0.0,0.0,0.0,0.0,0.0,0.0,1.0,0.0,1.0,0.0,0.0,1.0,0.0,0.0,0.0,0.0,1.0,0.0,0.0,0.0,0.0,0.0,0.0,0.0,0.0,0.0,0.0,0.0,0.0,0.0,0.0,1.0,0.0,0.84,1.0,0.96,0.76,0.72,0.8,1.0,0.96,0.6799999999999999,0.6799999999999999,0.76,0.92,0.88,0.64,0.64,0.72,0.8,0.76,0.6,0.6,0.6799999999999999,0.76,0.72,0.6,0.56,0.64,0.6799999999999999,0.6799999999999999,0.56,0.52,0.6,0.64,0.64,0.52,0.52,0.56,0.84,1.0,0.96,0.76,0.72,0.8,1.0,0.96,0.6799999999999999,0.6799999999999999,0.76,0.92,0.88,0.64,0.64,0.72,0.8,0.76,0.6,0.6,0.6799999999999999,0.76,0.72,0.6,0.56,0.64,0.6799999999999999,0.6799999999999999,0.56,0.52,0.6,0.64,0.64,0.52,0.52,0.56
868,0.0,1.0,0.0,1.0,0.0,1.0,0.0,0.0,0.0,0.0,0.0,1.0,0.0,0.0,0.0,0.0,1.0,0.0,1.0,0.0,0.0,0.0,0.0,0.0,0.0,1.0,0.0,0.0,0.0,0.0,1.0,0.0,0.0,1.0,1.0,0.0,0.0,0.0,0.0,0.0,0.0,1.0,0.0,0.0,0.0,0.0,1.0,0.0,0.0,0.0,1.0,0.0,0.0,0.0,0.0,0.0,1.0,0.0,0.0,0.0,0.0,0.0,0.0,0.0,1.0,0.0,1.0,1.0,0.0,0.0,0.0,1.0,0.0,0.0,0.0,1.0,0.0,0.0,0.0,0.0,0.0,1.0,0.0,0.0,1.0,0.0,0.0,1.0,0.0,0.0,1.0,1.0,0.0,0.0,1.0,0.0,1.0,0.0,0.0,0.0,0.0,0.0,0.0,0.0,0.88,0.8,0.92,1.0,0.88,0.92,0.76,0.84,0.88,0.8,0.84,0.72,0.76,0.84,0.76,0.76,0.6799999999999999,0.72,0.76,0.6799999999999999,0.72,0.64,0.6799999999999999,0.72,0.64,0.6799999999999999,0.6,0.64,0.6799999999999999,0.6,0.64,0.56,0.6,0.64,0.6,0.6,0.88,0.8,0.92,1.0,0.88,0.92,0.76,0.84,0.88,0.8,0.84,0.72,0.76,0.84,0.76,0.76,0.6799999999999999,0.72,0.76,0.6799999999999999,0.72,0.64,0.6799999999999999,0.72,0.64,0.6799999999999999,0.6,0.64,0.6799999999999999,0.6,0.64,0.56,0.6,0.64,0.6,0.6
869,1.0,1.0,1.0,0.0,0.0,0.0,0.0,0.0,0.0,0.0,0.0,0.0,0.0,0.0,0.0,0.0,0.0,0.0,0.0,1.0,1.0,0.0,1.0,0.0,0.0,0.0,0.0,0.0,0.0,0.0,0.0,1.0,0.0,1.0,0.0,0.0,0.0,1.0,1.0,1.0,1.0,0.0,0.0,0.0,0.0,0.0,0.0,0.0,1.0,0.0,0.0,0.0,0.0,0.0,0.0,0.0,1.0,0.0,1.0,0.0,1.0,1.0,1.0,0.0,0.0,0.0,1.0,0.0,1.0,0.0,0.0,0.0,0.0,0.0,0.0,0.0,1.0,0.0,1.0,0.0,0.0,0.0,0.0,0.0,1.0,0.0,0.0,0.0,0.0,0.0,0.0,0.0,0.0,0.0,1.0,0.0,0.0,1.0,0.0,0.0,0.0,1.0,0.0,0.0,1.0,0.88,0.76,0.76,0.8,0.84,0.84,0.72,0.72,0.76,0.76,0.8,0.6799999999999999,0.6799999999999999,0.72,0.72,0.76,0.64,0.64,0.6799999999999999,0.6799999999999999,0.72,0.6,0.6,0.64,0.64,0.6799999999999999,0.56,0.56,0.6,0.6,0.64,0.56,0.56,0.56,0.56,1.0,0.88,0.76,0.76,0.8,0.84,0.84,0.72,0.72,0.76,0.76,0.8,0.6799999999999999,0.6799999999999999,0.72,0.72,0.76,0.64,0.64,0.6799999999999999,0.6799999999999999,0.72,0.6,0.6,0.64,0.64,0.6799999999999999,0.56,0.56,0.6,0.6,0.64,0.56,0.56,0.56,0.56
870,0.0,1.0,0.0,0.0,0.0,0.0,0.0,1.0,0.0,0.0,1.0,0.0,0.0,0.0,0.0,1.0,0.0,0.0,0.0,0.0,1.0,0.0,1.0,1.0,0.0,1.0,0.0,0.0,0.0,0.0,0.0,0.0,0.0,0.0,0.0,0.0,0.0,0.0,0.0,1.0,1.0,1.0,0.0,1.0,0.0,0.0,0.0,0.0,1.0,0.0,0.0,0.0,0.0,0.0,0.0,0.0,0.0,1.0,0.0,0.0,0.0,1.0,0.0,0.0,1.0,1.0,1.0,0.0,0.0,1.0,0.0,0.0,0.0,1.0,0.0,0.0,0.0,0.0,0.0,0.0,1.0,0.0,0.0,1.0,0.0,1.0,0.0,0.0,1.0,1.0,0.0,0.0,0.0,0.0,0.0,0.0,0.0,0.0,0.0,1.0,0.0,0.0,0.0,0.0,0.6,0.64,0.72,0.64,0.6799999999999999,0.6799999999999999,0.56,0.72,0.56,0.64,0.6799999999999999,0.52,0.72,0.52,0.56,0.64,0.52,0.72,0.52,0.52,0.56,0.48,1.0,0.48,0.52,0.52,0.48,0.56,0.48,0.48,0.52,0.48,0.52,0.48,0.48,0.48,0.6,0.64,0.72,0.64,0.6799999999999999,0.6799999999999999,0.56,0.72,0.56,0.64,0.6799999999999999,0.52,0.72,0.52,0.56,0.64,0.52,0.72,0.52,0.52,0.56,0.48,1.0,0.48,0.52,0.52,0.48,0.56,0.48,0.48,0.52,0.48,0.52,0.48,0.48,0.48
871,0.0,0.0,1.0,0.0,0.0,1.0,0.0,0.0,0.0,0.0,0.0,1.0,0.0,0.0,0.0,0.0,0.0,0.0,0.0,0.0,0.0,0.0,1.0,0.0,0.0,1.0,1.0,0.0,1.0,0.0,0.0,0.0,0.0,0.0,0.0,1.0,1.0,0.0,1.0,0.0,0.0,1.0,0.0,0.0,0.0,1.0,1.0,0.0,0.0,0.0,0.0,0.0,1.0,0.0,0.0,0.0,0.0,0.0,0.0,0.0,0.0,0.0,0.0,0.0,0.0,1.0,1.0,0.0,1.0,0.0,1.0,0.0,0.0,1.0,0.0,0.0,0.0,0.0,0.0,0.0,0.0,0.0,1.0,1.0,0.0,0.0,0.0,0.0,0.0,0.0,0.0,0.0,0.0,0.0,0.0,1.0,0.0,0.0,0.0,1.0,0.0,1.0,1.0,1.0,0.56,0.52,0.64,0.6799999999999999,0.72,0.6799999999999999,0.52,0.64,0.6799999999999999,0.72,0.6799999999999999,0.48,0.64,0.64,0.72,0.84,0.48,0.64,0.6,1.0,0.6,0.48,0.52,0.56,0.76,0.56,0.43999999999999995,0.52,0.52,0.6799999999999999,0.52,0.43999999999999995,0.48,0.48,0.52,0.48,0.56,0.52,0.64,0.6799999999999999,0.72,0.6799999999999999,0.52,0.64,0.6799999999999999,0.72,0.6799999999999999,0.48,0.64,0.64,0.72,0.84,0.48,0.64,0.6,1.0,0.6,0.48,0.52,0.56,0.76,0.56,0.43999999999999995,0.52,0.52,0.6799999999999999,0.52,0.43999999999999995,0.48,0.48,0.52,0.48
872,1.0,1.0,0.0,0.0,0.0,1.0,0.0,0.0,1.0,0.0,0.0,0.0,1.0,0.0,0.0,0.0,0.0,1.0,0.0,0.0,1.0,0.0,0.0,1.0,1.0,0.0,0.0,0.0,1.0,0.0,0.0,0.0,0.0,0.0,0.0,0.0,0.0,1.0,0.0,0.0,0.0,0.0,0.0,0.0,0.0,0.0,1.0,0.0,0.0,0.0,1.0,0.0,0.0,0.0,1.0,0.0,0.0,0.0,0.0,0.0,0.0,1.0,0.0,0.0,0.0,0.0,0.0,1.0,1.0,0.0,0.0,0.0,0.0,0.0,1.0,0.0,0.0,0.0,1.0,0.0,0.0,0.0,0.0,1.0,0.0,0.0,0.0,1.0,1.0,0.0,1.0,0.0,0.0,0.0,0.0,0.0,1.0,0.0,0.0,1.0,1.0,0.0,0.0,0.0,0.6,0.64,0.6799999999999999,0.6799999999999999,0.6,0.72,0.64,0.64,0.6799999999999999,0.56,0.72,0.6,0.64,0.6799999999999999,0.52,1.0,0.56,0.6,0.76,0.52,0.64,0.52,0.52,0.52,0.48,0.52,0.52,0.52,0.52,0.48,0.52,0.48,0.48,0.48,0.48,0.48,0.6,0.64,0.6799999999999999,0.6799999999999999,0.6,0.72,0.64,0.64,0.6799999999999999,0.56,0.72,0.6,0.64,0.6799999999999999,0.52,1.0,0.56,0.6,0.76,0.52,0.64,0.52,0.52,0.52,0.48,0.52,0.52,0.52,0.52,0.48,0.52,0.48,0.48,0.48,0.48,0.48
873,0.0,0.0,1.0,0.0,0.0,0.0,0.0,0.0,1.0,1.0,0.0,0.0,0.0,0.0,0.0,1.0,0.0,0.0,1.0,1.0,1.0,1.0,0.0,0.0,1.0,0.0,0.0,0.0,0.0,0.0,1.0,0.0,0.0,0.0,1.0,0.0,0.0,0.0,1.0,1.0,0.0,0.0,0.0,0.0,0.0,0.0,0.0,0.0,0.0,0.0,0.0,0.0,0.0,0.0,0.0,0.0,0.0,0.0,0.0,1.0,0.0,0.0,1.0,1.0,0.0,0.0,1.0,0.0,1.0,0.0,0.0,0.0,0.0,0.0,1.0,0.0,0.0,0.0,1.0,0.0,0.0,1.0,0.0,0.0,0.0,0.0,0.0,0.0,0.0,1.0,0.0,0.0,1.0,0.0,0.0,0.0,0.0,0.0,1.0,1.0,0.0,0.0,0.0,1.0,0.84,0.84,1.0,0.84,0.76,0.92,0.76,1.0,0.76,0.72,0.84,0.72,0.92,0.72,0.6799999999999999,0.84,0.6799999999999999,0.84,0.6799999999999999,0.64,0.72,0.64,0.76,0.64,0.6,0.6799999999999999,0.6,0.72,0.6,0.56,0.64,0.56,0.6799999999999999,0.56,0.52,0.6,0.84,0.84,1.0,0.84,0.76,0.92,0.76,1.0,0.76,0.72,0.84,0.72,0.92,0.72,0.6799999999999999,0.84,0.6799999999999999,0.84,0.6799999999999999,0.64,0.72,0.64,0.76,0.64,0.6,0.6799999999999999,0.6,0.72,0.6,0.56,0.64,0.56,0.6799999999999999,0.56,0.52,0.6
874,0.0,0.0,1.0,0.0,0.0,0.0,0.0,0.0,0.0,0.0,0.0,0.0,1.0,1.0,0.0,0.0,0.0,1.0,1.0,0.0,0.0,0.0,0.0,0.0,0.0,0.0,1.0,0.0,0.0,1.0,0.0,0.0,0.0,1.0,1.0,0.0,0.0,0.0,0.0,0.0,1.0,1.0,0.0,0.0,0.0,0.0,0.0,0.0,0.0,0.0,1.0,1.0,1.0,0.0,0.0,0.0,0.0,1.0,0.0,0.0,0.0,0.0,1.0,0.0,0.0,0.0,1.0,1.0,0.0,0.0,0.0,0.0,1.0,0.0,1.0,0.0,0.0,0.0,0.0,0.0,0.0,0.0,1.0,0.0,0.0,0.0,0.0,1.0,0.0,0.0,0.0,0.0,0.0,0.0,1.0,1.0,1.0,0.0,0.0,0.0,0.0,1.0,0.0,0.0,1.0,0.76,0.84,0.8,0.92,0.88,0.72,0.8,0.76,0.88,0.8,0.6799999999999999,0.76,0.72,0.8,0.76,0.64,0.72,0.6799999999999999,0.76,0.72,0.6,0.6799999999999999,0.64,0.72,0.6799999999999999,0.56,0.64,0.6,0.6799999999999999,0.64,0.52,0.6,0.56,0.64,0.6,1.0,0.76,0.84,0.8,0.92,0.88,0.72,0.8,0.76,0.88,0.8,0.6799999999999999,0.76,0.72,0.8,0.76,0.64,0.72,0.6799999999999999,0.76,0.72,0.6,0.6799999999999999,0.64,0.72,0.6799999999999999,0.56,0.64,0.6,0.6799999999999999,0.64,0.52,0.6,0.56,0.64,0.6
875,0.0,0.0,0.0,0.0,0.0,0.0,0.0,0.0,0.0,0.0,0.0,0.0,0.0,0.0,1.0,1.0,0.0,1.0,1.0,0.0,0.0,0.0,1.0,0.0,0.0,0.0,1.0,0.0,0.0,0.0,0.0,0.0,0.0,1.0,1.0,0.0,0.0,0.0,1.0,1.0,1.0,0.0,0.0,0.0,0.0,0.0,1.0,1.0,0.0,0.0,0.0,0.0,0.0,1.0,1.0,1.0,0.0,0.0,0.0,0.0,0.0,0.0,0.0,1.0,0.0,1.0,0.0,0.0,0.0,0.0,0.0,0.0,0.0,0.0,0.0,1.0,1.0,1.0,0.0,0.0,0.0,1.0,0.0,0.0,1.0,0.0,0.0,0.0,0.0,0.0,0.0,0.0,0.0,0.0,1.0,1.0,0.0,0.0,0.0,0.0,1.0,0.0,0.0,0.0,0.84,0.64,1.0,0.72,0.84,0.88,0.6,1.0,0.6799999999999999,0.8,0.76,0.6,0.92,0.64,0.72,0.72,0.56,0.8,0.6,0.6799999999999999,0.6799999999999999,0.52,0.76,0.56,0.64,0.64,0.52,0.6799999999999999,0.52,0.6,0.6,0.48,0.64,0.52,0.56,0.56,0.84,0.64,1.0,0.72,0.84,0.88,0.6,1.0,0.6799999999999999,0.8,0.76,0.6,0.92,0.64,0.72,0.72,0.56,0.8,0.6,0.6799999999999999,0.6799999999999999,0.52,0.76,0.56,0.64,0.64,0.52,0.6799999999999999,0.52,0.6,0.6,0.48,0.64,0.52,0.56,0.56
876,0.0,1.0,0.0,0.0,0.0,1.0,0.0,0.0,0.0,0.0,1.0,0.0,1.0,0.0,0.0,0.0,0.0,0.0,0.0,0.0,1.0,0.0,0.0,0.0,1.0,1.0,1.0,1.0,0.0,0.0,1.0,0.0,1.0,0.0,0.0,0.0,0.0,0.0,1.0,0.0,0.0,0.0,1.0,0.0,0.0,0.0,0.0,0.0,0.0,0.0,0.0,0.0,0.0,0.0,1.0,0.0,0.0,0.0,0.0,0.0,1.0,1.0,0.0,0.0,0.0,0.0,0.0,1.0,0.0,1.0,0.0,0.0,0.0,0.0,0.0,0.0,0.0,0.0,0.0,0.0,1.0,1.0,0.0,0.0,0.0,0.0,0.0,1.0,0.0,0.0,0.0,0.0,0.0,0.0,0.0,0.0,0.0,0.0,1.0,1.0,1.0,0.0,1.0,1.0,0.56,0.6799999999999999,0.64,0.72,0.6799999999999999,0.6799999999999999,0.6799999999999999,0.64,0.72,0.6799999999999999,0.6799999999999999,0.6799999999999999,0.52,0.72,0.6799999999999999,0.92,0.6799999999999999,0.52,1.0,0.76,0.6799999999999999,0.76,0.48,0.84,0.6,0.56,0.64,0.48,0.52,0.52,0.52,0.52,0.48,0.52,0.48,0.48,0.56,0.6799999999999999,0.64,0.72,0.6799999999999999,0.6799999999999999,0.6799999999999999,0.64,0.72,0.6799999999999999,0.6799999999999999,0.6799999999999999,0.52,0.72,0.6799999999999999,0.92,0.6799999999999999,0.52,1.0,0.76,0.6799999999999999,0.76,0.48,0.84,0.6,0.56,0.64,0.48,0.52,0.52,0.52,0.52,0.48,0.52,0.48,0.48
877,0.0,0.0,0.0,0.0,0.0,0.0,0.0,1.0,1.0,0.0,1.0,0.0,0.0,0.0,0.0,0.0,0.0,0.0,0.0,0.0,1.0,1.0,0.0,1.0,0.0,0.0,1.0,1.0,1.0,0.0,0.0,1.0,0.0,0.0,0.0,0.0,0.0,1.0,0.0,0.0,0.0,0.0,0.0,0.0,0.0,0.0,1.0,0.0,0.0,0.0,0.0,1.0,0.0,1.0,0.0,0.0,1.0,0.0,0.0,0.0,0.0,0.0,0.0,0.0,1.0,1.0,0.0,1.0,1.0,0.0,0.0,1.0,0.0,0.0,0.0,0.0,1.0,0.0,0.0,0.0,0.0,0.0,0.0,0.0,0.0,0.0,0.0,1.0,0.0,0.0,1.0,0.0,1.0,0.0,0.0,1.0,0.0,0.0,0.0,0.0,0.0,1.0,0.0,0.0,0.72,0.8,0.84,0.84,0.76,0.88,0.76,0.84,0.84,0.6799999999999999,0.88,0.6799999999999999,0.84,0.84,0.64,1.0,0.64,0.84,0.6799999999999999,0.6,0.84,0.6,0.6799999999999999,0.64,0.56,0.64,0.56,0.64,0.6,0.52,0.6,0.52,0.6,0.56,0.52,0.56,0.72,0.8,0.84,0.84,0.76,0.88,0.76,0.84,0.84,0.6799999999999999,0.88,0.6799999999999999,0.84,0.84,0.64,1.0,0.64,0.84,0.6799999999999999,0.6,0.84,0.6,0.6799999999999999,0.64,0.56,0.64,0.56,0.64,0.6,0.52,0.6,0.52,0.6,0.56,0.52,0.56
878,0.0,0.0,0.0,1.0,0.0,0.0,1.0,0.0,0.0,0.0,1.0,0.0,0.0,1.0,0.0,0.0,0.0,1.0,0.0,1.0,0.0,0.0,1.0,0.0,1.0,0.0,0.0,0.0,0.0,1.0,0.0,0.0,0.0,0.0,0.0,0.0,1.0,0.0,0.0,0.0,0.0,1.0,0.0,0.0,0.0,0.0,0.0,0.0,0.0,0.0,1.0,1.0,0.0,1.0,1.0,0.0,1.0,0.0,0.0,1.0,0.0,0.0,0.0,0.0,1.0,0.0,0.0,1.0,0.0,0.0,1.0,0.0,0.0,0.0,0.0,1.0,0.0,0.0,0.0,0.0,0.0,0.0,0.0,0.0,1.0,0.0,0.0,1.0,0.0,0.0,0.0,1.0,1.0,0.0,0.0,0.0,0.0,0.0,1.0,0.0,0.0,0.0,0.0,0.0,0.88,1.0,1.0,0.72,0.72,0.84,0.88,0.88,0.6799999999999999,0.6799999999999999,0.76,0.8,0.8,0.64,0.64,0.72,0.76,0.76,0.6,0.6,0.6799999999999999,0.72,0.72,0.56,0.56,0.64,0.6799999999999999,0.6799999999999999,0.52,0.56,0.6,0.64,0.64,0.52,0.52,0.56,0.88,1.0,1.0,0.72,0.72,0.84,0.88,0.88,0.6799999999999999,0.6799999999999999,0.76,0.8,0.8,0.64,0.64,0.72,0.76,0.76,0.6,0.6,0.6799999999999999,0.72,0.72,0.56,0.56,0.64,0.6799999999999999,0.6799999999999999,0.52,0.56,0.6,0.64,0.64,0.52,0.52,0.56
879,1.0,0.0,0.0,0.0,0.0,0.0,0.0,1.0,0.0,0.0,0.0,1.0,0.0,0.0,0.0,0.0,0.0,0.0,1.0,1.0,0.0,1.0,0.0,0.0,0.0,1.0,1.0,0.0,0.0,1.0,0.0,0.0,1.0,0.0,0.0,0.0,1.0,0.0,0.0,0.0,0.0,0.0,0.0,0.0,0.0,1.0,1.0,0.0,0.0,0.0,0.0,0.0,0.0,0.0,0.0,0.0,0.0,0.0,0.0,0.0,1.0,1.0,1.0,0.0,1.0,0.0,0.0,0.0,0.0,0.0,0.0,0.0,1.0,0.0,0.0,1.0,0.0,0.0,0.0,1.0,0.0,0.0,0.0,0.0,0.0,0.0,1.0,1.0,0.0,1.0,1.0,0.0,0.0,0.0,1.0,0.0,0.0,0.0,0.0,0.0,1.0,0.0,0.0,0.0,0.6,0.6799999999999999,0.64,0.72,0.52,0.64,0.6799999999999999,0.64,0.72,0.52,0.56,0.6799999999999999,0.56,0.72,0.48,0.52,0.6,0.52,1.0,0.48,0.52,0.56,0.52,0.56,0.48,0.48,0.52,0.48,0.52,0.43999999999999995,0.48,0.52,0.48,0.52,0.43999999999999995,0.48,0.6,0.6799999999999999,0.64,0.72,0.52,0.64,0.6799999999999999,0.64,0.72,0.52,0.56,0.6799999999999999,0.56,0.72,0.48,0.52,0.6,0.52,1.0,0.48,0.52,0.56,0.52,0.56,0.48,0.48,0.52,0.48,0.52,0.43999999999999995,0.48,0.52,0.48,0.52,0.43999999999999995,0.48
880,1.0,0.0,0.0,0.0,0.0,0.0,0.0,1.0,0.0,1.0,0.0,0.0,0.0,0.0,0.0,0.0,0.0,1.0,0.0,0.0,1.0,0.0,0.0,0.0,1.0,0.0,1.0,0.0,0.0,0.0,0.0,0.0,1.0,0.0,1.0,0.0,1.0,0.0,0.0,0.0,0.0,0.0,0.0,1.0,0.0,0.0,1.0,1.0,0.0,0.0,0.0,0.0,0.0,1.0,1.0,1.0,0.0,0.0,1.0,0.0,0.0,0.0,0.0,0.0,1.0,1.0,0.0,1.0,0.0,0.0,0.0,1.0,0.0,0.0,0.0,0.0,0.0,0.0,0.0,0.0,0.0,0.0,1.0,0.0,0.0,1.0,0.0,0.0,0.0,1.0,0.0,0.0,0.0,0.0,0.0,0.0,0.0,0.0,0.0,0.0,1.0,1.0,0.0,0.0,1.0,0.84,0.72,0.84,0.72,0.8,0.8,0.6799999999999999,0.8,0.6799999999999999,0.76,0.76,0.64,0.76,0.64,0.72,0.6799999999999999,0.6,0.72,0.6,0.6799999999999999,0.64,0.56,0.6799999999999999,0.56,0.64,0.6,0.56,0.64,0.56,0.6,0.6,0.52,0.6,0.52,0.56,1.0,0.84,0.72,0.84,0.72,0.8,0.8,0.6799999999999999,0.8,0.6799999999999999,0.76,0.76,0.64,0.76,0.64,0.72,0.6799999999999999,0.6,0.72,0.6,0.6799999999999999,0.64,0.56,0.6799999999999999,0.56,0.64,0.6,0.56,0.64,0.56,0.6,0.6,0.52,0.6,0.52,0.56
881,0.0,0.0,1.0,0.0,1.0,0.0,0.0,0.0,1.0,0.0,0.0,0.0,1.0,0.0,0.0,0.0,0.0,1.0,0.0,0.0,0.0,0.0,0.0,0.0,0.0,0.0,0.0,1.0,1.0,0.0,0.0,0.0,0.0,0.0,0.0,1.0,0.0,1.0,0.0,0.0,0.0,0.0,0.0,1.0,0.0,0.0,0.0,0.0,1.0,1.0,1.0,0.0,0.0,1.0,0.0,0.0,0.0,0.0,0.0,0.0,0.0,0.0,0.0,1.0,0.0,0.0,1.0,0.0,1.0,0.0,0.0,0.0,1.0,0.0,0.0,0.0,0.0,0.0,0.0,0.0,0.0,0.0,0.0,0.0,0.0,0.0,1.0,0.0,0.0,0.0,0.0,0.0,1.0,1.0,1.0,0.0,0.0,1.0,1.0,1.0,0.0,0.0,0.0,1.0,0.56,0.56,0.48,0.52,0.72,0.56,0.52,0.48,0.48,0.72,0.52,0.52,0.48,0.48,0.72,0.52,0.48,0.43999999999999995,0.48,1.0,0.48,0.48,0.43999999999999995,0.43999999999999995,1.0,0.48,0.48,0.43999999999999995,0.43999999999999995,0.52,0.48,0.43999999999999995,0.4,0.43999999999999995,0.52,0.43999999999999995,0.56,0.56,0.48,0.52,0.72,0.56,0.52,0.48,0.48,0.72,0.52,0.52,0.48,0.48,0.72,0.52,0.48,0.43999999999999995,0.48,1.0,0.48,0.48,0.43999999999999995,0.43999999999999995,1.0,0.48,0.48,0.43999999999999995,0.43999999999999995,0.52,0.48,0.43999999999999995,0.4,0.43999999999999995,0.52,0.43999999999999995
882,0.0,0.0,0.0,1.0,1.0,1.0,1.0,0.0,0.0,1.0,0.0,1.0,0.0,0.0,0.0,0.0,0.0,1.0,0.0,0.0,0.0,0.0,0.0,0.0,0.0,1.0,0.0,1.0,0.0,0.0,0.0,0.0,0.0,0.0,0.0,0.0,0.0,0.0,1.0,0.0,0.0,0.0,1.0,0.0,0.0,0.0,0.0,0.0,0.0,1.0,1.0,0.0,0.0,0.0,0.0,0.0,0.0,0.0,0.0,0.0,0.0,0.0,0.0,0.0,0.0,1.0,1.0,0.0,1.0,0.0,0.0,0.0,1.0,0.0,0.0,0.0,0.0,0.0,1.0,0.0,1.0,1.0,0.0,0.0,0.0,0.0,1.0,1.0,0.0,0.0,0.0,1.0,1.0,0.0,0.0,0.0,0.0,0.0,1.0,1.0,0.0,0.0,0.0,0.0,0.88,0.88,0.8,1.0,0.88,0.76,0.8,0.76,0.88,0.8,0.72,0.76,0.72,0.8,0.76,0.6799999999999999,0.72,0.6799999999999999,0.76,0.72,0.64,0.6799999999999999,0.64,0.72,0.6799999999999999,0.6,0.64,0.6,0.6799999999999999,0.64,0.56,0.6,0.56,0.64,0.6,0.56,0.88,0.88,0.8,1.0,0.88,0.76,0.8,0.76,0.88,0.8,0.72,0.76,0.72,0.8,0.76,0.6799999999999999,0.72,0.6799999999999999,0.76,0.72,0.64,0.6799999999999999,0.64,0.72,0.6799999999999999,0.6,0.64,0.6,0.6799999999999999,0.64,0.56,0.6,0.56,0.64,0.6,0.56
883,1.0,0.0,1.0,1.0,0.0,0.0,0.0,0.0,1.0,0.0,0.0,1.0,0.0,0.0,1.0,0.0,0.0,0.0,0.0,0.0,0.0,0.0,0.0,0.0,0.0,1.0,1.0,0.0,0.0,0.0,1.0,0.0,0.0,0.0,0.0,0.0,1.0,0.0,0.0,1.0,1.0,0.0,0.0,0.0,0.0,0.0,0.0,0.0,0.0,0.0,0.0,1.0,0.0,0.0,0.0,0.0,0.0,0.0,0.0,1.0,0.0,0.0,0.0,0.0,0.0,1.0,0.0,0.0,0.0,0.0,1.0,1.0,1.0,0.0,0.0,0.0,1.0,0.0,0.0,0.0,0.0,1.0,0.0,1.0,0.0,0.0,0.0,0.0,0.0,0.0,0.0,0.0,0.0,0.0,1.0,0.0,1.0,0.0,1.0,1.0,1.0,0.0,0.0,0.0,0.88,0.76,0.88,0.72,1.0,0.76,0.72,0.8,0.6799999999999999,0.96,0.72,0.6799999999999999,0.76,0.64,0.84,0.6799999999999999,0.64,0.72,0.6,0.76,0.64,0.6,0.6799999999999999,0.56,0.72,0.6,0.56,0.64,0.56,0.6799999999999999,0.56,0.56,0.6,0.52,0.64,0.52,0.88,0.76,0.88,0.72,1.0,0.76,0.72,0.8,0.6799999999999999,0.96,0.72,0.6799999999999999,0.76,0.64,0.84,0.6799999999999999,0.64,0.72,0.6,0.76,0.64,0.6,0.6799999999999999,0.56,0.72,0.6,0.56,0.64,0.56,0.6799999999999999,0.56,0.56,0.6,0.52,0.64,0.52
884,1.0,0.0,1.0,0.0,0.0,0.0,0.0,0.0,0.0,0.0,0.0,0.0,0.0,1.0,0.0,1.0,0.0,0.0,0.0,0.0,0.0,0.0,0.0,0.0,1.0,0.0,0.0,0.0,1.0,1.0,1.0,0.0,1.0,1.0,0.0,0.0,0.0,1.0,0.0,0.0,0.0,0.0,0.0,0.0,1.0,0.0,0.0,0.0,0.0,0.0,1.0,0.0,0.0,1.0,0.0,1.0,0.0,0.0,0.0,0.0,0.0,1.0,1.0,0.0,1.0,0.0,0.0,0.0,0.0,1.0,1.0,0.0,1.0,0.0,0.0,0.0,0.0,0.0,1.0,1.0,0.0,0.0,0.0,0.0,0.0,0.0,0.0,0.0,0.0,0.0,0.0,0.0,0.0,0.0,0.0,1.0,0.0,0.0,1.0,0.0,1.0,0.0,0.0,0.0,1.0,0.92,0.84,0.96,0.8,0.88,0.88,0.76,0.88,0.76,0.8,0.8,0.72,0.84,0.72,0.76,0.76,0.6799999999999999,0.76,0.6799999999999999,0.72,0.72,0.64,0.72,0.64,0.6799999999999999,0.6799999999999999,0.6,0.6799999999999999,0.6,0.64,0.64,0.56,0.64,0.56,0.6,1.0,0.92,0.84,0.96,0.8,0.88,0.88,0.76,0.88,0.76,0.8,0.8,0.72,0.84,0.72,0.76,0.76,0.6799999999999999,0.76,0.6799999999999999,0.72,0.72,0.64,0.72,0.64,0.6799999999999999,0.6799999999999999,0.6,0.6799999999999999,0.6,0.64,0.64,0.56,0.64,0.56,0.6
885,0.0,0.0,0.0,0.0,0.0,1.0,0.0,0.0,1.0,0.0,0.0,0.0,0.0,1.0,0.0,1.0,0.0,0.0,1.0,0.0,1.0,0.0,0.0,1.0,1.0,0.0,0.0,0.0,0.0,0.0,0.0,0.0,1.0,0.0,0.0,0.0,0.0,1.0,0.0,0.0,0.0,0.0,0.0,0.0,0.0,1.0,0.0,0.0,0.0,0.0,1.0,1.0,1.0,0.0,0.0,0.0,1.0,0.0,0.0,0.0,0.0,1.0,0.0,0.0,0.0,0.0,0.0,0.0,1.0,0.0,0.0,1.0,0.0,1.0,1.0,0.0,0.0,1.0,0.0,1.0,0.0,0.0,1.0,0.0,0.0,1.0,0.0,0.0,0.0,0.0,0.0,1.0,0.0,0.0,0.0,1.0,0.0,0.0,0.0,0.0,0.0,0.0,0.0,0.0,0.84,0.6799999999999999,1.0,0.6799999999999999,0.64,0.84,0.64,1.0,0.64,0.6,0.76,0.6,1.0,0.6,0.56,0.6799999999999999,0.56,0.88,0.56,0.56,0.64,0.52,0.76,0.52,0.52,0.6,0.52,0.72,0.52,0.52,0.56,0.48,0.6799999999999999,0.48,0.48,0.56,0.84,0.6799999999999999,1.0,0.6799999999999999,0.64,0.84,0.64,1.0,0.64,0.6,0.76,0.6,1.0,0.6,0.56,0.6799999999999999,0.56,0.88,0.56,0.56,0.64,0.52,0.76,0.52,0.52,0.6,0.52,0.72,0.52,0.52,0.56,0.48,0.6799999999999999,0.48,0.48,0.56
886,0.0,0.0,0.0,0.0,1.0,0.0,0.0,1.0,1.0,1.0,1.0,0.0,0.0,0.0,0.0,0.0,0.0,1.0,0.0,1.0,0.0,0.0,1.0,0.0,0.0,0.0,1.0,0.0,0.0,0.0,0.0,1.0,0.0,0.0,0.0,0.0,0.0,0.0,0.0,1.0,0.0,0.0,1.0,0.0,0.0,0.0,1.0,0.0,0.0,0.0,0.0,0.0,1.0,0.0,0.0,0.0,0.0,1.0,0.0,0.0,0.0,0.0,0.0,1.0,1.0,1.0,0.0,0.0,0.0,0.0,0.0,0.0,0.0,0.0,0.0,0.0,1.0,0.0,0.0,0.0,0.0,1.0,0.0,0.0,1.0,0.0,0.0,1.0,0.0,0.0,1.0,0.0,0.0,1.0,0.0,0.0,0.0,0.0,0.0,0.0,0.0,1.0,1.0,0.0,0.84,0.96,0.76,0.88,0.8,1.0,0.96,0.72,0.8,0.76,0.92,0.96,0.6799999999999999,0.72,0.6799999999999999,0.88,0.8,0.64,0.6799999999999999,0.64,0.76,0.76,0.6,0.64,0.6,0.6799999999999999,0.72,0.56,0.6,0.6,0.64,0.6799999999999999,0.52,0.56,0.56,0.6,0.84,0.96,0.76,0.88,0.8,1.0,0.96,0.72,0.8,0.76,0.92,0.96,0.6799999999999999,0.72,0.6799999999999999,0.88,0.8,0.64,0.6799999999999999,0.64,0.76,0.76,0.6,0.64,0.6,0.6799999999999999,0.72,0.56,0.6,0.6,0.64,0.6799999999999999,0.52,0.56,0.56,0.6
887,1.0,0.0,0.0,0.0,1.0,1.0,0.0,0.0,0.0,0.0,0.0,0.0,0.0,0.0,0.0,0.0,0.0,0.0,0.0,0.0,1.0,1.0,1.0,0.0,0.0,1.0,0.0,0.0,1.0,0.0,1.0,0.0,0.0,0.0,0.0,1.0,0.0,0.0,0.0,0.0,0.0,0.0,0.0,1.0,1.0,1.0,0.0,0.0,0.0,0.0,0.0,0.0,0.0,0.0,0.0,0.0,0.0,0.0,1.0,0.0,0.0,0.0,1.0,1.0,0.0,1.0,1.0,0.0,0.0,0.0,1.0,1.0,0.0,0.0,0.0,0.0,0.0,0.0,0.0,1.0,0.0,0.0,0.0,0.0,0.0,0.0,0.0,0.0,0.0,1.0,0.0,0.0,0.0,1.0,0.0,0.0,0.0,0.0,0.0,1.0,0.0,1.0,0.0,1.0,0.88,0.76,1.0,0.76,0.96,0.84,0.72,0.92,0.72,0.88,0.76,0.6799999999999999,0.84,0.6799999999999999,0.8,0.72,0.64,0.76,0.64,0.76,0.6799999999999999,0.6,0.72,0.6,0.6799999999999999,0.64,0.56,0.6799999999999999,0.56,0.64,0.6,0.56,0.64,0.56,0.6,0.56,0.88,0.76,1.0,0.76,0.96,0.84,0.72,0.92,0.72,0.88,0.76,0.6799999999999999,0.84,0.6799999999999999,0.8,0.72,0.64,0.76,0.64,0.76,0.6799999999999999,0.6,0.72,0.6,0.6799999999999999,0.64,0.56,0.6799999999999999,0.56,0.64,0.6,0.56,0.64,0.56,0.6,0.56
888,0.0,0.0,0.0,0.0,0.0,1.0,0.0,0.0,0.0,0.0,0.0,1.0,1.0,0.0,0.0,1.0,0.0,0.0,1.0,0.0,1.0,0.0,0.0,0.0,1.0,0.0,0.0,1.0,1.0,0.0,0.0,1.0,1.0,0.0,1.0,0.0,0.0,0.0,0.0,0.0,0.0,1.0,0.0,0.0,0.0,0.0,0.0,0.0,0.0,0.0,0.0,0.0,0.0,1.0,0.0,1.0,1.0,0.0,0.0,0.0,1.0,0.0,0.0,0.0,0.0,0.0,0.0,0.0,0.0,1.0,0.0,0.0,0.0,0.0,0.0,0.0,0.0,1.0,0.0,0.0,0.0,0.0,0.0,0.0,0.0,0.0,0.0,0.0,0.0,1.0,1.0,0.0,1.0,0.0,0.0,0.0,1.0,0.0,0.0,0.0,0.0,1.0,1.0,1.0,0.56,0.6799999999999999,0.64,0.72,0.6799999999999999,0.72,0.6799999999999999,0.64,0.72,0.6799999999999999,0.72,0.6799999999999999,0.64,0.72,0.6799999999999999,0.96,0.6799999999999999,0.64,1.0,0.96,0.96,0.88,0.64,1.0,0.76,0.84,0.64,0.52,0.84,0.84,0.52,0.52,0.48,0.52,0.52,0.52,0.56,0.6799999999999999,0.64,0.72,0.6799999999999999,0.72,0.6799999999999999,0.64,0.72,0.6799999999999999,0.72,0.6799999999999999,0.64,0.72,0.6799999999999999,0.96,0.6799999999999999,0.64,1.0,0.96,0.96,0.88,0.64,1.0,0.76,0.84,0.64,0.52,0.84,0.84,0.52,0.52,0.48,0.52,0.52,0.52
889,0.0,0.0,1.0,0.0,0.0,0.0,1.0,0.0,0.0,0.0,0.0,0.0,1.0,0.0,0.0,0.0,0.0,0.0,0.0,0.0,0.0,0.0,0.0,1.0,0.0,0.0,1.0,0.0,1.0,0.0,0.0,0.0,1.0,0.0,0.0,0.0,0.0,0.0,0.0,1.0,0.0,1.0,1.0,0.0,0.0,1.0,1.0,0.0,0.0,0.0,1.0,0.0,0.0,0.0,0.0,0.0,0.0,1.0,0.0,0.0,0.0,0.0,1.0,1.0,0.0,0.0,0.0,0.0,1.0,0.0,0.0,1.0,1.0,1.0,0.0,0.0,0.0,1.0,0.0,0.0,0.0,0.0,1.0,0.0,0.0,1.0,0.0,0.0,0.0,0.0,0.0,0.0,0.0,0.0,0.0,0.0,0.0,0.0,0.0,1.0,0.0,1.0,0.0,1.0,0.56,0.6,0.64,0.56,0.72,0.64,0.56,0.64,0.52,0.72,0.64,0.52,0.56,0.52,0.72,0.6,0.52,0.52,0.48,1.0,0.56,0.48,0.52,0.48,1.0,0.52,0.48,0.48,0.48,0.52,0.48,0.48,0.48,0.43999999999999995,0.52,0.48,0.56,0.6,0.64,0.56,0.72,0.64,0.56,0.64,0.52,0.72,0.64,0.52,0.56,0.52,0.72,0.6,0.52,0.52,0.48,1.0,0.56,0.48,0.52,0.48,1.0,0.52,0.48,0.48,0.48,0.52,0.48,0.48,0.48,0.43999999999999995,0.52,0.48
890,0.0,0.0,0.0,0.0,0.0,0.0,0.0,0.0,0.0,1.0,1.0,0.0,1.0,0.0,1.0,0.0,0.0,0.0,0.0,0.0,1.0,0.0,1.0,0.0,0.0,0.0,1.0,1.0,0.0,0.0,0.0,0.0,0.0,1.0,0.0,0.0,0.0,0.0,0.0,1.0,1.0,0.0,1.0,0.0,0.0,0.0,0.0,0.0,1.0,0.0,0.0,0.0,0.0,1.0,1.0,1.0,0.0,1.0,0.0,0.0,0.0,0.0,0.0,0.0,0.0,1.0,0.0,0.0,0.0,1.0,0.0,1.0,0.0,0.0,0.0,0.0,1.0,0.0,0.0,0.0,0.0,0.0,0.0,1.0,1.0,0.0,0.0,0.0,1.0,1.0,0.0,0.0,0.0,0.0,0.0,0.0,0.0,0.0,1.0,0.0,0.0,0.0,0.0,0.0,1.0,0.92,0.92,0.88,0.8,0.84,0.84,0.84,0.84,0.76,0.76,0.8,0.8,0.76,0.72,0.72,0.76,0.76,0.72,0.6799999999999999,0.6799999999999999,0.72,0.72,0.6799999999999999,0.64,0.64,0.6799999999999999,0.6799999999999999,0.64,0.6,0.6,0.64,0.64,0.6,0.56,0.56,1.0,0.92,0.92,0.88,0.8,0.84,0.84,0.84,0.84,0.76,0.76,0.8,0.8,0.76,0.72,0.72,0.76,0.76,0.72,0.6799999999999999,0.6799999999999999,0.72,0.72,0.6799999999999999,0.64,0.64,0.6799999999999999,0.6799999999999999,0.64,0.6,0.6,0.64,0.64,0.6,0.56,0.56
891,0.0,0.0,0.0,0.0,0.0,1.0,1.0,1.0,1.0,0.0,0.0,0.0,0.0,0.0,0.0,0.0,0.0,0.0,1.0,1.0,0.0,0.0,0.0,1.0,0.0,0.0,0.0,0.0,1.0,0.0,1.0,0.0,0.0,0.0,0.0,0.0,1.0,0.0,0.0,0.0,0.0,0.0,0.0,0.0,0.0,0.0,0.0,1.0,1.0,1.0,0.0,0.0,0.0,0.0,1.0,0.0,1.0,0.0,0.0,0.0,0.0,1.0,0.0,0.0,0.0,0.0,0.0,0.0,0.0,0.0,0.0,0.0,0.0,1.0,0.0,0.0,0.0,0.0,0.0,0.0,0.0,0.0,0.0,0.0,1.0,1.0,0.0,1.0,0.0,1.0,0.0,0.0,1.0,0.0,0.0,0.0,0.0,1.0,1.0,0.0,0.0,0.0,1.0,1.0,0.92,0.8,0.6799999999999999,0.88,1.0,0.76,0.76,0.64,0.8,0.92,0.72,0.72,0.6,0.76,0.8,0.6799999999999999,0.6799999999999999,0.56,0.72,0.76,0.64,0.64,0.56,0.6799999999999999,0.72,0.6,0.6,0.52,0.64,0.6799999999999999,0.56,0.56,0.52,0.6,0.64,0.52,0.92,0.8,0.6799999999999999,0.88,1.0,0.76,0.76,0.64,0.8,0.92,0.72,0.72,0.6,0.76,0.8,0.6799999999999999,0.6799999999999999,0.56,0.72,0.76,0.64,0.64,0.56,0.6799999999999999,0.72,0.6,0.6,0.52,0.64,0.6799999999999999,0.56,0.56,0.52,0.6,0.64,0.52
892,0.0,0.0,0.0,0.0,0.0,1.0,1.0,0.0,0.0,0.0,0.0,1.0,1.0,0.0,0.0,0.0,0.0,0.0,0.0,0.0,0.0,0.0,1.0,1.0,0.0,0.0,0.0,0.0,0.0,0.0,1.0,0.0,0.0,0.0,0.0,0.0,0.0,0.0,1.0,0.0,0.0,0.0,0.0,1.0,0.0,0.0,1.0,0.0,1.0,0.0,1.0,1.0,1.0,0.0,0.0,1.0,0.0,0.0,0.0,0.0,0.0,0.0,0.0,0.0,0.0,0.0,0.0,1.0,1.0,1.0,1.0,0.0,0.0,1.0,0.0,0.0,0.0,0.0,1.0,0.0,0.0,0.0,0.0,0.0,0.0,0.0,0.0,1.0,1.0,1.0,0.0,0.0,0.0,1.0,0.0,0.0,0.0,0.0,0.0,0.0,0.0,1.0,0.0,0.0,0.56,0.6,0.64,0.6799999999999999,0.6799999999999999,0.72,0.6,0.64,0.6799999999999999,0.6799999999999999,0.72,0.56,0.64,0.6799999999999999,0.6799999999999999,1.0,0.52,0.64,0.92,0.96,1.0,0.52,0.52,0.76,0.84,1.0,0.48,0.52,0.52,0.52,0.52,0.48,0.48,0.52,0.52,0.52,0.56,0.6,0.64,0.6799999999999999,0.6799999999999999,0.72,0.6,0.64,0.6799999999999999,0.6799999999999999,0.72,0.56,0.64,0.6799999999999999,0.6799999999999999,1.0,0.52,0.64,0.92,0.96,1.0,0.52,0.52,0.76,0.84,1.0,0.48,0.52,0.52,0.52,0.52,0.48,0.48,0.52,0.52,0.52
893,0.0,0.0,0.0,0.0,0.0,0.0,0.0,0.0,0.0,1.0,0.0,0.0,0.0,1.0,0.0,1.0,1.0,1.0,0.0,1.0,0.0,0.0,1.0,0.0,0.0,1.0,0.0,0.0,0.0,1.0,0.0,0.0,0.0,0.0,1.0,0.0,0.0,0.0,0.0,0.0,0.0,0.0,0.0,0.0,1.0,1.0,0.0,1.0,0.0,0.0,0.0,0.0,0.0,0.0,1.0,0.0,1.0,0.0,0.0,1.0,1.0,0.0,1.0,1.0,0.0,0.0,1.0,0.0,0.0,0.0,0.0,0.0,0.0,0.0,0.0,1.0,0.0,0.0,0.0,0.0,0.0,0.0,0.0,0.0,0.0,0.0,0.0,0.0,0.0,1.0,0.0,1.0,1.0,0.0,0.0,0.0,0.0,0.0,0.0,0.0,1.0,0.0,0.0,1.0,0.84,0.96,1.0,0.6799999999999999,0.84,0.72,0.92,1.0,0.64,0.84,0.6799999999999999,0.84,0.88,0.6,0.76,0.64,0.8,0.8,0.56,0.6799999999999999,0.6,0.72,0.76,0.52,0.64,0.56,0.6799999999999999,0.6799999999999999,0.52,0.6,0.56,0.64,0.64,0.48,0.6,0.52,0.84,0.96,1.0,0.6799999999999999,0.84,0.72,0.92,1.0,0.64,0.84,0.6799999999999999,0.84,0.88,0.6,0.76,0.64,0.8,0.8,0.56,0.6799999999999999,0.6,0.72,0.76,0.52,0.64,0.56,0.6799999999999999,0.6799999999999999,0.52,0.6,0.56,0.64,0.64,0.48,0.6,0.52
894,0.0,0.0,0.0,0.0,0.0,0.0,1.0,1.0,0.0,1.0,0.0,0.0,0.0,1.0,1.0,0.0,0.0,0.0,1.0,1.0,0.0,0.0,0.0,1.0,1.0,0.0,0.0,0.0,0.0,1.0,0.0,0.0,0.0,1.0,0.0,1.0,0.0,0.0,1.0,0.0,0.0,0.0,0.0,0.0,0.0,0.0,0.0,0.0,0.0,0.0,0.0,0.0,0.0,0.0,0.0,1.0,0.0,1.0,0.0,0.0,0.0,0.0,1.0,0.0,0.0,0.0,0.0,1.0,1.0,1.0,0.0,0.0,0.0,0.0,0.0,0.0,0.0,0.0,0.0,0.0,0.0,0.0,0.0,0.0,1.0,0.0,0.0,0.0,0.0,0.0,0.0,0.0,1.0,0.0,1.0,1.0,1.0,0.0,0.0,1.0,0.0,1.0,0.0,0.0,0.88,0.72,1.0,0.6799999999999999,0.76,0.72,0.6799999999999999,0.92,0.64,0.72,0.6799999999999999,0.64,0.8,0.6,0.6799999999999999,0.64,0.6,0.76,0.56,0.64,0.6,0.56,0.72,0.56,0.6,0.56,0.52,0.6799999999999999,0.52,0.56,0.56,0.52,0.64,0.52,0.56,0.52,0.88,0.72,1.0,0.6799999999999999,0.76,0.72,0.6799999999999999,0.92,0.64,0.72,0.6799999999999999,0.64,0.8,0.6,0.6799999999999999,0.64,0.6,0.76,0.56,0.64,0.6,0.56,0.72,0.56,0.6,0.56,0.52,0.6799999999999999,0.52,0.56,0.56,0.52,0.64,0.52,0.56,0.52
895,0.0,0.0,0.0,0.0,0.0,0.0,1.0,0.0,0.0,0.0,0.0,0.0,0.0,1.0,0.0,1.0,1.0,0.0,0.0,0.0,0.0,1.0,0.0,0.0,0.0,1.0,0.0,0.0,0.0,0.0,0.0,0.0,0.0,1.0,1.0,1.0,0.0,0.0,1.0,0.0,0.0,1.0,0.0,1.0,0.0,0.0,0.0,0.0,0.0,1.0,0.0,0.0,1.0,0.0,1.0,0.0,0.0,0.0,0.0,0.0,0.0,1.0,1.0,0.0,1.0,0.0,1.0,0.0,0.0,1.0,0.0,0.0,0.0,0.0,0.0,0.0,0.0,0.0,0.0,0.0,0.0,0.0,0.0,0.0,1.0,0.0,0.0,0.0,1.0,0.0,0.0,0.0,1.0,0.0,0.0,0.0,1.0,1.0,0.0,1.0,0.0,0.0,0.0,0.0,0.84,0.88,0.92,0.88,1.0,0.88,0.8,0.84,0.76,0.88,0.8,0.76,0.76,0.72,0.8,0.72,0.6799999999999999,0.72,0.6799999999999999,0.76,0.6799999999999999,0.64,0.6799999999999999,0.64,0.6799999999999999,0.64,0.6,0.64,0.6,0.64,0.6,0.6,0.6,0.56,0.6,0.56,0.84,0.88,0.92,0.88,1.0,0.88,0.8,0.84,0.76,0.88,0.8,0.76,0.76,0.72,0.8,0.72,0.6799999999999999,0.72,0.6799999999999999,0.76,0.6799999999999999,0.64,0.6799999999999999,0.64,0.6799999999999999,0.64,0.6,0.64,0.6,0.64,0.6,0.6,0.6,0.56,0.6,0.56
896,0.0,0.0,1.0,0.0,0.0,0.0,0.0,0.0,0.0,0.0,0.0,0.0,0.0,0.0,0.0,0.0,0.0,1.0,0.0,0.0,1.0,0.0,0.0,0.0,1.0,0.0,1.0,1.0,1.0,0.0,0.0,0.0,0.0,1.0,0.0,0.0,1.0,0.0,0.0,1.0,0.0,0.0,0.0,0.0,0.0,1.0,0.0,0.0,1.0,0.0,0.0,1.0,0.0,0.0,0.0,0.0,0.0,0.0,0.0,0.0,1.0,1.0,1.0,0.0,0.0,0.0,0.0,1.0,1.0,0.0,0.0,0.0,0.0,0.0,1.0,0.0,0.0,0.0,0.0,0.0,0.0,1.0,1.0,0.0,0.0,0.0,1.0,1.0,0.0,1.0,0.0,0.0,1.0,0.0,0.0,0.0,0.0,0.0,0.0,0.0,0.0,1.0,0.0,0.0,0.84,0.6799999999999999,0.72,1.0,0.72,0.8,0.64,0.6799999999999999,1.0,0.6799999999999999,0.72,0.6,0.64,0.88,0.64,0.6799999999999999,0.56,0.6,0.76,0.6,0.64,0.52,0.56,0.72,0.56,0.6,0.52,0.52,0.6799999999999999,0.56,0.56,0.48,0.52,0.64,0.52,0.56,0.84,0.6799999999999999,0.72,1.0,0.72,0.8,0.64,0.6799999999999999,1.0,0.6799999999999999,0.72,0.6,0.64,0.88,0.64,0.6799999999999999,0.56,0.6,0.76,0.6,0.64,0.52,0.56,0.72,0.56,0.6,0.52,0.52,0.6799999999999999,0.56,0.56,0.48,0.52,0.64,0.52,0.56
897,0.0,1.0,0.0,0.0,0.0,0.0,0.0,1.0,0.0,0.0,0.0,0.0,0.0,0.0,0.0,0.0,0.0,0.0,0.0,0.0,0.0,0.0,0.0,0.0,0.0,0.0,1.0,0.0,0.0,0.0,0.0,1.0,1.0,1.0,1.0,0.0,0.0,0.0,0.0,1.0,0.0,1.0,0.0,1.0,1.0,1.0,0.0,0.0,0.0,1.0,0.0,0.0,1.0,0.0,0.0,0.0,1.0,0.0,0.0,0.0,0.0,0.0,0.0,0.0,1.0,1.0,0.0,1.0,1.0,0.0,0.0,1.0,1.0,1.0,1.0,0.0,0.0,0.0,0.0,0.0,0.0,0.0,0.0,0.0,0.0,0.0,0.0,0.0,0.0,1.0,0.0,0.0,0.0,0.0,0.0,0.0,0.0,0.0,1.0,0.0,1.0,0.0,0.0,0.0,1.0,0.72,0.84,0.76,0.88,0.6799999999999999,0.6799999999999999,0.8,0.72,0.84,0.64,0.64,0.76,0.6799999999999999,0.8,0.6,0.6,0.6799999999999999,0.64,0.76,0.56,0.56,0.64,0.6,0.72,0.52,0.52,0.6,0.56,0.6799999999999999,0.52,0.52,0.6,0.52,0.64,0.48,1.0,0.72,0.84,0.76,0.88,0.6799999999999999,0.6799999999999999,0.8,0.72,0.84,0.64,0.64,0.76,0.6799999999999999,0.8,0.6,0.6,0.6799999999999999,0.64,0.76,0.56,0.56,0.64,0.6,0.72,0.52,0.52,0.6,0.56,0.6799999999999999,0.52,0.52,0.6,0.52,0.64,0.48
898,0.0,1.0,0.0,0.0,0.0,1.0,0.0,0.0,0.0,0.0,0.0,0.0,1.0,0.0,0.0,0.0,1.0,1.0,0.0,0.0,0.0,0.0,1.0,0.0,0.0,0.0,0.0,0.0,0.0,0.0,0.0,0.0,1.0,1.0,1.0,0.0,1.0,1.0,0.0,0.0,0.0,1.0,0.0,0.0,0.0,0.0,0.0,0.0,0.0,0.0,0.0,1.0,1.0,0.0,0.0,0.0,1.0,0.0,1.0,0.0,1.0,0.0,0.0,0.0,0.0,1.0,0.0,0.0,0.0,0.0,0.0,0.0,1.0,1.0,0.0,1.0,0.0,0.0,0.0,0.0,0.0,0.0,0.0,0.0,0.0,0.0,0.0,0.0,0.0,0.0,1.0,0.0,1.0,0.0,1.0,0.0,1.0,0.0,0.0,0.0,0.0,1.0,0.0,0.0,0.84,0.92,0.92,0.88,0.88,1.0,0.84,0.92,0.84,0.8,0.92,0.76,0.8,0.76,0.72,0.76,0.72,0.76,0.6799999999999999,0.6799999999999999,0.72,0.6799999999999999,0.6799999999999999,0.64,0.64,0.6799999999999999,0.64,0.64,0.6,0.6,0.64,0.6,0.6,0.6,0.56,0.6,0.84,0.92,0.92,0.88,0.88,1.0,0.84,0.92,0.84,0.8,0.92,0.76,0.8,0.76,0.72,0.76,0.72,0.76,0.6799999999999999,0.6799999999999999,0.72,0.6799999999999999,0.6799999999999999,0.64,0.64,0.6799999999999999,0.64,0.64,0.6,0.6,0.64,0.6,0.6,0.6,0.56,0.6
899,0.0,0.0,0.0,0.0,0.0,0.0,0.0,1.0,0.0,0.0,1.0,0.0,1.0,0.0,0.0,1.0,1.0,0.0,0.0,0.0,0.0,1.0,0.0,1.0,0.0,0.0,0.0,0.0,0.0,0.0,0.0,0.0,0.0,0.0,0.0,0.0,0.0,0.0,1.0,0.0,0.0,0.0,1.0,0.0,1.0,0.0,1.0,1.0,0.0,0.0,1.0,0.0,0.0,0.0,0.0,0.0,0.0,0.0,1.0,0.0,0.0,1.0,0.0,0.0,0.0,0.0,0.0,0.0,0.0,1.0,1.0,0.0,0.0,0.0,1.0,0.0,1.0,1.0,0.0,0.0,0.0,0.0,0.0,1.0,1.0,1.0,0.0,0.0,1.0,0.0,0.0,0.0,0.0,1.0,0.0,0.0,0.0,0.0,0.0,0.0,0.0,1.0,0.0,0.0,0.48,0.48,0.52,0.48,0.52,0.52,0.48,0.52,0.48,0.52,0.52,0.43999999999999995,0.52,0.43999999999999995,0.52,0.6799999999999999,0.43999999999999995,0.52,0.43999999999999995,0.6799999999999999,0.6,0.4,0.6799999999999999,0.43999999999999995,0.56,0.56,0.4,1.0,0.4,0.52,0.43999999999999995,0.4,0.43999999999999995,0.4,0.43999999999999995,0.43999999999999995,0.48,0.48,0.52,0.48,0.52,0.52,0.48,0.52,0.48,0.52,0.52,0.43999999999999995,0.52,0.43999999999999995,0.52,0.6799999999999999,0.43999999999999995,0.52,0.43999999999999995,0.6799999999999999,0.6,0.4,0.6799999999999999,0.43999999999999995,0.56,0.56,0.4,1.0,0.4,0.52,0.43999999999999995,0.4,0.43999999999999995,0.4,0.43999999999999995,0.43999999999999995
900,0.0,1.0,1.0,0.0,0.0,0.0,0.0,0.0,1.0,0.0,0.0,0.0,1.0,0.0,0.0,1.0,0.0,1.0,0.0,1.0,0.0,0.0,0.0,0.0,0.0,1.0,1.0,1.0,0.0,0.0,0.0,0.0,0.0,0.0,0.0,0.0,1.0,0.0,0.0,0.0,0.0,1.0,0.0,0.0,0.0,1.0,0.0,0.0,0.0,0.0,0.0,0.0,1.0,0.0,0.0,1.0,0.0,0.0,0.0,0.0,0.0,0.0,1.0,0.0,0.0,1.0,0.0,0.0,0.0,0.0,1.0,0.0,0.0,0.0,0.0,0.0,1.0,0.0,0.0,0.0,0.0,0.0,1.0,0.0,0.0,0.0,0.0,1.0,0.0,0.0,0.0,0.0,1.0,0.0,1.0,0.0,0.0,0.0,1.0,0.0,0.0,0.0,1.0,1.0,0.84,0.92,0.92,0.88,1.0,0.96,0.92,0.88,0.76,1.0,0.84,0.8,0.76,0.72,0.84,0.76,0.76,0.72,0.6799999999999999,0.76,0.72,0.72,0.6799999999999999,0.64,0.72,0.6799999999999999,0.6799999999999999,0.64,0.6,0.6799999999999999,0.64,0.64,0.6,0.56,0.64,0.6,0.84,0.92,0.92,0.88,1.0,0.96,0.92,0.88,0.76,1.0,0.84,0.8,0.76,0.72,0.84,0.76,0.76,0.72,0.6799999999999999,0.76,0.72,0.72,0.6799999999999999,0.64,0.72,0.6799999999999999,0.6799999999999999,0.64,0.6,0.6799999999999999,0.64,0.64,0.6,0.56,0.64,0.6
901,0.0,1.0,0.0,0.0,0.0,0.0,0.0,0.0,0.0,0.0,1.0,0.0,0.0,0.0,1.0,0.0,0.0,0.0,1.0,0.0,0.0,1.0,0.0,0.0,0.0,0.0,0.0,0.0,0.0,0.0,0.0,1.0,0.0,0.0,0.0,0.0,0.0,0.0,0.0,1.0,0.0,0.0,1.0,1.0,0.0,0.0,1.0,0.0,0.0,1.0,1.0,1.0,0.0,0.0,1.0,0.0,1.0,0.0,0.0,1.0,0.0,0.0,0.0,0.0,0.0,0.0,0.0,1.0,0.0,0.0,0.0,1.0,1.0,0.0,0.0,1.0,0.0,0.0,1.0,0.0,1.0,0.0,0.0,0.0,0.0,1.0,1.0,1.0,1.0,0.0,0.0,0.0,0.0,0.0,0.0,0.0,0.0,0.0,0.0,0.0,0.0,0.0,0.0,0.0,1.0,0.72,0.84,0.8,0.92,0.76,0.6799999999999999,0.76,0.76,0.88,0.72,0.64,0.72,0.72,0.8,0.6799999999999999,0.6,0.6799999999999999,0.6799999999999999,0.76,0.64,0.56,0.64,0.64,0.72,0.6,0.56,0.6,0.6,0.6799999999999999,0.56,0.52,0.56,0.56,0.64,0.56,1.0,0.72,0.84,0.8,0.92,0.76,0.6799999999999999,0.76,0.76,0.88,0.72,0.64,0.72,0.72,0.8,0.6799999999999999,0.6,0.6799999999999999,0.6799999999999999,0.76,0.64,0.56,0.64,0.64,0.72,0.6,0.56,0.6,0.6,0.6799999999999999,0.56,0.52,0.56,0.56,0.64,0.56
902,0.0,0.0,1.0,1.0,0.0,0.0,1.0,1.0,0.0,0.0,1.0,1.0,0.0,0.0,0.0,0.0,0.0,1.0,1.0,0.0,0.0,0.0,0.0,0.0,0.0,0.0,0.0,0.0,0.0,1.0,0.0,0.0,0.0,0.0,0.0,0.0,1.0,0.0,0.0,0.0,0.0,0.0,0.0,0.0,0.0,1.0,0.0,0.0,1.0,0.0,0.0,1.0,0.0,0.0,0.0,0.0,1.0,0.0,0.0,0.0,0.0,1.0,0.0,0.0,0.0,0.0,1.0,0.0,0.0,0.0,0.0,1.0,0.0,1.0,0.0,0.0,0.0,0.0,1.0,0.0,0.0,0.0,1.0,0.0,0.0,0.0,0.0,1.0,0.0,0.0,0.0,1.0,0.0,0.0,0.0,0.0,1.0,0.0,1.0,1.0,0.0,1.0,0.0,0.0,0.92,1.0,0.6799999999999999,0.72,0.88,0.76,0.84,0.64,0.6799999999999999,0.84,0.72,0.8,0.6,0.64,0.76,0.6799999999999999,0.76,0.6,0.6,0.72,0.64,0.72,0.56,0.56,0.6799999999999999,0.6,0.6799999999999999,0.52,0.52,0.64,0.56,0.64,0.52,0.52,0.6,0.56,0.92,1.0,0.6799999999999999,0.72,0.88,0.76,0.84,0.64,0.6799999999999999,0.84,0.72,0.8,0.6,0.64,0.76,0.6799999999999999,0.76,0.6,0.6,0.72,0.64,0.72,0.56,0.56,0.6799999999999999,0.6,0.6799999999999999,0.52,0.52,0.64,0.56,0.64,0.52,0.52,0.6,0.56
903,0.0,0.0,0.0,0.0,0.0,1.0,0.0,0.0,1.0,0.0,0.0,0.0,1.0,0.0,0.0,0.0,0.0,1.0,0.0,0.0,0.0,0.0,0.0,0.0,0.0,0.0,0.0,0.0,1.0,0.0,0.0,1.0,0.0,1.0,0.0,0.0,1.0,1.0,0.0,0.0,0.0,0.0,1.0,0.0,0.0,0.0,0.0,0.0,1.0,0.0,1.0,1.0,0.0,0.0,1.0,1.0,1.0,0.0,0.0,1.0,0.0,1.0,0.0,0.0,0.0,0.0,0.0,0.0,1.0,0.0,1.0,1.0,0.0,0.0,0.0,0.0,0.0,0.0,1.0,0.0,0.0,0.0,0.0,0.0,0.0,0.0,0.0,0.0,0.0,0.0,0.0,0.0,1.0,0.0,0.0,1.0,0.0,1.0,0.0,0.0,0.0,1.0,0.0,0.0,0.8,0.92,0.6799999999999999,0.8,1.0,0.76,0.92,0.64,0.76,1.0,0.6799999999999999,0.88,0.6,0.6799999999999999,0.92,0.64,0.76,0.56,0.64,0.76,0.6,0.72,0.52,0.6,0.72,0.6,0.6799999999999999,0.52,0.6,0.6799999999999999,0.56,0.64,0.48,0.56,0.64,0.52,0.8,0.92,0.6799999999999999,0.8,1.0,0.76,0.92,0.64,0.76,1.0,0.6799999999999999,0.88,0.6,0.6799999999999999,0.92,0.64,0.76,0.56,0.64,0.76,0.6,0.72,0.52,0.6,0.72,0.6,0.6799999999999999,0.52,0.6,0.6799999999999999,0.56,0.64,0.48,0.56,0.64,0.52
904,0.0,0.0,1.0,1.0,1.0,0.0,0.0,1.0,0.0,0.0,1.0,0.0,1.0,0.0,0.0,0.0,0.0,0.0,0.0,0.0,1.0,0.0,0.0,0.0,0.0,0.0,0.0,0.0,1.0,0.0,1.0,0.0,0.0,0.0,0.0,1.0,0.0,0.0,0.0,0.0,1.0,1.0,0.0,0.0,0.0,0.0,0.0,0.0,0.0,0.0,1.0,0.0,1.0,0.0,0.0,0.0,0.0,0.0,0.0,0.0,1.0,0.0,0.0,0.0,0.0,0.0,0.0,1.0,1.0,0.0,0.0,0.0,0.0,0.0,0.0,1.0,0.0,0.0,0.0,1.0,0.0,0.0,0.0,1.0,1.0,1.0,1.0,0.0,0.0,0.0,0.0,1.0,0.0,0.0,0.0,1.0,1.0,0.0,0.0,0.0,0.0,0.0,0.0,0.0,1.0,0.84,0.6799999999999999,0.8,0.6799999999999999,0.6799999999999999,0.8,0.64,0.76,0.64,0.64,0.76,0.6,0.72,0.6,0.6,0.72,0.56,0.6799999999999999,0.6,0.6,0.6799999999999999,0.56,0.64,0.56,0.56,0.64,0.52,0.6,0.52,0.52,0.6,0.52,0.56,0.52,0.52,1.0,0.84,0.6799999999999999,0.8,0.6799999999999999,0.6799999999999999,0.8,0.64,0.76,0.64,0.64,0.76,0.6,0.72,0.6,0.6,0.72,0.56,0.6799999999999999,0.6,0.6,0.6799999999999999,0.56,0.64,0.56,0.56,0.64,0.52,0.6,0.52,0.52,0.6,0.52,0.56,0.52,0.52
905,0.0,0.0,0.0,0.0,0.0,1.0,1.0,0.0,0.0,0.0,0.0,0.0,0.0,0.0,0.0,0.0,0.0,1.0,0.0,1.0,0.0,0.0,1.0,0.0,0.0,0.0,1.0,0.0,1.0,0.0,1.0,0.0,0.0,0.0,0.0,0.0,0.0,0.0,0.0,0.0,0.0,0.0,0.0,0.0,1.0,0.0,1.0,1.0,0.0,0.0,1.0,1.0,0.0,0.0,0.0,1.0,0.0,0.0,0.0,0.0,0.0,1.0,0.0,1.0,1.0,0.0,0.0,1.0,0.0,0.0,0.0,0.0,1.0,0.0,0.0,1.0,1.0,0.0,0.0,0.0,0.0,1.0,0.0,1.0,0.0,0.0,0.0,1.0,0.0,1.0,0.0,0.0,0.0,1.0,0.0,0.0,0.0,0.0,0.0,0.0,0.0,0.0,0.0,0.0,0.6799999999999999,0.76,0.76,0.76,0.76,0.8,0.72,0.76,0.76,0.76,0.8,0.6799999999999999,0.76,0.76,0.72,1.0,0.6,0.6799999999999999,0.6,0.6,0.6,0.56,0.6,0.6,0.56,0.6,0.52,0.56,0.56,0.56,0.56,0.52,0.56,0.52,0.52,0.52,0.6799999999999999,0.76,0.76,0.76,0.76,0.8,0.72,0.76,0.76,0.76,0.8,0.6799999999999999,0.76,0.76,0.72,1.0,0.6,0.6799999999999999,0.6,0.6,0.6,0.56,0.6,0.6,0.56,0.6,0.52,0.56,0.56,0.56,0.56,0.52,0.56,0.52,0.52,0.52
906,0.0,1.0,0.0,1.0,0.0,0.0,1.0,0.0,0.0,0.0,0.0,0.0,0.0,0.0,0.0,0.0,1.0,0.0,1.0,0.0,1.0,1.0,0.0,0.0,0.0,0.0,1.0,0.0,0.0,0.0,0.0,1.0,0.0,0.0,1.0,0.0,0.0,0.0,1.0,0.0,1.0,0.0,0.0,0.0,0.0,0.0,0.0,0.0,0.0,0.0,1.0,0.0,1.0,0.0,1.0,0.0,0.0,0.0,0.0,0.0,1.0,0.0,0.0,1.0,1.0,0.0,0.0,1.0,0.0,1.0,0.0,0.0,0.0,0.0,0.0,0.0,1.0,1.0,0.0,0.0,0.0,0.0,1.0,0.0,0.0,0.0,0.0,0.0,0.0,0.0,0.0,0.0,0.0,1.0,1.0,0.0,0.0,1.0,0.0,0.0,0.0,0.0,0.0,0.0,0.84,0.96,1.0,0.8,0.8,0.84,0.96,1.0,0.72,0.76,0.76,0.92,1.0,0.6799999999999999,0.6799999999999999,0.76,0.84,0.88,0.64,0.64,0.6799999999999999,0.84,0.84,0.6,0.6,0.64,0.72,0.72,0.56,0.6,0.6,0.6799999999999999,0.6799999999999999,0.56,0.56,0.56,0.84,0.96,1.0,0.8,0.8,0.84,0.96,1.0,0.72,0.76,0.76,0.92,1.0,0.6799999999999999,0.6799999999999999,0.76,0.84,0.88,0.64,0.64,0.6799999999999999,0.84,0.84,0.6,0.6,0.64,0.72,0.72,0.56,0.6,0.6,0.6799999999999999,0.6799999999999999,0.56,0.56,0.56
907,0.0,0.0,0.0,1.0,0.0,1.0,0.0,0.0,0.0,0.0,0.0,0.0,0.0,0.0,0.0,0.0,0.0,0.0,1.0,0.0,0.0,0.0,0.0,0.0,0.0,0.0,1.0,1.0,1.0,0.0,0.0,0.0,0.0,1.0,0.0,0.0,0.0,0.0,0.0,0.0,1.0,1.0,0.0,0.0,0.0,1.0,1.0,0.0,0.0,1.0,0.0,1.0,1.0,0.0,0.0,0.0,0.0,0.0,1.0,0.0,1.0,0.0,0.0,0.0,0.0,0.0,0.0,0.0,1.0,1.0,0.0,1.0,0.0,1.0,0.0,0.0,0.0,1.0,0.0,0.0,0.0,0.0,0.0,0.0,1.0,0.0,0.0,1.0,0.0,0.0,1.0,1.0,0.0,0.0,0.0,0.0,1.0,0.0,0.0,0.0,0.0,0.0,0.0,0.0,0.88,0.72,0.8,0.8,1.0,0.76,0.6799999999999999,0.76,0.76,0.88,0.72,0.64,0.6799999999999999,0.72,0.8,0.6799999999999999,0.6,0.64,0.6799999999999999,0.76,0.64,0.56,0.6,0.64,0.72,0.6,0.52,0.6,0.6,0.6799999999999999,0.56,0.52,0.56,0.56,0.64,0.56,0.88,0.72,0.8,0.8,1.0,0.76,0.6799999999999999,0.76,0.76,0.88,0.72,0.64,0.6799999999999999,0.72,0.8,0.6799999999999999,0.6,0.64,0.6799999999999999,0.76,0.64,0.56,0.6,0.64,0.72,0.6,0.52,0.6,0.6,0.6799999999999999,0.56,0.52,0.56,0.56,0.64,0.56
908,0.0,0.0,0.0,0.0,0.0,0.0,0.0,0.0,0.0,0.0,0.0,1.0,1.0,0.0,0.0,0.0,0.0,0.0,0.0,0.0,1.0,1.0,0.0,0.0,0.0,1.0,1.0,0.0,0.0,1.0,0.0,0.0,1.0,1.0,0.0,1.0,0.0,1.0,0.0,0.0,0.0,1.0,0.0,0.0,0.0,0.0,0.0,0.0,0.0,0.0,0.0,1.0,0.0,0.0,0.0,1.0,0.0,0.0,0.0,1.0,1.0,1.0,0.0,0.0,0.0,0.0,0.0,0.0,1.0,0.0,0.0,0.0,0.0,0.0,1.0,0.0,0.0,0.0,0.0,1.0,0.0,0.0,1.0,1.0,0.0,0.0,1.0,0.0,0.0,0.0,0.0,0.0,0.0,0.0,1.0,0.0,0.0,1.0,0.0,0.0,0.0,0.0,1.0,0.0,0.56,0.6,0.52,0.72,0.56,0.6799999999999999,0.6,0.52,0.72,0.52,0.6799999999999999,0.52,0.48,0.72,0.52,0.76,0.52,0.48,1.0,0.48,0.72,0.48,0.48,0.84,0.48,0.52,0.48,0.43999999999999995,0.52,0.48,0.52,0.48,0.43999999999999995,0.52,0.43999999999999995,0.48,0.56,0.6,0.52,0.72,0.56,0.6799999999999999,0.6,0.52,0.72,0.52,0.6799999999999999,0.52,0.48,0.72,0.52,0.76,0.52,0.48,1.0,0.48,0.72,0.48,0.48,0.84,0.48,0.52,0.48,0.43999999999999995,0.52,0.48,0.52,0.48,0.43999999999999995,0.52,0.43999999999999995,0.48
909,0.0,1.0,0.0,1.0,0.0,0.0,1.0,0.0,0.0,0.0,1.0,0.0,1.0,0.0,0.0,0.0,0.0,0.0,0.0,0.0,0.0,1.0,0.0,0.0,0.0,0.0,1.0,0.0,0.0,0.0,0.0,0.0,0.0,0.0,0.0,1.0,1.0,0.0,0.0,1.0,0.0,0.0,1.0,1.0,0.0,0.0,0.0,1.0,0.0,0.0,0.0,0.0,0.0,0.0,0.0,0.0,1.0,1.0,0.0,0.0,1.0,1.0,0.0,0.0,0.0,1.0,0.0,0.0,0.0,1.0,0.0,0.0,1.0,0.0,0.0,0.0,0.0,0.0,0.0,0.0,0.0,0.0,1.0,1.0,0.0,1.0,0.0,0.0,0.0,0.0,0.0,0.0,1.0,0.0,0.0,0.0,0.0,1.0,0.0,0.0,0.0,0.0,1.0,0.0,1.0,0.96,0.6799999999999999,0.72,0.76,0.76,0.88,0.64,0.6799999999999999,0.72,0.72,0.8,0.6,0.64,0.6799999999999999,0.6799999999999999,0.76,0.56,0.6,0.64,0.64,0.72,0.52,0.56,0.6,0.6,0.6799999999999999,0.52,0.52,0.56,0.56,0.64,0.48,0.52,0.56,0.56,1.0,0.96,0.6799999999999999,0.72,0.76,0.76,0.88,0.64,0.6799999999999999,0.72,0.72,0.8,0.6,0.64,0.6799999999999999,0.6799999999999999,0.76,0.56,0.6,0.64,0.64,0.72,0.52,0.56,0.6,0.6,0.6799999999999999,0.52,0.52,0.56,0.56,0.64,0.48,0.52,0.56,0.56
910,0.0,0.0,0.0,0.0,0.0,0.0,0.0,0.0,0.0,1.0,1.0,0.0,0.0,0.0,1.0,0.0,0.0,0.0,0.0,1.0,0.0,0.0,0.0,0.0,1.0,0.0,0.0,0.0,1.0,0.0,1.0,0.0,1.0,0.0,0.0,0.0,0.0,0.0,0.0,1.0,0.0,0.0,0.0,1.0,1.0,1.0,0.0,1.0,0.0,0.0,0.0,0.0,1.0,0.0,0.0,1.0,0.0,0.0,0.0,0.0,0.0,0.0,0.0,0.0,1.0,1.0,0.0,1.0,0.0,0.0,0.0,0.0,1.0,0.0,0.0,1.0,0.0,0.0,1.0,0.0,0.0,1.0,0.0,1.0,0.0,0.0,1.0,1.0,0.0,0.0,0.0,0.0,1.0,0.0,0.0,0.0,0.0,0.0,0.0,0.0,0.0,0.0,0.0,0.0,1.0,0.76,0.84,0.88,0.76,0.76,0.72,0.8,0.84,0.72,0.72,0.6799999999999999,0.76,0.8,0.6799999999999999,0.6799999999999999,0.64,0.6799999999999999,0.76,0.64,0.64,0.6,0.64,0.6799999999999999,0.6,0.6,0.56,0.6,0.64,0.56,0.56,0.52,0.6,0.6,0.56,0.52,1.0,0.76,0.84,0.88,0.76,0.76,0.72,0.8,0.84,0.72,0.72,0.6799999999999999,0.76,0.8,0.6799999999999999,0.6799999999999999,0.64,0.6799999999999999,0.76,0.64,0.64,0.6,0.64,0.6799999999999999,0.6,0.6,0.56,0.6,0.64,0.56,0.56,0.52,0.6,0.6,0.56,0.52
911,0.0,0.0,0.0,0.0,0.0,0.0,0.0,0.0,1.0,0.0,0.0,1.0,0.0,1.0,0.0,1.0,0.0,0.0,1.0,0.0,0.0,0.0,1.0,1.0,0.0,1.0,0.0,1.0,0.0,0.0,0.0,1.0,0.0,0.0,0.0,0.0,0.0,0.0,0.0,0.0,0.0,0.0,0.0,0.0,1.0,1.0,0.0,0.0,0.0,1.0,0.0,0.0,0.0,0.0,1.0,1.0,1.0,0.0,0.0,0.0,0.0,0.0,0.0,0.0,0.0,0.0,1.0,0.0,0.0,0.0,0.0,0.0,0.0,1.0,0.0,0.0,1.0,0.0,1.0,0.0,0.0,0.0,0.0,0.0,0.0,1.0,1.0,0.0,1.0,1.0,0.0,0.0,1.0,0.0,0.0,0.0,0.0,0.0,0.0,1.0,0.0,0.0,0.0,0.0,0.84,0.6799999999999999,1.0,0.88,0.6799999999999999,0.84,0.64,1.0,0.84,0.64,0.76,0.6,0.88,0.76,0.6,0.6799999999999999,0.56,0.76,0.72,0.56,0.64,0.52,0.72,0.6799999999999999,0.56,0.6,0.52,0.6799999999999999,0.64,0.52,0.6,0.48,0.64,0.6,0.52,0.56,0.84,0.6799999999999999,1.0,0.88,0.6799999999999999,0.84,0.64,1.0,0.84,0.64,0.76,0.6,0.88,0.76,0.6,0.6799999999999999,0.56,0.76,0.72,0.56,0.64,0.52,0.72,0.6799999999999999,0.56,0.6,0.52,0.6799999999999999,0.64,0.52,0.6,0.48,0.64,0.6,0.52,0.56
912,1.0,1.0,0.0,1.0,1.0,0.0,0.0,0.0,0.0,0.0,1.0,0.0,1.0,0.0,0.0,0.0,1.0,0.0,0.0,0.0,0.0,1.0,0.0,0.0,0.0,0.0,0.0,0.0,0.0,0.0,1.0,0.0,0.0,0.0,0.0,0.0,0.0,1.0,0.0,0.0,0.0,0.0,0.0,1.0,0.0,1.0,0.0,0.0,0.0,0.0,0.0,1.0,0.0,0.0,1.0,0.0,0.0,0.0,0.0,1.0,1.0,1.0,0.0,0.0,0.0,0.0,0.0,1.0,0.0,0.0,0.0,0.0,0.0,0.0,0.0,0.0,1.0,1.0,1.0,0.0,0.0,0.0,0.0,0.0,0.0,1.0,0.0,0.0,0.0,0.0,1.0,1.0,0.0,0.0,0.0,0.0,1.0,0.0,0.0,0.0,0.0,0.0,1.0,0.0,0.4,0.43999999999999995,0.4,0.4,0.43999999999999995,0.43999999999999995,0.43999999999999995,0.4,0.4,0.43999999999999995,0.43999999999999995,0.43999999999999995,0.4,0.4,0.43999999999999995,0.52,0.43999999999999995,0.36,0.36,0.43999999999999995,0.52,0.52,0.36,0.36,0.4,0.52,0.88,0.36,0.36,0.36,1.0,0.8,0.36,0.36,0.36,0.84,0.4,0.43999999999999995,0.4,0.4,0.43999999999999995,0.43999999999999995,0.43999999999999995,0.4,0.4,0.43999999999999995,0.43999999999999995,0.43999999999999995,0.4,0.4,0.43999999999999995,0.52,0.43999999999999995,0.36,0.36,0.43999999999999995,0.52,0.52,0.36,0.36,0.4,0.52,0.88,0.36,0.36,0.36,1.0,0.8,0.36,0.36,0.36,0.84
913,0.0,1.0,1.0,0.0,0.0,0.0,1.0,0.0,0.0,0.0,0.0,0.0,0.0,0.0,1.0,0.0,0.0,0.0,0.0,0.0,0.0,0.0,0.0,0.0,1.0,0.0,1.0,0.0,0.0,0.0,0.0,0.0,0.0,0.0,1.0,0.0,1.0,0.0,0.0,0.0,0.0,0.0,1.0,1.0,0.0,0.0,0.0,0.0,1.0,1.0,1.0,0.0,0.0,0.0,0.0,0.0,0.0,0.0,0.0,0.0,1.0,0.0,0.0,1.0,1.0,0.0,0.0,1.0,0.0,1.0,0.0,0.0,1.0,0.0,0.0,0.0,0.0,0.0,0.0,1.0,0.0,1.0,0.0,0.0,0.0,1.0,0.0,0.0,0.0,1.0,0.0,1.0,0.0,0.0,0.0,0.0,0.0,1.0,1.0,0.0,0.0,0.0,0.0,0.0,0.8,0.76,0.72,0.88,1.0,0.84,0.6799999999999999,0.6799999999999999,0.88,1.0,0.76,0.64,0.64,0.76,0.92,0.72,0.6,0.6,0.72,0.96,0.6799999999999999,0.56,0.56,0.6799999999999999,0.72,0.64,0.56,0.52,0.64,0.6799999999999999,0.6,0.52,0.52,0.6,0.64,0.56,0.8,0.76,0.72,0.88,1.0,0.84,0.6799999999999999,0.6799999999999999,0.88,1.0,0.76,0.64,0.64,0.76,0.92,0.72,0.6,0.6,0.72,0.96,0.6799999999999999,0.56,0.56,0.6799999999999999,0.72,0.64,0.56,0.52,0.64,0.6799999999999999,0.6,0.52,0.52,0.6,0.64,0.56
914,1.0,1.0,0.0,0.0,0.0,1.0,0.0,0.0,0.0,0.0,1.0,0.0,0.0,1.0,0.0,0.0,1.0,0.0,0.0,0.0,0.0,0.0,1.0,0.0,0.0,0.0,0.0,1.0,0.0,0.0,1.0,0.0,0.0,0.0,0.0,0.0,0.0,0.0,0.0,0.0,0.0,1.0,1.0,0.0,1.0,0.0,1.0,0.0,0.0,0.0,0.0,0.0,0.0,0.0,1.0,1.0,0.0,0.0,1.0,1.0,0.0,0.0,0.0,0.0,1.0,0.0,0.0,0.0,0.0,0.0,1.0,0.0,0.0,0.0,0.0,0.0,0.0,1.0,0.0,0.0,1.0,1.0,0.0,0.0,1.0,1.0,0.0,0.0,0.0,0.0,0.0,1.0,0.0,0.0,0.0,0.0,0.0,0.0,0.0,0.0,0.0,0.0,1.0,0.0,0.92,1.0,0.6799999999999999,0.6799999999999999,0.72,0.6799999999999999,0.88,0.64,0.64,0.6799999999999999,0.64,0.8,0.6,0.6,0.64,0.6,0.76,0.6,0.6,0.6,0.6,0.72,0.56,0.56,0.56,0.56,0.6799999999999999,0.52,0.52,0.52,0.52,0.64,0.52,0.52,0.52,0.52,0.92,1.0,0.6799999999999999,0.6799999999999999,0.72,0.6799999999999999,0.88,0.64,0.64,0.6799999999999999,0.64,0.8,0.6,0.6,0.64,0.6,0.76,0.6,0.6,0.6,0.6,0.72,0.56,0.56,0.56,0.56,0.6799999999999999,0.52,0.52,0.52,0.52,0.64,0.52,0.52,0.52,0.52
915,0.0,1.0,0.0,0.0,1.0,0.0,0.0,1.0,0.0,0.0,1.0,0.0,0.0,1.0,1.0,0.0,0.0,0.0,0.0,0.0,0.0,1.0,0.0,0.0,0.0,0.0,0.0,0.0,1.0,1.0,0.0,1.0,0.0,0.0,0.0,0.0,0.0,0.0,0.0,0.0,0.0,0.0,0.0,1.0,0.0,0.0,0.0,1.0,0.0,1.0,0.0,0.0,0.0,0.0,0.0,0.0,0.0,0.0,0.0,0.0,0.0,0.0,0.0,0.0,0.0,0.0,0.0,0.0,1.0,0.0,0.0,0.0,0.0,0.0,1.0,1.0,0.0,0.0,1.0,0.0,0.0,0.0,0.0,0.0,1.0,1.0,1.0,0.0,0.0,1.0,1.0,0.0,1.0,1.0,0.0,0.0,1.0,1.0,0.0,0.0,0.0,0.0,0.0,0.0,0.92,0.6799999999999999,0.72,1.0,0.8,0.8,0.64,0.6799999999999999,0.92,0.76,0.76,0.6,0.64,0.8,0.6799999999999999,0.72,0.56,0.6,0.76,0.64,0.6799999999999999,0.52,0.56,0.72,0.6,0.64,0.52,0.56,0.6799999999999999,0.6,0.6,0.48,0.52,0.64,0.56,0.56,0.92,0.6799999999999999,0.72,1.0,0.8,0.8,0.64,0.6799999999999999,0.92,0.76,0.76,0.6,0.64,0.8,0.6799999999999999,0.72,0.56,0.6,0.76,0.64,0.6799999999999999,0.52,0.56,0.72,0.6,0.64,0.52,0.56,0.6799999999999999,0.6,0.6,0.48,0.52,0.64,0.56,0.56
916,0.0,0.0,1.0,1.0,1.0,0.0,0.0,1.0,0.0,0.0,0.0,1.0,0.0,0.0,0.0,0.0,1.0,0.0,1.0,0.0,0.0,1.0,0.0,0.0,0.0,0.0,0.0,0.0,0.0,1.0,0.0,0.0,0.0,0.0,0.0,0.0,0.0,0.0,0.0,0.0,1.0,0.0,0.0,1.0,0.0,0.0,1.0,0.0,0.0,0.0,1.0,0.0,0.0,1.0,0.0,0.0,0.0,0.0,1.0,0.0,1.0,0.0,1.0,0.0,0.0,1.0,0.0,0.0,0.0,0.0,0.0,1.0,0.0,0.0,0.0,0.0,0.0,1.0,0.0,0.0,0.0,0.0,1.0,0.0,0.0,0.0,1.0,0.0,1.0,1.0,0.0,0.0,0.0,0.0,0.0,0.0,0.0,1.0,0.0,1.0,0.0,0.0,0.0,0.0,0.88,1.0,0.76,0.76,0.76,0.8,0.92,0.72,0.6799999999999999,0.72,0.76,0.8,0.6799999999999999,0.64,0.6799999999999999,0.72,0.76,0.64,0.6,0.64,0.6799999999999999,0.72,0.6,0.6,0.6,0.64,0.6799999999999999,0.56,0.56,0.56,0.6,0.64,0.52,0.52,0.56,0.56,0.88,1.0,0.76,0.76,0.76,0.8,0.92,0.72,0.6799999999999999,0.72,0.76,0.8,0.6799999999999999,0.64,0.6799999999999999,0.72,0.76,0.64,0.6,0.64,0.6799999999999999,0.72,0.6,0.6,0.6,0.64,0.6799999999999999,0.56,0.56,0.56,0.6,0.64,0.52,0.52,0.56,0.56
917,0.0,0.0,0.0,0.0,0.0,0.0,0.0,1.0,1.0,0.0,0.0,1.0,0.0,0.0,0.0,0.0,0.0,1.0,0.0,1.0,0.0,1.0,0.0,0.0,0.0,1.0,0.0,0.0,0.0,0.0,0.0,0.0,0.0,0.0,0.0,1.0,1.0,1.0,0.0,0.0,1.0,0.0,0.0,0.0,0.0,0.0,1.0,0.0,0.0,0.0,0.0,1.0,1.0,0.0,0.0,0.0,0.0,0.0,1.0,0.0,0.0,1.0,1.0,0.0,0.0,1.0,1.0,0.0,0.0,0.0,0.0,0.0,0.0,0.0,0.0,0.0,0.0,0.0,1.0,0.0,1.0,1.0,0.0,1.0,0.0,0.0,1.0,0.0,0.0,0.0,0.0,0.0,0.0,0.0,0.0,0.0,0.0,0.0,0.0,1.0,1.0,0.0,0.0,0.0,0.84,0.92,0.76,1.0,0.72,0.88,0.84,0.72,1.0,0.6799999999999999,0.8,0.76,0.6799999999999999,0.84,0.64,0.72,0.72,0.64,0.76,0.6,0.6799999999999999,0.6799999999999999,0.6,0.72,0.56,0.64,0.64,0.56,0.6799999999999999,0.56,0.6,0.6,0.52,0.64,0.52,0.56,0.84,0.92,0.76,1.0,0.72,0.88,0.84,0.72,1.0,0.6799999999999999,0.8,0.76,0.6799999999999999,0.84,0.64,0.72,0.72,0.64,0.76,0.6,0.6799999999999999,0.6799999999999999,0.6,0.72,0.56,0.64,0.64,0.56,0.6799999999999999,0.56,0.6,0.6,0.52,0.64,0.52,0.56
918,1.0,0.0,1.0,0.0,0.0,0.0,1.0,0.0,0.0,0.0,0.0,0.0,0.0,0.0,0.0,0.0,0.0,0.0,0.0,0.0,0.0,0.0,0.0,1.0,0.0,0.0,1.0,0.0,0.0,0.0,1.0,0.0,0.0,1.0,0.0,1.0,0.0,0.0,1.0,0.0,0.0,1.0,1.0,0.0,0.0,0.0,0.0,0.0,1.0,0.0,0.0,1.0,0.0,1.0,0.0,1.0,0.0,0.0,0.0,0.0,0.0,1.0,1.0,1.0,0.0,1.0,0.0,0.0,0.0,0.0,0.0,1.0,0.0,0.0,1.0,0.0,0.0,0.0,0.0,0.0,0.0,0.0,0.0,1.0,1.0,0.0,0.0,0.0,1.0,0.0,0.0,1.0,1.0,0.0,0.0,0.0,0.0,0.0,0.0,0.0,0.0,0.0,0.0,0.0,0.8,0.92,0.6799999999999999,1.0,0.76,0.8,0.92,0.64,1.0,0.72,0.72,0.92,0.6,1.0,0.6799999999999999,0.6799999999999999,0.84,0.56,0.84,0.64,0.64,0.72,0.52,0.72,0.6,0.6,0.6799999999999999,0.52,0.6799999999999999,0.56,0.56,0.64,0.48,0.64,0.52,0.56,0.8,0.92,0.6799999999999999,1.0,0.76,0.8,0.92,0.64,1.0,0.72,0.72,0.92,0.6,1.0,0.6799999999999999,0.6799999999999999,0.84,0.56,0.84,0.64,0.64,0.72,0.52,0.72,0.6,0.6,0.6799999999999999,0.52,0.6799999999999999,0.56,0.56,0.64,0.48,0.64,0.52,0.56
919,0.0,1.0,1.0,0.0,0.0,1.0,1.0,0.0,0.0,0.0,0.0,0.0,0.0,0.0,1.0,0.0,0.0,1.0,0.0,0.0,0.0,0.0,0.0,0.0,1.0,1.0,0.0,1.0,0.0,0.0,0.0,0.0,0.0,0.0,0.0,0.0,1.0,0.0,0.0,0.0,1.0,0.0,0.0,0.0,0.0,0.0,1.0,0.0,0.0,0.0,1.0,0.0,1.0,0.0,0.0,1.0,0.0,0.0,0.0,0.0,0.0,0.0,1.0,0.0,0.0,1.0,0.0,0.0,0.0,0.0,0.0,1.0,0.0,0.0,0.0,0.0,0.0,0.0,1.0,0.0,1.0,1.0,0.0,1.0,0.0,1.0,0.0,1.0,0.0,1.0,0.0,0.0,0.0,0.0,1.0,0.0,0.0,0.0,0.0,0.0,0.0,0.0,0.0,0.0,0.84,0.72,0.6799999999999999,1.0,0.64,0.72,0.6799999999999999,0.64,1.0,0.6,0.6799999999999999,0.64,0.6,0.8,0.6,0.64,0.6,0.56,0.76,0.56,0.6,0.56,0.52,0.72,0.52,0.56,0.52,0.52,0.6799999999999999,0.52,0.52,0.52,0.48,0.64,0.48,0.52,0.84,0.72,0.6799999999999999,1.0,0.64,0.72,0.6799999999999999,0.64,1.0,0.6,0.6799999999999999,0.64,0.6,0.8,0.6,0.64,0.6,0.56,0.76,0.56,0.6,0.56,0.52,0.72,0.52,0.56,0.52,0.52,0.6799999999999999,0.52,0.52,0.52,0.48,0.64,0.48,0.52
920,1.0,0.0,0.0,0.0,1.0,0.0,1.0,0.0,0.0,0.0,0.0,0.0,0.0,1.0,0.0,0.0,0.0,0.0,1.0,0.0,0.0,1.0,0.0,0.0,1.0,0.0,0.0,0.0,0.0,0.0,0.0,0.0,0.0,0.0,0.0,0.0,1.0,1.0,1.0,1.0,0.0,0.0,0.0,1.0,0.0,0.0,0.0,0.0,0.0,0.0,1.0,0.0,0.0,0.0,0.0,0.0,0.0,0.0,0.0,0.0,0.0,1.0,1.0,1.0,1.0,0.0,0.0,0.0,0.0,1.0,0.0,0.0,1.0,0.0,0.0,0.0,0.0,0.0,0.0,0.0,1.0,1.0,1.0,0.0,0.0,1.0,0.0,0.0,0.0,0.0,0.0,0.0,0.0,1.0,1.0,0.0,0.0,0.0,0.0,0.0,0.0,0.0,0.0,1.0,0.56,0.6799999999999999,0.64,0.6799999999999999,0.64,0.72,0.6799999999999999,0.64,0.6799999999999999,0.64,0.72,0.6799999999999999,0.64,0.6799999999999999,0.6,1.0,0.6799999999999999,0.56,0.96,0.52,1.0,0.72,0.52,0.6799999999999999,0.52,0.76,0.52,0.52,0.52,0.48,0.52,0.52,0.48,0.52,0.48,0.52,0.56,0.6799999999999999,0.64,0.6799999999999999,0.64,0.72,0.6799999999999999,0.64,0.6799999999999999,0.64,0.72,0.6799999999999999,0.64,0.6799999999999999,0.6,1.0,0.6799999999999999,0.56,0.96,0.52,1.0,0.72,0.52,0.6799999999999999,0.52,0.76,0.52,0.52,0.52,0.48,0.52,0.52,0.48,0.52,0.48,0.52
921,0.0,0.0,0.0,0.0,1.0,1.0,1.0,0.0,0.0,0.0,0.0,0.0,0.0,0.0,0.0,0.0,1.0,1.0,0.0,0.0,0.0,0.0,1.0,0.0,1.0,1.0,0.0,0.0,0.0,1.0,0.0,0.0,0.0,0.0,0.0,0.0,0.0,0.0,0.0,1.0,0.0,0.0,0.0,0.0,0.0,1.0,0.0,0.0,0.0,1.0,0.0,1.0,0.0,0.0,0.0,0.0,0.0,0.0,0.0,1.0,1.0,0.0,0.0,0.0,0.0,0.0,0.0,0.0,0.0,0.0,1.0,0.0,0.0,0.0,0.0,1.0,0.0,0.0,1.0,1.0,0.0,0.0,0.0,0.0,0.0,1.0,0.0,0.0,1.0,1.0,1.0,0.0,0.0,0.0,0.0,1.0,1.0,0.0,0.0,0.0,1.0,0.0,0.0,0.0,0.56,0.6,0.6799999999999999,0.72,0.6799999999999999,0.64,0.6,0.6799999999999999,0.72,0.6799999999999999,0.64,0.52,0.6799999999999999,0.72,0.6799999999999999,0.64,0.52,0.64,1.0,0.76,0.52,0.48,0.64,0.84,0.52,0.52,0.48,0.52,0.52,0.52,0.48,0.48,0.52,0.52,0.48,0.48,0.56,0.6,0.6799999999999999,0.72,0.6799999999999999,0.64,0.6,0.6799999999999999,0.72,0.6799999999999999,0.64,0.52,0.6799999999999999,0.72,0.6799999999999999,0.64,0.52,0.64,1.0,0.76,0.52,0.48,0.64,0.84,0.52,0.52,0.48,0.52,0.52,0.52,0.48,0.48,0.52,0.52,0.48,0.48
922,0.0,0.0,0.0,1.0,0.0,0.0,0.0,0.0,0.0,0.0,1.0,1.0,0.0,1.0,0.0,1.0,1.0,0.0,0.0,0.0,0.0,1.0,0.0,1.0,0.0,0.0,0.0,0.0,0.0,0.0,0.0,0.0,0.0,0.0,0.0,1.0,1.0,0.0,0.0,0.0,0.0,0.0,1.0,0.0,0.0,1.0,0.0,1.0,0.0,0.0,0.0,0.0,0.0,0.0,0.0,0.0,0.0,0.0,0.0,0.0,0.0,1.0,0.0,0.0,0.0,0.0,0.0,0.0,0.0,0.0,0.0,0.0,1.0,0.0,1.0,0.0,0.0,1.0,0.0,1.0,0.0,1.0,0.0,0.0,1.0,0.0,0.0,0.0,0.0,0.0,1.0,1.0,1.0,0.0,0.0,0.0,0.0,0.0,1.0,0.0,1.0,0.0,1.0,0.0,0.8,0.76,0.92,0.88,1.0,0.96,0.72,0.88,0.8,0.92,0.92,0.6799999999999999,0.88,0.72,0.88,0.96,0.64,0.8,0.6799999999999999,0.92,0.84,0.6,0.72,0.64,0.72,0.6799999999999999,0.56,0.6799999999999999,0.6,0.6799999999999999,0.64,0.52,0.64,0.56,0.64,0.6,0.8,0.76,0.92,0.88,1.0,0.96,0.72,0.88,0.8,0.92,0.92,0.6799999999999999,0.88,0.72,0.88,0.96,0.64,0.8,0.6799999999999999,0.92,0.84,0.6,0.72,0.64,0.72,0.6799999999999999,0.56,0.6799999999999999,0.6,0.6799999999999999,0.64,0.52,0.64,0.56,0.64,0.6
923,0.0,0.0,0.0,0.0,0.0,1.0,0.0,0.0,0.0,1.0,1.0,0.0,0.0,0.0,0.0,1.0,0.0,0.0,0.0,0.0,0.0,0.0,1.0,1.0,0.0,0.0,0.0,0.0,0.0,0.0,0.0,0.0,0.0,0.0,0.0,1.0,0.0,0.0,0.0,1.0,0.0,1.0,0.0,1.0,0.0,1.0,0.0,0.0,0.0,1.0,0.0,1.0,0.0,0.0,1.0,0.0,0.0,0.0,1.0,0.0,0.0,0.0,0.0,0.0,0.0,1.0,1.0,0.0,0.0,0.0,0.0,1.0,1.0,0.0,0.0,0.0,0.0,1.0,0.0,0.0,0.0,1.0,1.0,1.0,0.0,1.0,0.0,0.0,1.0,0.0,0.0,0.0,0.0,0.0,0.0,0.0,0.0,0.0,0.0,0.0,1.0,0.0,0.0,0.0,0.88,0.76,1.0,0.88,0.92,0.84,0.72,0.92,0.8,0.84,0.76,0.6799999999999999,0.8,0.76,0.8,0.72,0.64,0.76,0.72,0.76,0.6799999999999999,0.6,0.72,0.6799999999999999,0.6799999999999999,0.64,0.56,0.6799999999999999,0.64,0.64,0.6,0.56,0.64,0.6,0.6,0.56,0.88,0.76,1.0,0.88,0.92,0.84,0.72,0.92,0.8,0.84,0.76,0.6799999999999999,0.8,0.76,0.8,0.72,0.64,0.76,0.72,0.76,0.6799999999999999,0.6,0.72,0.6799999999999999,0.6799999999999999,0.64,0.56,0.6799999999999999,0.64,0.64,0.6,0.56,0.64,0.6,0.6,0.56
924,0.0,0.0,0.0,0.0,0.0,0.0,0.0,1.0,1.0,0.0,0.0,0.0,0.0,0.0,1.0,0.0,0.0,1.0,0.0,0.0,0.0,0.0,0.0,1.0,1.0,0.0,0.0,1.0,1.0,0.0,1.0,1.0,0.0,0.0,1.0,0.0,1.0,0.0,0.0,0.0,0.0,0.0,0.0,0.0,0.0,0.0,0.0,0.0,1.0,0.0,0.0,0.0,1.0,0.0,1.0,0.0,0.0,0.0,1.0,0.0,0.0,0.0,1.0,0.0,0.0,1.0,0.0,1.0,1.0,0.0,0.0,1.0,0.0,0.0,0.0,0.0,0.0,0.0,1.0,0.0,0.0,0.0,0.0,0.0,1.0,0.0,0.0,0.0,0.0,0.0,1.0,0.0,0.0,0.0,1.0,0.0,0.0,0.0,0.0,0.0,0.0,0.0,0.0,1.0,0.84,0.72,0.92,1.0,0.64,0.6799999999999999,0.6799999999999999,0.88,1.0,0.6,0.64,0.64,0.76,0.84,0.56,0.6,0.6,0.72,0.76,0.56,0.6,0.56,0.6799999999999999,0.72,0.52,0.56,0.56,0.64,0.6799999999999999,0.52,0.52,0.52,0.6,0.64,0.48,0.52,0.84,0.72,0.92,1.0,0.64,0.6799999999999999,0.6799999999999999,0.88,1.0,0.6,0.64,0.64,0.76,0.84,0.56,0.6,0.6,0.72,0.76,0.56,0.6,0.56,0.6799999999999999,0.72,0.52,0.56,0.56,0.64,0.6799999999999999,0.52,0.52,0.52,0.6,0.64,0.48,0.52
925,0.0,0.0,1.0,0.0,0.0,0.0,1.0,0.0,1.0,0.0,0.0,1.0,0.0,0.0,1.0,1.0,0.0,1.0,0.0,0.0,1.0,0.0,0.0,0.0,0.0,0.0,0.0,0.0,0.0,0.0,0.0,0.0,0.0,1.0,0.0,1.0,0.0,0.0,0.0,1.0,0.0,0.0,0.0,0.0,0.0,0.0,1.0,0.0,0.0,0.0,0.0,1.0,0.0,1.0,0.0,0.0,0.0,1.0,0.0,0.0,0.0,0.0,0.0,0.0,1.0,0.0,0.0,0.0,0.0,0.0,0.0,0.0,0.0,0.0,0.0,1.0,1.0,0.0,1.0,0.0,0.0,1.0,0.0,1.0,0.0,0.0,0.0,0.0,1.0,0.0,1.0,0.0,0.0,0.0,1.0,0.0,0.0,0.0,0.0,1.0,0.0,1.0,0.0,0.0,0.8,0.92,0.88,1.0,0.92,0.96,0.92,0.76,1.0,0.88,0.96,0.88,0.72,0.92,0.76,0.84,0.76,0.6799999999999999,0.76,0.72,0.72,0.72,0.64,0.72,0.6799999999999999,0.6799999999999999,0.6799999999999999,0.6,0.6799999999999999,0.64,0.64,0.64,0.56,0.64,0.6,0.6,0.8,0.92,0.88,1.0,0.92,0.96,0.92,0.76,1.0,0.88,0.96,0.88,0.72,0.92,0.76,0.84,0.76,0.6799999999999999,0.76,0.72,0.72,0.72,0.64,0.72,0.6799999999999999,0.6799999999999999,0.6799999999999999,0.6,0.6799999999999999,0.64,0.64,0.64,0.56,0.64,0.6,0.6
926,1.0,0.0,0.0,0.0,0.0,0.0,1.0,0.0,0.0,1.0,0.0,1.0,0.0,0.0,0.0,0.0,0.0,1.0,1.0,1.0,0.0,0.0,0.0,0.0,0.0,0.0,0.0,0.0,1.0,1.0,0.0,0.0,0.0,0.0,0.0,1.0,0.0,0.0,0.0,1.0,0.0,1.0,1.0,0.0,0.0,0.0,0.0,0.0,0.0,0.0,0.0,0.0,0.0,0.0,1.0,0.0,0.0,1.0,0.0,0.0,0.0,0.0,0.0,0.0,1.0,1.0,0.0,0.0,0.0,0.0,0.0,0.0,1.0,1.0,0.0,1.0,0.0,1.0,0.0,0.0,0.0,0.0,1.0,1.0,1.0,0.0,1.0,0.0,0.0,0.0,0.0,0.0,0.0,0.0,0.0,0.0,0.0,0.0,0.0,0.0,0.0,0.0,0.0,1.0,0.84,0.92,1.0,0.84,0.72,0.84,0.84,1.0,0.8,0.6799999999999999,0.84,0.76,0.88,0.72,0.64,0.8,0.72,0.76,0.6799999999999999,0.6,0.6799999999999999,0.6799999999999999,0.72,0.64,0.56,0.64,0.64,0.6799999999999999,0.6,0.52,0.6,0.6,0.64,0.56,0.52,0.56,0.84,0.92,1.0,0.84,0.72,0.84,0.84,1.0,0.8,0.6799999999999999,0.84,0.76,0.88,0.72,0.64,0.8,0.72,0.76,0.6799999999999999,0.6,0.6799999999999999,0.6799999999999999,0.72,0.64,0.56,0.64,0.64,0.6799999999999999,0.6,0.52,0.6,0.6,0.64,0.56,0.52,0.56
927,0.0,0.0,0.0,1.0,0.0,0.0,1.0,0.0,0.0,0.0,0.0,0.0,0.0,1.0,0.0,0.0,0.0,1.0,0.0,0.0,0.0,1.0,1.0,0.0,0.0,0.0,0.0,0.0,0.0,0.0,0.0,1.0,0.0,1.0,0.0,0.0,0.0,0.0,0.0,0.0,0.0,0.0,0.0,1.0,0.0,1.0,0.0,1.0,1.0,0.0,1.0,0.0,0.0,0.0,0.0,0.0,0.0,0.0,0.0,1.0,1.0,1.0,1.0,0.0,0.0,0.0,1.0,1.0,0.0,0.0,0.0,0.0,0.0,0.0,0.0,0.0,0.0,0.0,1.0,1.0,0.0,1.0,1.0,0.0,0.0,0.0,0.0,0.0,0.0,0.0,0.0,0.0,0.0,1.0,1.0,0.0,0.0,0.0,0.0,0.0,0.0,0.0,0.0,1.0,1.0,0.76,0.76,0.72,0.88,0.76,0.6799999999999999,0.6799999999999999,0.6799999999999999,0.8,0.72,0.64,0.64,0.64,0.76,0.6799999999999999,0.6,0.6,0.6,0.72,0.64,0.6,0.6,0.56,0.6799999999999999,0.6,0.56,0.56,0.56,0.64,0.56,0.52,0.52,0.52,0.6,0.56,1.0,0.76,0.76,0.72,0.88,0.76,0.6799999999999999,0.6799999999999999,0.6799999999999999,0.8,0.72,0.64,0.64,0.64,0.76,0.6799999999999999,0.6,0.6,0.6,0.72,0.64,0.6,0.6,0.56,0.6799999999999999,0.6,0.56,0.56,0.56,0.64,0.56,0.52,0.52,0.52,0.6,0.56
928,0.0,0.0,0.0,1.0,0.0,0.0,0.0,1.0,0.0,0.0,1.0,0.0,0.0,0.0,0.0,0.0,0.0,1.0,0.0,1.0,0.0,1.0,1.0,0.0,1.0,1.0,0.0,0.0,0.0,0.0,0.0,0.0,0.0,0.0,0.0,0.0,0.0,0.0,1.0,0.0,0.0,0.0,1.0,0.0,0.0,1.0,0.0,0.0,0.0,1.0,0.0,0.0,0.0,0.0,0.0,0.0,0.0,0.0,0.0,0.0,1.0,0.0,0.0,1.0,0.0,0.0,1.0,1.0,0.0,0.0,0.0,0.0,0.0,0.0,0.0,0.0,0.0,0.0,0.0,0.0,1.0,0.0,1.0,1.0,0.0,0.0,0.0,1.0,0.0,0.0,0.0,1.0,1.0,1.0,0.0,1.0,0.0,0.0,0.0,1.0,0.0,0.0,0.0,0.0,0.84,0.72,1.0,0.76,0.96,0.8,0.6799999999999999,1.0,0.6799999999999999,0.92,0.76,0.64,0.88,0.64,0.84,0.6799999999999999,0.6,0.76,0.6,0.76,0.64,0.56,0.72,0.6,0.72,0.6,0.56,0.6799999999999999,0.56,0.6799999999999999,0.6,0.52,0.64,0.52,0.64,0.56,0.84,0.72,1.0,0.76,0.96,0.8,0.6799999999999999,1.0,0.6799999999999999,0.92,0.76,0.64,0.88,0.64,0.84,0.6799999999999999,0.6,0.76,0.6,0.76,0.64,0.56,0.72,0.6,0.72,0.6,0.56,0.6799999999999999,0.56,0.6799999999999999,0.6,0.52,0.64,0.52,0.64,0.56
929,0.0,0.0,0.0,0.0,0.0,0.0,0.0,0.0,0.0,0.0,0.0,1.0,0.0,1.0,0.0,0.0,0.0,0.0,0.0,0.0,0.0,0.0,0.0,0.0,0.0,0.0,1.0,0.0,0.0,0.0,0.0,0.0,1.0,0.0,1.0,1.0,0.0,0.0,1.0,1.0,1.0,0.0,0.0,1.0,0.0,1.0,0.0,1.0,0.0,0.0,0.0,1.0,1.0,0.0,0.0,1.0,0.0,1.0,1.0,0.0,0.0,0.0,0.0,0.0,1.0,0.0,1.0,0.0,0.0,1.0,0.0,1.0,1.0,0.0,0.0,1.0,0.0,0.0,0.0,0.0,0.0,0.0,1.0,1.0,0.0,0.0,0.0,0.0,0.0,0.0,0.0,0.0,0.0,1.0,0.0,0.0,0.0,0.0,0.0,0.0,0.0,0.0,0.0,0.0,0.84,0.8,0.84,1.0,0.92,0.76,0.76,0.76,0.88,0.8,0.6799999999999999,0.6799999999999999,0.72,0.8,0.76,0.64,0.64,0.6799999999999999,0.76,0.72,0.6,0.6,0.64,0.6799999999999999,0.6799999999999999,0.6,0.6,0.6,0.64,0.64,0.56,0.56,0.56,0.6,0.6,0.52,0.84,0.8,0.84,1.0,0.92,0.76,0.76,0.76,0.88,0.8,0.6799999999999999,0.6799999999999999,0.72,0.8,0.76,0.64,0.64,0.6799999999999999,0.76,0.72,0.6,0.6,0.64,0.6799999999999999,0.6799999999999999,0.6,0.6,0.6,0.64,0.64,0.56,0.56,0.56,0.6,0.6,0.52
930,0.0,0.0,0.0,0.0,0.0,0.0,1.0,0.0,1.0,0.0,0.0,0.0,1.0,0.0,0.0,0.0,0.0,1.0,0.0,0.0,1.0,0.0,0.0,0.0,0.0,0.0,0.0,0.0,0.0,0.0,0.0,0.0,1.0,0.0,1.0,0.0,0.0,0.0,0.0,0.0,0.0,0.0,0.0,1.0,1.0,0.0,1.0,1.0,1.0,1.0,0.0,0.0,0.0,0.0,0.0,1.0,1.0,0.0,0.0,0.0,0.0,0.0,0.0,1.0,0.0,1.0,0.0,0.0,0.0,0.0,0.0,0.0,0.0,0.0,0.0,1.0,1.0,1.0,0.0,0.0,0.0,0.0,1.0,0.0,0.0,1.0,0.0,0.0,0.0,1.0,0.0,0.0,0.0,1.0,1.0,0.0,0.0,1.0,0.0,0.0,0.0,0.0,0.0,0.0,0.72,0.72,0.76,0.6799999999999999,0.88,0.76,0.64,0.6799999999999999,0.64,0.88,0.6799999999999999,0.6,0.64,0.6,0.88,0.64,0.56,0.6,0.56,1.0,0.6,0.56,0.56,0.52,0.6799999999999999,0.56,0.52,0.52,0.52,0.64,0.52,0.52,0.52,0.48,0.6,0.52,0.72,0.72,0.76,0.6799999999999999,0.88,0.76,0.64,0.6799999999999999,0.64,0.88,0.6799999999999999,0.6,0.64,0.6,0.88,0.64,0.56,0.6,0.56,1.0,0.6,0.56,0.56,0.52,0.6799999999999999,0.56,0.52,0.52,0.52,0.64,0.52,0.52,0.52,0.48,0.6,0.52
931,0.0,0.0,1.0,0.0,0.0,1.0,0.0,0.0,1.0,1.0,0.0,0.0,0.0,0.0,0.0,0.0,0.0,0.0,1.0,0.0,0.0,0.0,0.0,0.0,1.0,0.0,0.0,0.0,0.0,0.0,0.0,0.0,1.0,0.0,0.0,0.0,0.0,1.0,0.0,1.0,0.0,0.0,1.0,0.0,0.0,1.0,1.0,0.0,0.0,1.0,0.0,0.0,1.0,0.0,0.0,1.0,1.0,0.0,0.0,0.0,0.0,0.0,0.0,0.0,1.0,0.0,0.0,0.0,0.0,0.0,0.0,0.0,0.0,0.0,1.0,1.0,0.0,1.0,0.0,0.0,0.0,0.0,0.0,1.0,0.0,0.0,0.0,1.0,1.0,0.0,1.0,0.0,0.0,0.0,0.0,1.0,1.0,0.0,0.0,0.0,0.0,0.0,0.0,0.0,0.64,0.76,0.72,0.76,0.8,0.8,0.76,0.72,0.76,0.8,0.8,0.76,0.6,0.72,0.8,1.0,0.64,0.56,0.6799999999999999,0.76,0.76,0.6,0.56,0.56,0.6,0.6,0.56,0.52,0.56,0.56,0.56,0.52,0.52,0.52,0.52,0.52,0.64,0.76,0.72,0.76,0.8,0.8,0.76,0.72,0.76,0.8,0.8,0.76,0.6,0.72,0.8,1.0,0.64,0.56,0.6799999999999999,0.76,0.76,0.6,0.56,0.56,0.6,0.6,0.56,0.52,0.56,0.56,0.56,0.52,0.52,0.52,0.52,0.52
932,0.0,1.0,0.0,1.0,0.0,0.0,0.0,1.0,0.0,1.0,1.0,1.0,0.0,0.0,0.0,0.0,0.0,0.0,0.0,0.0,1.0,0.0,0.0,0.0,0.0,0.0,0.0,0.0,0.0,0.0,0.0,0.0,1.0,0.0,0.0,1.0,0.0,0.0,0.0,0.0,1.0,0.0,1.0,0.0,0.0,1.0,1.0,0.0,0.0,0.0,0.0,0.0,1.0,0.0,0.0,0.0,0.0,1.0,1.0,0.0,0.0,0.0,0.0,0.0,0.0,0.0,0.0,0.0,0.0,0.0,0.0,1.0,0.0,0.0,1.0,0.0,1.0,1.0,0.0,1.0,0.0,0.0,0.0,0.0,0.0,1.0,1.0,0.0,0.0,0.0,0.0,1.0,0.0,0.0,0.0,1.0,0.0,0.0,0.0,1.0,0.0,0.0,0.0,0.0,0.92,1.0,0.72,0.6799999999999999,0.76,0.76,0.84,0.6799999999999999,0.64,0.72,0.72,0.8,0.64,0.6,0.6799999999999999,0.6799999999999999,0.76,0.6,0.6,0.64,0.64,0.72,0.56,0.56,0.6,0.6,0.6799999999999999,0.56,0.52,0.56,0.56,0.64,0.52,0.52,0.52,0.52,0.92,1.0,0.72,0.6799999999999999,0.76,0.76,0.84,0.6799999999999999,0.64,0.72,0.72,0.8,0.64,0.6,0.6799999999999999,0.6799999999999999,0.76,0.6,0.6,0.64,0.64,0.72,0.56,0.56,0.6,0.6,0.6799999999999999,0.56,0.52,0.56,0.56,0.64,0.52,0.52,0.52,0.52
933,0.0,0.0,1.0,0.0,1.0,1.0,1.0,0.0,1.0,0.0,0.0,0.0,1.0,1.0,0.0,0.0,0.0,1.0,0.0,1.0,0.0,0.0,0.0,0.0,0.0,0.0,1.0,0.0,0.0,0.0,0.0,0.0,1.0,0.0,0.0,0.0,0.0,0.0,0.0,0.0,1.0,1.0,0.0,0.0,0.0,0.0,0.0,0.0,0.0,0.0,0.0,0.0,0.0,0.0,0.0,1.0,0.0,0.0,0.0,0.0,0.0,1.0,0.0,1.0,0.0,0.0,0.0,0.0,0.0,0.0,1.0,0.0,0.0,0.0,1.0,0.0,0.0,1.0,0.0,0.0,1.0,0.0,0.0,0.0,0.0,0.0,0.0,0.0,0.0,0.0,1.0,0.0,0.0,0.0,0.0,0.0,1.0,0.0,1.0,0.0,0.0,1.0,1.0,1.0,0.4,0.43999999999999995,0.43999999999999995,0.4,0.48,0.48,0.43999999999999995,0.4,0.4,0.48,0.48,0.43999999999999995,0.4,0.36,0.43999999999999995,0.52,0.43999999999999995,0.4,0.36,0.48,0.52,0.52,0.36,0.36,0.48,0.52,1.0,0.36,0.36,0.6,0.8,0.88,0.36,0.31999999999999995,0.84,0.88,0.4,0.43999999999999995,0.43999999999999995,0.4,0.48,0.48,0.43999999999999995,0.4,0.4,0.48,0.48,0.43999999999999995,0.4,0.36,0.43999999999999995,0.52,0.43999999999999995,0.4,0.36,0.48,0.52,0.52,0.36,0.36,0.48,0.52,1.0,0.36,0.36,0.6,0.8,0.88,0.36,0.31999999999999995,0.84,0.88
934,0.0,0.0,1.0,0.0,0.0,0.0,0.0,1.0,0.0,0.0,0.0,0.0,0.0,0.0,1.0,0.0,0.0,0.0,0.0,0.0,1.0,0.0,0.0,0.0,0.0,0.0,1.0,0.0,0.0,0.0,0.0,0.0,1.0,0.0,0.0,1.0,1.0,0.0,0.0,0.0,0.0,0.0,0.0,1.0,1.0,1.0,1.0,0.0,1.0,0.0,0.0,0.0,1.0,0.0,0.0,1.0,0.0,0.0,0.0,0.0,1.0,0.0,0.0,0.0,0.0,0.0,0.0,0.0,0.0,1.0,1.0,0.0,0.0,1.0,0.0,0.0,1.0,1.0,0.0,1.0,1.0,0.0,0.0,0.0,0.0,0.0,0.0,0.0,0.0,0.0,0.0,0.0,0.0,0.0,0.0,0.0,0.0,0.0,0.0,1.0,0.0,1.0,0.0,1.0,0.84,0.6799999999999999,0.8,0.76,1.0,0.72,0.64,0.76,0.72,0.92,0.6799999999999999,0.6,0.72,0.6799999999999999,0.8,0.64,0.56,0.6799999999999999,0.64,0.76,0.6,0.56,0.64,0.6,0.6799999999999999,0.56,0.52,0.6,0.56,0.64,0.56,0.52,0.56,0.52,0.6,0.52,0.84,0.6799999999999999,0.8,0.76,1.0,0.72,0.64,0.76,0.72,0.92,0.6799999999999999,0.6,0.72,0.6799999999999999,0.8,0.64,0.56,0.6799999999999999,0.64,0.76,0.6,0.56,0.64,0.6,0.6799999999999999,0.56,0.52,0.6,0.56,0.64,0.56,0.52,0.56,0.52,0.6,0.52
935,0.0,0.0,0.0,0.0,0.0,0.0,0.0,0.0,0.0,1.0,0.0,0.0,0.0,1.0,0.0,1.0,1.0,0.0,0.0,0.0,0.0,0.0,0.0,1.0,0.0,0.0,0.0,1.0,0.0,0.0,0.0,0.0,0.0,0.0,0.0,0.0,1.0,0.0,0.0,1.0,1.0,1.0,1.0,0.0,0.0,1.0,0.0,0.0,0.0,0.0,0.0,1.0,0.0,0.0,0.0,1.0,1.0,0.0,0.0,0.0,1.0,0.0,0.0,1.0,0.0,0.0,0.0,0.0,0.0,1.0,0.0,0.0,0.0,1.0,0.0,0.0,1.0,0.0,0.0,0.0,0.0,1.0,0.0,1.0,0.0,0.0,0.0,1.0,0.0,1.0,0.0,0.0,0.0,0.0,0.0,0.0,0.0,0.0,0.0,0.0,1.0,0.0,1.0,0.0,0.8,0.8,0.92,0.88,1.0,0.92,0.72,0.88,0.76,1.0,0.84,0.6799999999999999,0.84,0.72,0.92,0.76,0.64,0.72,0.6799999999999999,0.76,0.6799999999999999,0.6,0.6799999999999999,0.64,0.72,0.64,0.56,0.64,0.6,0.6799999999999999,0.6,0.56,0.6,0.56,0.64,0.6,0.8,0.8,0.92,0.88,1.0,0.92,0.72,0.88,0.76,1.0,0.84,0.6799999999999999,0.84,0.72,0.92,0.76,0.64,0.72,0.6799999999999999,0.76,0.6799999999999999,0.6,0.6799999999999999,0.64,0.72,0.64,0.56,0.64,0.6,0.6799999999999999,0.6,0.56,0.6,0.56,0.64,0.6
936,0.0,0.0,0.0,0.0,1.0,0.0,0.0,1.0,1.0,1.0,1.0,0.0,0.0,1.0,0.0,0.0,1.0,0.0,0.0,0.0,0.0,0.0,1.0,0.0,0.0,0.0,0.0,0.0,0.0,0.0,0.0,0.0,0.0,0.0,1.0,1.0,0.0,0.0,1.0,0.0,0.0,1.0,0.0,0.0,0.0,0.0,0.0,0.0,0.0,0.0,0.0,1.0,1.0,0.0,1.0,0.0,0.0,0.0,1.0,0.0,0.0,0.0,0.0,0.0,1.0,0.0,0.0,0.0,0.0,0.0,1.0,1.0,0.0,0.0,0.0,1.0,0.0,0.0,1.0,1.0,0.0,1.0,0.0,0.0,0.0,0.0,0.0,0.0,1.0,1.0,0.0,0.0,0.0,0.0,1.0,0.0,0.0,0.0,0.0,0.0,0.0,0.0,0.0,0.0,0.72,0.84,0.6799999999999999,0.88,0.6,0.88,0.84,0.64,0.84,0.56,0.84,0.84,0.6,0.84,0.52,1.0,0.8,0.56,0.92,0.52,0.96,0.92,0.52,0.8,0.48,0.92,0.8,0.52,0.6,0.48,0.6,0.6,0.48,0.6,0.48,0.6,0.72,0.84,0.6799999999999999,0.88,0.6,0.88,0.84,0.64,0.84,0.56,0.84,0.84,0.6,0.84,0.52,1.0,0.8,0.56,0.92,0.52,0.96,0.92,0.52,0.8,0.48,0.92,0.8,0.52,0.6,0.48,0.6,0.6,0.48,0.6,0.48,0.6
937,0.0,0.0,0.0,1.0,0.0,1.0,0.0,0.0,0.0,0.0,0.0,0.0,0.0,0.0,0.0,0.0,0.0,1.0,0.0,0.0,1.0,0.0,0.0,1.0,0.0,0.0,0.0,0.0,1.0,1.0,1.0,0.0,0.0,1.0,1.0,0.0,0.0,0.0,0.0,1.0,0.0,1.0,0.0,0.0,0.0,0.0,0.0,0.0,1.0,0.0,0.0,0.0,0.0,0.0,1.0,0.0,1.0,0.0,0.0,1.0,0.0,1.0,1.0,1.0,0.0,1.0,0.0,0.0,0.0,0.0,0.0,0.0,0.0,0.0,0.0,0.0,0.0,0.0,0.0,1.0,0.0,0.0,0.0,1.0,0.0,0.0,0.0,0.0,0.0,0.0,0.0,0.0,0.0,0.0,0.0,0.0,1.0,0.0,0.0,1.0,0.0,1.0,1.0,0.0,0.88,1.0,0.6799999999999999,0.72,0.8,0.6799999999999999,0.88,0.64,0.6799999999999999,0.76,0.64,0.8,0.6,0.64,0.6799999999999999,0.6,0.76,0.56,0.6,0.64,0.56,0.72,0.52,0.56,0.6,0.52,0.6799999999999999,0.52,0.56,0.6,0.52,0.64,0.48,0.52,0.56,0.48,0.88,1.0,0.6799999999999999,0.72,0.8,0.6799999999999999,0.88,0.64,0.6799999999999999,0.76,0.64,0.8,0.6,0.64,0.6799999999999999,0.6,0.76,0.56,0.6,0.64,0.56,0.72,0.52,0.56,0.6,0.52,0.6799999999999999,0.52,0.56,0.6,0.52,0.64,0.48,0.52,0.56,0.48
938,0.0,0.0,0.0,0.0,0.0,1.0,1.0,1.0,1.0,0.0,0.0,1.0,0.0,0.0,1.0,0.0,0.0,0.0,0.0,0.0,0.0,0.0,0.0,0.0,0.0,0.0,0.0,1.0,0.0,0.0,1.0,0.0,0.0,1.0,0.0,0.0,1.0,0.0,1.0,0.0,0.0,0.0,0.0,0.0,0.0,0.0,0.0,1.0,0.0,0.0,1.0,0.0,1.0,1.0,0.0,1.0,0.0,0.0,0.0,0.0,0.0,0.0,1.0,0.0,0.0,1.0,0.0,0.0,0.0,0.0,1.0,0.0,0.0,0.0,1.0,1.0,1.0,0.0,0.0,0.0,0.0,0.0,0.0,0.0,0.0,0.0,0.0,0.0,0.0,0.0,0.0,1.0,0.0,1.0,0.0,0.0,0.0,0.0,0.0,0.0,0.0,1.0,0.0,1.0,0.56,0.6799999999999999,0.64,0.64,0.6799999999999999,0.72,0.6799999999999999,0.64,0.6,0.6799999999999999,0.72,0.6799999999999999,0.64,0.52,0.6799999999999999,1.0,0.6799999999999999,0.56,0.52,0.76,0.88,0.92,0.52,0.48,0.52,0.6,0.56,0.52,0.48,0.52,0.52,0.52,0.48,0.48,0.48,0.52,0.56,0.6799999999999999,0.64,0.64,0.6799999999999999,0.72,0.6799999999999999,0.64,0.6,0.6799999999999999,0.72,0.6799999999999999,0.64,0.52,0.6799999999999999,1.0,0.6799999999999999,0.56,0.52,0.76,0.88,0.92,0.52,0.48,0.52,0.6,0.56,0.52,0.48,0.52,0.52,0.52,0.48,0.48,0.48,0.52
939,1.0,0.0,0.0,0.0,0.0,0.0,0.0,0.0,0.0,0.0,0.0,0.0,0.0,0.0,0.0,1.0,0.0,1.0,0.0,0.0,0.0,0.0,1.0,0.0,1.0,0.0,0.0,0.0,0.0,0.0,0.0,0.0,1.0,0.0,1.0,0.0,1.0,0.0,1.0,1.0,1.0,1.0,1.0,0.0,0.0,0.0,0.0,0.0,0.0,0.0,0.0,0.0,0.0,0.0,0.0,1.0,0.0,1.0,1.0,1.0,1.0,0.0,0.0,0.0,1.0,1.0,1.0,0.0,0.0,0.0,0.0,0.0,0.0,0.0,0.0,0.0,0.0,0.0,0.0,0.0,0.0,0.0,0.0,0.0,0.0,0.0,0.0,0.0,0.0,1.0,0.0,0.0,0.0,0.0,0.0,1.0,0.0,1.0,0.0,0.0,0.0,1.0,1.0,0.0,0.8,0.88,0.88,0.84,1.0,0.88,0.84,0.84,0.8,1.0,0.8,0.72,0.8,0.72,1.0,0.8,0.6799999999999999,0.6799999999999999,0.6799999999999999,0.96,0.6799999999999999,0.64,0.64,0.64,0.92,0.64,0.6,0.6,0.6,0.6799999999999999,0.6,0.56,0.6,0.56,0.64,0.56,0.8,0.88,0.88,0.84,1.0,0.88,0.84,0.84,0.8,1.0,0.8,0.72,0.8,0.72,1.0,0.8,0.6799999999999999,0.6799999999999999,0.6799999999999999,0.96,0.6799999999999999,0.64,0.64,0.64,0.92,0.64,0.6,0.6,0.6,0.6799999999999999,0.6,0.56,0.6,0.56,0.64,0.56
940,1.0,0.0,0.0,0.0,1.0,1.0,1.0,0.0,0.0,0.0,0.0,0.0,0.0,0.0,0.0,0.0,0.0,0.0,0.0,0.0,1.0,0.0,0.0,0.0,1.0,0.0,1.0,1.0,1.0,0.0,0.0,1.0,0.0,1.0,0.0,0.0,0.0,0.0,0.0,0.0,0.0,1.0,0.0,0.0,0.0,0.0,1.0,0.0,0.0,0.0,0.0,0.0,0.0,0.0,0.0,1.0,0.0,0.0,0.0,1.0,1.0,1.0,0.0,0.0,0.0,1.0,0.0,0.0,1.0,1.0,1.0,0.0,0.0,0.0,0.0,0.0,0.0,0.0,0.0,0.0,0.0,0.0,0.0,0.0,0.0,0.0,1.0,0.0,0.0,0.0,0.0,1.0,0.0,0.0,0.0,0.0,1.0,1.0,0.0,0.0,0.0,1.0,0.0,0.0,1.0,0.76,0.6799999999999999,0.6799999999999999,0.6799999999999999,0.6799999999999999,0.6799999999999999,0.64,0.64,0.64,0.64,0.64,0.6,0.6,0.6,0.6,0.6,0.56,0.56,0.56,0.56,0.6,0.52,0.56,0.56,0.52,0.56,0.52,0.52,0.52,0.52,0.52,0.48,0.52,0.52,0.48,1.0,0.76,0.6799999999999999,0.6799999999999999,0.6799999999999999,0.6799999999999999,0.6799999999999999,0.64,0.64,0.64,0.64,0.64,0.6,0.6,0.6,0.6,0.6,0.56,0.56,0.56,0.56,0.6,0.52,0.56,0.56,0.52,0.56,0.52,0.52,0.52,0.52,0.52,0.48,0.52,0.52,0.48
941,0.0,0.0,0.0,0.0,1.0,0.0,1.0,0.0,1.0,0.0,1.0,0.0,0.0,0.0,0.0,0.0,1.0,0.0,1.0,1.0,0.0,0.0,0.0,0.0,0.0,0.0,0.0,0.0,0.0,1.0,1.0,0.0,0.0,1.0,0.0,0.0,0.0,0.0,0.0,0.0,1.0,0.0,0.0,1.0,0.0,0.0,1.0,0.0,0.0,0.0,0.0,0.0,0.0,0.0,1.0,0.0,0.0,0.0,0.0,0.0,0.0,0.0,0.0,0.0,1.0,0.0,1.0,1.0,0.0,1.0,0.0,0.0,0.0,0.0,0.0,0.0,0.0,0.0,1.0,0.0,1.0,0.0,0.0,0.0,0.0,0.0,0.0,0.0,1.0,0.0,1.0,0.0,0.0,1.0,0.0,0.0,0.0,1.0,0.0,1.0,1.0,0.0,0.0,0.0,1.0,0.8,0.76,0.76,0.8,0.76,0.76,0.6799999999999999,0.72,0.76,0.72,0.72,0.64,0.6799999999999999,0.72,0.6799999999999999,0.6799999999999999,0.6,0.64,0.6799999999999999,0.64,0.64,0.6,0.6,0.64,0.6,0.6,0.56,0.56,0.6,0.56,0.56,0.52,0.56,0.56,0.52,1.0,0.8,0.76,0.76,0.8,0.76,0.76,0.6799999999999999,0.72,0.76,0.72,0.72,0.64,0.6799999999999999,0.72,0.6799999999999999,0.6799999999999999,0.6,0.64,0.6799999999999999,0.64,0.64,0.6,0.6,0.64,0.6,0.6,0.56,0.56,0.6,0.56,0.56,0.52,0.56,0.56,0.52
942,0.0,0.0,0.0,1.0,1.0,1.0,0.0,0.0,0.0,0.0,1.0,0.0,1.0,0.0,1.0,0.0,0.0,0.0,0.0,0.0,1.0,1.0,0.0,1.0,0.0,0.0,0.0,0.0,0.0,0.0,0.0,0.0,0.0,0.0,1.0,1.0,0.0,0.0,0.0,0.0,0.0,0.0,0.0,0.0,0.0,0.0,0.0,1.0,0.0,1.0,0.0,0.0,0.0,0.0,0.0,0.0,0.0,0.0,1.0,1.0,0.0,1.0,0.0,1.0,0.0,0.0,0.0,0.0,0.0,1.0,0.0,0.0,0.0,0.0,1.0,0.0,0.0,0.0,1.0,1.0,0.0,0.0,0.0,1.0,0.0,0.0,0.0,0.0,1.0,0.0,0.0,0.0,0.0,0.0,1.0,1.0,0.0,1.0,0.0,0.0,0.0,0.0,0.0,0.0,0.88,1.0,0.76,0.72,0.6799999999999999,0.76,0.84,0.6799999999999999,0.6799999999999999,0.64,0.72,0.8,0.64,0.64,0.6,0.6799999999999999,0.76,0.6,0.6,0.56,0.64,0.6799999999999999,0.6,0.56,0.52,0.6,0.64,0.56,0.52,0.52,0.56,0.6,0.52,0.52,0.48,0.52,0.88,1.0,0.76,0.72,0.6799999999999999,0.76,0.84,0.6799999999999999,0.6799999999999999,0.64,0.72,0.8,0.64,0.64,0.6,0.6799999999999999,0.76,0.6,0.6,0.56,0.64,0.6799999999999999,0.6,0.56,0.52,0.6,0.64,0.56,0.52,0.52,0.56,0.6,0.52,0.52,0.48,0.52
943,0.0,0.0,0.0,0.0,0.0,0.0,1.0,1.0,1.0,0.0,0.0,0.0,1.0,1.0,0.0,0.0,0.0,0.0,0.0,0.0,0.0,1.0,0.0,0.0,0.0,0.0,0.0,0.0,0.0,0.0,0.0,0.0,0.0,1.0,0.0,0.0,0.0,1.0,0.0,1.0,0.0,1.0,1.0,0.0,1.0,0.0,1.0,0.0,0.0,0.0,0.0,0.0,0.0,0.0,1.0,0.0,1.0,1.0,0.0,0.0,0.0,1.0,1.0,1.0,0.0,0.0,0.0,0.0,0.0,1.0,0.0,0.0,1.0,0.0,0.0,1.0,0.0,1.0,0.0,0.0,0.0,0.0,0.0,0.0,0.0,0.0,0.0,0.0,1.0,0.0,0.0,0.0,1.0,0.0,0.0,0.0,0.0,0.0,0.0,0.0,1.0,0.0,0.0,0.0,0.84,0.96,0.8,0.64,0.88,1.0,0.96,0.76,0.6,0.84,0.92,0.96,0.6799999999999999,0.56,0.76,0.96,0.88,0.64,0.56,0.6799999999999999,0.76,0.76,0.6,0.52,0.64,0.6799999999999999,0.72,0.6,0.52,0.6,0.64,0.6799999999999999,0.56,0.48,0.6,0.6,0.84,0.96,0.8,0.64,0.88,1.0,0.96,0.76,0.6,0.84,0.92,0.96,0.6799999999999999,0.56,0.76,0.96,0.88,0.64,0.56,0.6799999999999999,0.76,0.76,0.6,0.52,0.64,0.6799999999999999,0.72,0.6,0.52,0.6,0.64,0.6799999999999999,0.56,0.48,0.6,0.6
944,0.0,0.0,0.0,0.0,0.0,0.0,0.0,1.0,1.0,1.0,1.0,0.0,0.0,0.0,1.0,1.0,1.0,0.0,1.0,0.0,0.0,1.0,0.0,1.0,0.0,0.0,0.0,0.0,0.0,0.0,1.0,1.0,0.0,0.0,0.0,0.0,0.0,0.0,1.0,0.0,0.0,0.0,0.0,0.0,0.0,0.0,0.0,0.0,0.0,0.0,0.0,0.0,1.0,1.0,0.0,1.0,1.0,1.0,0.0,0.0,0.0,0.0,0.0,0.0,0.0,0.0,0.0,0.0,0.0,0.0,0.0,1.0,1.0,0.0,0.0,0.0,0.0,1.0,0.0,0.0,1.0,0.0,0.0,0.0,0.0,0.0,0.0,0.0,0.0,0.0,0.0,0.0,1.0,0.0,0.0,1.0,0.0,1.0,0.0,0.0,1.0,0.0,0.0,0.0,0.84,0.96,1.0,0.6,0.6,0.64,0.88,1.0,0.6,0.6,0.6,0.88,0.92,0.56,0.56,0.56,0.76,0.8,0.52,0.52,0.52,0.72,0.76,0.52,0.52,0.52,0.6799999999999999,0.72,0.48,0.48,0.48,0.64,0.6799999999999999,0.48,0.48,0.48,0.84,0.96,1.0,0.6,0.6,0.64,0.88,1.0,0.6,0.6,0.6,0.88,0.92,0.56,0.56,0.56,0.76,0.8,0.52,0.52,0.52,0.72,0.76,0.52,0.52,0.52,0.6799999999999999,0.72,0.48,0.48,0.48,0.64,0.6799999999999999,0.48,0.48,0.48
945,1.0,1.0,1.0,0.0,0.0,1.0,0.0,0.0,0.0,0.0,1.0,0.0,0.0,0.0,0.0,0.0,1.0,0.0,0.0,0.0,0.0,0.0,1.0,0.0,0.0,0.0,0.0,0.0,0.0,0.0,0.0,1.0,1.0,0.0,0.0,1.0,1.0,0.0,0.0,0.0,0.0,0.0,0.0,1.0,0.0,0.0,0.0,0.0,0.0,1.0,0.0,0.0,0.0,0.0,0.0,1.0,0.0,0.0,1.0,0.0,0.0,0.0,0.0,0.0,0.0,0.0,0.0,0.0,0.0,1.0,0.0,0.0,1.0,1.0,0.0,0.0,1.0,0.0,1.0,0.0,0.0,0.0,0.0,0.0,0.0,0.0,0.0,0.0,0.0,0.0,0.0,0.0,1.0,1.0,1.0,0.0,0.0,0.0,0.0,1.0,1.0,0.0,1.0,0.0,0.88,0.76,0.76,0.6799999999999999,1.0,0.76,0.72,0.72,0.64,0.84,0.72,0.6799999999999999,0.6799999999999999,0.6,0.8,0.6799999999999999,0.64,0.64,0.6,0.76,0.64,0.6,0.6,0.56,0.6799999999999999,0.6,0.56,0.56,0.52,0.64,0.56,0.52,0.52,0.52,0.6,0.52,0.88,0.76,0.76,0.6799999999999999,1.0,0.76,0.72,0.72,0.64,0.84,0.72,0.6799999999999999,0.6799999999999999,0.6,0.8,0.6799999999999999,0.64,0.64,0.6,0.76,0.64,0.6,0.6,0.56,0.6799999999999999,0.6,0.56,0.56,0.52,0.64,0.56,0.52,0.52,0.52,0.6,0.52
946,0.0,1.0,1.0,1.0,0.0,0.0,0.0,0.0,1.0,1.0,0.0,0.0,0.0,0.0,1.0,0.0,0.0,0.0,0.0,0.0,0.0,1.0,0.0,0.0,0.0,0.0,0.0,0.0,0.0,0.0,0.0,0.0,0.0,0.0,0.0,0.0,1.0,0.0,1.0,1.0,0.0,0.0,0.0,0.0,0.0,1.0,0.0,1.0,0.0,1.0,0.0,0.0,0.0,0.0,0.0,0.0,0.0,1.0,0.0,0.0,0.0,0.0,0.0,1.0,0.0,0.0,0.0,1.0,1.0,1.0,0.0,0.0,1.0,0.0,1.0,1.0,0.0,1.0,0.0,0.0,0.0,1.0,1.0,0.0,0.0,1.0,0.0,0.0,0.0,0.0,0.0,0.0,0.0,0.0,0.0,0.0,0.0,0.0,1.0,0.0,0.0,0.0,0.0,0.0,0.84,0.84,1.0,0.72,0.72,0.92,0.8,1.0,0.6799999999999999,0.6799999999999999,0.92,0.72,0.92,0.64,0.64,0.84,0.6799999999999999,0.84,0.6,0.6,0.72,0.64,0.76,0.56,0.56,0.6799999999999999,0.6,0.72,0.52,0.56,0.64,0.56,0.6799999999999999,0.52,0.52,0.6,0.84,0.84,1.0,0.72,0.72,0.92,0.8,1.0,0.6799999999999999,0.6799999999999999,0.92,0.72,0.92,0.64,0.64,0.84,0.6799999999999999,0.84,0.6,0.6,0.72,0.64,0.76,0.56,0.56,0.6799999999999999,0.6,0.72,0.52,0.56,0.64,0.56,0.6799999999999999,0.52,0.52,0.6
947,0.0,0.0,0.0,0.0,0.0,0.0,0.0,1.0,0.0,1.0,0.0,0.0,0.0,1.0,0.0,0.0,0.0,0.0,0.0,0.0,0.0,1.0,1.0,0.0,0.0,0.0,0.0,1.0,0.0,0.0,1.0,0.0,0.0,0.0,0.0,1.0,0.0,1.0,0.0,0.0,1.0,0.0,1.0,0.0,0.0,1.0,0.0,0.0,0.0,0.0,1.0,0.0,0.0,0.0,0.0,1.0,1.0,0.0,1.0,0.0,0.0,0.0,0.0,1.0,1.0,0.0,1.0,0.0,0.0,0.0,0.0,0.0,0.0,0.0,0.0,0.0,0.0,1.0,0.0,0.0,0.0,1.0,0.0,0.0,0.0,1.0,0.0,0.0,0.0,0.0,1.0,0.0,0.0,0.0,0.0,0.0,1.0,0.0,1.0,1.0,0.0,0.0,0.0,0.0,0.72,0.84,0.76,0.84,0.84,0.88,0.84,0.6799999999999999,0.84,0.84,0.88,0.84,0.64,0.84,0.8,1.0,0.6799999999999999,0.6,0.6799999999999999,0.76,0.76,0.64,0.56,0.64,0.64,0.72,0.6,0.52,0.6,0.6,0.6,0.56,0.52,0.56,0.56,0.56,0.72,0.84,0.76,0.84,0.84,0.88,0.84,0.6799999999999999,0.84,0.84,0.88,0.84,0.64,0.84,0.8,1.0,0.6799999999999999,0.6,0.6799999999999999,0.76,0.76,0.64,0.56,0.64,0.64,0.72,0.6,0.52,0.6,0.6,0.6,0.56,0.52,0.56,0.56,0.56
948,0.0,0.0,0.0,0.0,0.0,0.0,0.0,0.0,0.0,0.0,1.0,0.0,1.0,0.0,0.0,0.0,1.0,0.0,0.0,1.0,0.0,0.0,0.0,0.0,0.0,0.0,1.0,0.0,0.0,1.0,0.0,0.0,0.0,1.0,0.0,0.0,0.0,1.0,1.0,0.0,0.0,0.0,0.0,0.0,1.0,1.0,1.0,0.0,0.0,1.0,0.0,0.0,0.0,1.0,0.0,0.0,0.0,1.0,0.0,0.0,1.0,0.0,0.0,1.0,0.0,0.0,1.0,1.0,0.0,1.0,0.0,0.0,0.0,1.0,0.0,0.0,0.0,0.0,0.0,1.0,0.0,0.0,0.0,0.0,0.0,0.0,1.0,0.0,0.0,0.0,0.0,0.0,0.0,0.0,0.0,1.0,0.0,0.0,0.0,0.0,1.0,0.0,1.0,0.0,0.84,0.84,0.88,1.0,1.0,0.96,0.76,0.76,0.92,0.92,0.84,0.72,0.72,0.8,0.84,0.76,0.6799999999999999,0.6799999999999999,0.84,0.76,0.72,0.64,0.64,0.72,0.72,0.6799999999999999,0.6,0.6,0.6799999999999999,0.6799999999999999,0.64,0.56,0.56,0.64,0.64,0.6,0.84,0.84,0.88,1.0,1.0,0.96,0.76,0.76,0.92,0.92,0.84,0.72,0.72,0.8,0.84,0.76,0.6799999999999999,0.6799999999999999,0.84,0.76,0.72,0.64,0.64,0.72,0.72,0.6799999999999999,0.6,0.6,0.6799999999999999,0.6799999999999999,0.64,0.56,0.56,0.64,0.64,0.6
949,0.0,0.0,0.0,0.0,1.0,0.0,0.0,1.0,1.0,0.0,0.0,0.0,0.0,0.0,1.0,0.0,0.0,0.0,0.0,0.0,1.0,0.0,1.0,0.0,1.0,1.0,0.0,1.0,0.0,0.0,0.0,0.0,1.0,0.0,0.0,0.0,0.0,0.0,0.0,0.0,0.0,0.0,0.0,0.0,0.0,1.0,0.0,1.0,0.0,0.0,1.0,0.0,0.0,0.0,0.0,1.0,0.0,0.0,0.0,0.0,0.0,0.0,1.0,0.0,1.0,1.0,0.0,1.0,0.0,0.0,0.0,0.0,0.0,0.0,0.0,1.0,0.0,0.0,0.0,0.0,0.0,0.0,0.0,1.0,0.0,0.0,0.0,0.0,0.0,0.0,0.0,0.0,1.0,0.0,0.0,1.0,0.0,0.0,1.0,0.0,1.0,1.0,0.0,1.0,0.4,0.4,0.43999999999999995,0.36,0.43999999999999995,0.43999999999999995,0.4,0.43999999999999995,0.36,0.43999999999999995,0.4,0.4,0.43999999999999995,0.36,0.43999999999999995,0.4,0.36,0.43999999999999995,0.36,0.52,0.36,0.36,0.52,0.31999999999999995,0.52,0.36,0.36,0.72,0.31999999999999995,1.0,0.36,0.36,0.4,0.31999999999999995,0.4,0.36,0.4,0.4,0.43999999999999995,0.36,0.43999999999999995,0.43999999999999995,0.4,0.43999999999999995,0.36,0.43999999999999995,0.4,0.4,0.43999999999999995,0.36,0.43999999999999995,0.4,0.36,0.43999999999999995,0.36,0.52,0.36,0.36,0.52,0.31999999999999995,0.52,0.36,0.36,0.72,0.31999999999999995,1.0,0.36,0.36,0.4,0.31999999999999995,0.4,0.36
950,1.0,0.0,0.0,0.0,1.0,0.0,1.0,0.0,0.0,0.0,1.0,0.0,0.0,0.0,0.0,1.0,0.0,0.0,0.0,0.0,1.0,0.0,1.0,0.0,0.0,0.0,1.0,0.0,0.0,0.0,0.0,0.0,0.0,0.0,0.0,0.0,1.0,1.0,0.0,0.0,0.0,0.0,0.0,0.0,0.0,0.0,1.0,0.0,1.0,0.0,1.0,0.0,0.0,0.0,0.0,0.0,0.0,0.0,0.0,0.0,0.0,0.0,0.0,1.0,1.0,0.0,1.0,0.0,0.0,0.0,1.0,0.0,0.0,1.0,0.0,0.0,0.0,0.0,0.0,1.0,0.0,0.0,0.0,0.0,0.0,0.0,0.0,0.0,0.0,0.0,1.0,1.0,0.0,1.0,1.0,1.0,1.0,0.0,0.0,0.0,0.0,0.0,0.0,1.0,0.64,0.72,0.6799999999999999,0.6799999999999999,0.76,0.8,0.72,0.64,0.64,0.76,0.8,0.6799999999999999,0.6,0.56,0.72,1.0,0.6,0.56,0.56,0.76,0.76,0.56,0.52,0.52,0.56,0.76,0.52,0.52,0.52,0.56,0.72,0.52,0.48,0.48,0.52,0.52,0.64,0.72,0.6799999999999999,0.6799999999999999,0.76,0.8,0.72,0.64,0.64,0.76,0.8,0.6799999999999999,0.6,0.56,0.72,1.0,0.6,0.56,0.56,0.76,0.76,0.56,0.52,0.52,0.56,0.76,0.52,0.52,0.52,0.56,0.72,0.52,0.48,0.48,0.52,0.52
951,1.0,0.0,1.0,0.0,0.0,0.0,0.0,0.0,0.0,1.0,1.0,0.0,0.0,0.0,0.0,1.0,1.0,0.0,0.0,1.0,0.0,0.0,0.0,0.0,0.0,0.0,0.0,0.0,0.0,0.0,0.0,0.0,0.0,1.0,1.0,1.0,1.0,1.0,0.0,0.0,0.0,0.0,0.0,0.0,0.0,1.0,0.0,0.0,0.0,0.0,0.0,0.0,0.0,0.0,0.0,0.0,1.0,0.0,0.0,0.0,0.0,0.0,0.0,1.0,0.0,0.0,0.0,0.0,0.0,1.0,0.0,0.0,1.0,0.0,0.0,1.0,1.0,0.0,0.0,0.0,1.0,1.0,0.0,0.0,0.0,0.0,0.0,0.0,0.0,0.0,1.0,0.0,1.0,0.0,0.0,1.0,0.0,0.0,1.0,1.0,0.0,0.0,0.0,0.0,0.72,0.76,0.8,0.88,0.64,0.72,0.64,0.8,0.88,0.6,0.64,0.6,0.6799999999999999,0.88,0.56,0.6,0.6,0.64,1.0,0.56,0.56,0.56,0.6,0.6799999999999999,0.52,0.56,0.52,0.56,0.64,0.52,0.52,0.52,0.52,0.6,0.48,0.52,0.72,0.76,0.8,0.88,0.64,0.72,0.64,0.8,0.88,0.6,0.64,0.6,0.6799999999999999,0.88,0.56,0.6,0.6,0.64,1.0,0.56,0.56,0.56,0.6,0.6799999999999999,0.52,0.56,0.52,0.56,0.64,0.52,0.52,0.52,0.52,0.6,0.48,0.52
952,0.0,0.0,1.0,1.0,0.0,1.0,1.0,0.0,0.0,1.0,1.0,0.0,0.0,1.0,0.0,0.0,0.0,0.0,1.0,0.0,1.0,0.0,0.0,0.0,0.0,0.0,0.0,0.0,1.0,0.0,0.0,0.0,0.0,0.0,1.0,0.0,0.0,0.0,0.0,0.0,0.0,0.0,0.0,0.0,1.0,0.0,0.0,0.0,0.0,0.0,0.0,1.0,0.0,0.0,0.0,0.0,1.0,0.0,0.0,0.0,0.0,0.0,0.0,0.0,0.0,0.0,1.0,1.0,0.0,1.0,0.0,0.0,0.0,1.0,1.0,0.0,0.0,0.0,1.0,0.0,0.0,0.0,0.0,1.0,0.0,0.0,0.0,0.0,1.0,0.0,0.0,0.0,0.0,0.0,1.0,0.0,0.0,1.0,0.0,1.0,0.0,0.0,1.0,0.0,1.0,0.8,0.8,0.72,0.76,0.76,0.76,0.76,0.6799999999999999,0.72,0.72,0.72,0.72,0.64,0.6799999999999999,0.6799999999999999,0.6799999999999999,0.6799999999999999,0.6,0.64,0.64,0.64,0.64,0.56,0.6,0.6,0.6,0.6,0.52,0.56,0.56,0.56,0.56,0.52,0.56,0.52,1.0,0.8,0.8,0.72,0.76,0.76,0.76,0.76,0.6799999999999999,0.72,0.72,0.72,0.72,0.64,0.6799999999999999,0.6799999999999999,0.6799999999999999,0.6799999999999999,0.6,0.64,0.64,0.64,0.64,0.56,0.6,0.6,0.6,0.6,0.52,0.56,0.56,0.56,0.56,0.52,0.56,0.52
953,1.0,0.0,0.0,0.0,1.0,0.0,1.0,0.0,1.0,0.0,0.0,0.0,0.0,0.0,0.0,0.0,1.0,0.0,0.0,1.0,0.0,0.0,0.0,0.0,0.0,0.0,0.0,0.0,0.0,0.0,0.0,0.0,0.0,1.0,1.0,0.0,1.0,1.0,0.0,0.0,0.0,1.0,1.0,1.0,0.0,0.0,0.0,0.0,0.0,0.0,0.0,0.0,0.0,0.0,0.0,0.0,0.0,0.0,0.0,0.0,0.0,1.0,1.0,0.0,1.0,0.0,0.0,1.0,0.0,0.0,0.0,0.0,0.0,0.0,1.0,0.0,0.0,1.0,0.0,1.0,0.0,0.0,1.0,0.0,1.0,0.0,0.0,0.0,0.0,0.0,0.0,1.0,1.0,0.0,0.0,0.0,0.0,1.0,0.0,1.0,0.0,0.0,0.0,0.0,1.0,0.92,0.8,0.96,0.88,0.92,0.84,0.76,0.88,0.8,0.84,0.8,0.6799999999999999,0.8,0.76,0.8,0.76,0.64,0.76,0.72,0.76,0.72,0.6,0.72,0.6799999999999999,0.6799999999999999,0.6799999999999999,0.6,0.6799999999999999,0.64,0.64,0.64,0.56,0.64,0.6,0.6,1.0,0.92,0.8,0.96,0.88,0.92,0.84,0.76,0.88,0.8,0.84,0.8,0.6799999999999999,0.8,0.76,0.8,0.76,0.64,0.76,0.72,0.76,0.72,0.6,0.72,0.6799999999999999,0.6799999999999999,0.6799999999999999,0.6,0.6799999999999999,0.64,0.64,0.64,0.56,0.64,0.6,0.6
954,1.0,0.0,0.0,0.0,1.0,0.0,0.0,0.0,1.0,0.0,0.0,0.0,0.0,0.0,0.0,0.0,0.0,0.0,0.0,1.0,1.0,1.0,0.0,0.0,0.0,0.0,0.0,0.0,0.0,0.0,0.0,0.0,1.0,1.0,0.0,0.0,0.0,0.0,0.0,1.0,0.0,1.0,0.0,0.0,0.0,1.0,0.0,1.0,1.0,0.0,0.0,0.0,0.0,0.0,1.0,0.0,0.0,0.0,0.0,0.0,0.0,1.0,0.0,0.0,1.0,1.0,0.0,1.0,0.0,0.0,0.0,0.0,0.0,0.0,0.0,0.0,0.0,1.0,1.0,0.0,0.0,0.0,0.0,0.0,0.0,0.0,0.0,0.0,1.0,0.0,1.0,0.0,0.0,0.0,0.0,1.0,1.0,0.0,1.0,0.0,0.0,0.0,0.0,1.0,0.84,0.8,0.76,0.72,1.0,0.96,0.76,0.72,0.6799999999999999,0.92,0.8,0.72,0.6799999999999999,0.64,0.8,0.76,0.6799999999999999,0.64,0.6,0.76,0.72,0.64,0.6,0.56,0.6799999999999999,0.6799999999999999,0.6,0.56,0.56,0.64,0.64,0.56,0.52,0.52,0.6,0.6,0.84,0.8,0.76,0.72,1.0,0.96,0.76,0.72,0.6799999999999999,0.92,0.8,0.72,0.6799999999999999,0.64,0.8,0.76,0.6799999999999999,0.64,0.6,0.76,0.72,0.64,0.6,0.56,0.6799999999999999,0.6799999999999999,0.6,0.56,0.56,0.64,0.64,0.56,0.52,0.52,0.6,0.6
955,1.0,0.0,1.0,0.0,1.0,1.0,0.0,0.0,1.0,0.0,0.0,1.0,0.0,0.0,0.0,0.0,0.0,0.0,0.0,1.0,0.0,0.0,0.0,0.0,0.0,0.0,0.0,0.0,0.0,0.0,0.0,1.0,0.0,0.0,0.0,0.0,0.0,0.0,1.0,0.0,0.0,0.0,1.0,0.0,1.0,0.0,0.0,0.0,1.0,1.0,0.0,0.0,0.0,0.0,0.0,1.0,0.0,0.0,1.0,0.0,0.0,1.0,0.0,0.0,1.0,1.0,0.0,0.0,0.0,1.0,1.0,0.0,1.0,0.0,0.0,0.0,0.0,0.0,0.0,0.0,0.0,0.0,1.0,0.0,0.0,0.0,1.0,0.0,0.0,0.0,0.0,0.0,0.0,1.0,0.0,1.0,0.0,1.0,0.0,0.0,0.0,0.0,0.0,0.0,0.84,1.0,0.64,0.64,0.76,0.76,1.0,0.6,0.6,0.72,0.72,0.92,0.56,0.56,0.6799999999999999,0.6799999999999999,0.8,0.52,0.52,0.64,0.64,0.76,0.52,0.52,0.6,0.6,0.6799999999999999,0.48,0.48,0.56,0.56,0.64,0.48,0.48,0.56,0.52,0.84,1.0,0.64,0.64,0.76,0.76,1.0,0.6,0.6,0.72,0.72,0.92,0.56,0.56,0.6799999999999999,0.6799999999999999,0.8,0.52,0.52,0.64,0.64,0.76,0.52,0.52,0.6,0.6,0.6799999999999999,0.48,0.48,0.56,0.56,0.64,0.48,0.48,0.56,0.52
956,0.0,0.0,0.0,0.0,0.0,0.0,0.0,1.0,0.0,0.0,0.0,0.0,1.0,0.0,1.0,0.0,1.0,0.0,0.0,0.0,0.0,0.0,1.0,0.0,0.0,0.0,0.0,0.0,0.0,1.0,0.0,1.0,0.0,0.0,1.0,0.0,1.0,0.0,1.0,0.0,0.0,0.0,0.0,1.0,0.0,1.0,1.0,0.0,0.0,0.0,0.0,0.0,0.0,0.0,0.0,0.0,1.0,0.0,0.0,0.0,0.0,1.0,1.0,0.0,0.0,0.0,0.0,0.0,0.0,0.0,0.0,0.0,1.0,1.0,0.0,0.0,0.0,0.0,0.0,0.0,0.0,0.0,1.0,0.0,0.0,1.0,0.0,1.0,0.0,1.0,0.0,1.0,0.0,0.0,0.0,0.0,0.0,0.0,0.0,0.0,1.0,1.0,1.0,0.0,0.8,0.6799999999999999,0.6799999999999999,1.0,0.88,0.84,0.64,0.64,1.0,0.8,0.76,0.6,0.6,0.92,0.72,0.72,0.6,0.6,0.84,0.6799999999999999,0.6799999999999999,0.56,0.56,0.72,0.64,0.64,0.52,0.52,0.6799999999999999,0.6,0.6,0.52,0.52,0.64,0.56,0.56,0.8,0.6799999999999999,0.6799999999999999,1.0,0.88,0.84,0.64,0.64,1.0,0.8,0.76,0.6,0.6,0.92,0.72,0.72,0.6,0.6,0.84,0.6799999999999999,0.6799999999999999,0.56,0.56,0.72,0.64,0.64,0.52,0.52,0.6799999999999999,0.6,0.6,0.52,0.52,0.64,0.56,0.56
957,1.0,0.0,0.0,1.0,0.0,0.0,0.0,0.0,0.0,1.0,0.0,1.0,0.0,0.0,0.0,0.0,0.0,0.0,0.0,0.0,0.0,0.0,0.0,1.0,0.0,0.0,0.0,1.0,0.0,0.0,0.0,0.0,1.0,0.0,0.0,0.0,1.0,0.0,1.0,0.0,1.0,0.0,0.0,0.0,1.0,0.0,0.0,0.0,1.0,1.0,0.0,0.0,0.0,0.0,0.0,0.0,1.0,1.0,0.0,0.0,1.0,0.0,0.0,0.0,0.0,1.0,0.0,0.0,1.0,0.0,1.0,0.0,1.0,1.0,0.0,0.0,0.0,0.0,1.0,0.0,0.0,0.0,1.0,1.0,0.0,0.0,0.0,0.0,0.0,0.0,0.0,1.0,0.0,0.0,0.0,0.0,0.0,0.0,0.0,0.0,0.0,0.0,0.0,1.0,0.92,0.92,0.88,1.0,0.84,0.84,0.88,0.8,0.88,0.76,0.8,0.8,0.76,0.8,0.72,0.76,0.76,0.72,0.76,0.6799999999999999,0.72,0.72,0.6799999999999999,0.72,0.64,0.6799999999999999,0.6799999999999999,0.64,0.6799999999999999,0.6,0.64,0.64,0.6,0.64,0.56,0.6,0.92,0.92,0.88,1.0,0.84,0.84,0.88,0.8,0.88,0.76,0.8,0.8,0.76,0.8,0.72,0.76,0.76,0.72,0.76,0.6799999999999999,0.72,0.72,0.6799999999999999,0.72,0.64,0.6799999999999999,0.6799999999999999,0.64,0.6799999999999999,0.6,0.64,0.64,0.6,0.64,0.56,0.6
958,0.0,0.0,0.0,0.0,0.0,0.0,0.0,0.0,0.0,0.0,0.0,1.0,0.0,0.0,1.0,0.0,1.0,0.0,0.0,0.0,0.0,1.0,0.0,1.0,1.0,0.0,0.0,0.0,0.0,0.0,0.0,1.0,0.0,1.0,0.0,0.0,0.0,0.0,0.0,1.0,0.0,0.0,1.0,1.0,0.0,0.0,0.0,0.0,1.0,1.0,0.0,0.0,0.0,1.0,0.0,0.0,1.0,0.0,0.0,1.0,1.0,0.0,0.0,0.0,0.0,0.0,0.0,0.0,0.0,1.0,1.0,0.0,0.0,0.0,1.0,0.0,0.0,0.0,1.0,0.0,0.0,1.0,0.0,0.0,1.0,0.0,0.0,0.0,1.0,0.0,0.0,0.0,0.0,0.0,0.0,0.0,1.0,0.0,0.0,0.0,0.0,0.0,1.0,0.0,0.92,0.6799999999999999,1.0,0.72,0.84,0.76,0.64,0.88,0.6799999999999999,0.76,0.6799999999999999,0.6,0.8,0.64,0.72,0.64,0.56,0.76,0.6,0.6799999999999999,0.6,0.56,0.72,0.56,0.64,0.6,0.52,0.6799999999999999,0.52,0.6,0.56,0.52,0.64,0.52,0.56,0.52,0.92,0.6799999999999999,1.0,0.72,0.84,0.76,0.64,0.88,0.6799999999999999,0.76,0.6799999999999999,0.6,0.8,0.64,0.72,0.64,0.56,0.76,0.6,0.6799999999999999,0.6,0.56,0.72,0.56,0.64,0.6,0.52,0.6799999999999999,0.52,0.6,0.56,0.52,0.64,0.52,0.56,0.52
959,0.0,0.0,0.0,0.0,0.0,0.0,0.0,1.0,0.0,0.0,0.0,0.0,1.0,0.0,1.0,1.0,0.0,0.0,0.0,0.0,0.0,0.0,1.0,1.0,0.0,1.0,0.0,1.0,0.0,0.0,0.0,0.0,0.0,0.0,0.0,0.0,0.0,1.0,1.0,0.0,1.0,0.0,1.0,0.0,0.0,0.0,0.0,0.0,1.0,0.0,0.0,0.0,1.0,0.0,0.0,0.0,0.0,1.0,0.0,0.0,0.0,0.0,0.0,0.0,0.0,0.0,0.0,0.0,1.0,0.0,0.0,0.0,1.0,0.0,0.0,0.0,1.0,0.0,1.0,0.0,0.0,1.0,1.0,0.0,1.0,1.0,0.0,0.0,0.0,0.0,0.0,0.0,0.0,1.0,0.0,0.0,0.0,0.0,1.0,0.0,0.0,0.0,1.0,0.0,0.72,0.6799999999999999,0.84,0.88,0.76,0.84,0.64,0.84,0.88,0.6799999999999999,0.84,0.6,0.84,0.88,0.64,0.6799999999999999,0.56,0.76,1.0,0.6,0.64,0.56,0.6799999999999999,0.76,0.56,0.6,0.52,0.64,0.64,0.52,0.56,0.52,0.6,0.6,0.52,0.56,0.72,0.6799999999999999,0.84,0.88,0.76,0.84,0.64,0.84,0.88,0.6799999999999999,0.84,0.6,0.84,0.88,0.64,0.6799999999999999,0.56,0.76,1.0,0.6,0.64,0.56,0.6799999999999999,0.76,0.56,0.6,0.52,0.64,0.64,0.52,0.56,0.52,0.6,0.6,0.52,0.56
960,0.0,0.0,0.0,0.0,1.0,1.0,0.0,0.0,0.0,0.0,0.0,0.0,0.0,0.0,0.0,0.0,0.0,1.0,0.0,0.0,1.0,0.0,0.0,0.0,0.0,0.0,0.0,0.0,1.0,0.0,1.0,1.0,1.0,0.0,0.0,0.0,0.0,0.0,1.0,0.0,0.0,0.0,1.0,0.0,0.0,0.0,0.0,1.0,1.0,0.0,1.0,0.0,0.0,0.0,1.0,0.0,0.0,0.0,0.0,1.0,0.0,0.0,1.0,0.0,1.0,0.0,1.0,1.0,0.0,0.0,0.0,0.0,0.0,1.0,0.0,0.0,0.0,0.0,0.0,1.0,0.0,1.0,0.0,0.0,0.0,0.0,1.0,0.0,0.0,0.0,0.0,1.0,0.0,0.0,0.0,1.0,0.0,1.0,0.0,0.0,0.0,0.0,0.0,0.0,1.0,0.76,0.72,0.88,0.84,0.76,0.72,0.6799999999999999,0.84,0.8,0.72,0.6799999999999999,0.64,0.8,0.76,0.6799999999999999,0.64,0.6,0.76,0.72,0.64,0.6,0.56,0.6799999999999999,0.6799999999999999,0.6,0.56,0.56,0.64,0.64,0.56,0.56,0.52,0.6,0.6,0.56,1.0,0.76,0.72,0.88,0.84,0.76,0.72,0.6799999999999999,0.84,0.8,0.72,0.6799999999999999,0.64,0.8,0.76,0.6799999999999999,0.64,0.6,0.76,0.72,0.64,0.6,0.56,0.6799999999999999,0.6799999999999999,0.6,0.56,0.56,0.64,0.64,0.56,0.56,0.52,0.6,0.6,0.56
961,0.0,1.0,0.0,0.0,0.0,0.0,0.0,0.0,1.0,0.0,0.0,0.0,0.0,0.0,0.0,1.0,1.0,0.0,1.0,0.0,0.0,1.0,0.0,0.0,0.0,0.0,1.0,0.0,0.0,0.0,0.0,0.0,0.0,0.0,1.0,1.0,0.0,1.0,0.0,1.0,0.0,0.0,0.0,0.0,1.0,0.0,0.0,0.0,1.0,0.0,0.0,0.0,0.0,0.0,1.0,0.0,1.0,0.0,0.0,0.0,0.0,0.0,0.0,0.0,0.0,1.0,0.0,0.0,0.0,0.0,0.0,0.0,1.0,0.0,1.0,0.0,1.0,1.0,0.0,0.0,1.0,0.0,0.0,0.0,1.0,0.0,0.0,0.0,0.0,0.0,1.0,0.0,0.0,0.0,0.0,1.0,0.0,0.0,1.0,0.0,0.0,0.0,1.0,0.0,0.84,0.6799999999999999,1.0,0.96,0.76,0.8,0.64,1.0,0.88,0.72,0.76,0.6,0.88,0.8,0.6799999999999999,0.72,0.6,0.84,0.76,0.64,0.6799999999999999,0.56,0.76,0.6799999999999999,0.6,0.64,0.52,0.72,0.64,0.56,0.6,0.52,0.6799999999999999,0.6,0.52,0.56,0.84,0.6799999999999999,1.0,0.96,0.76,0.8,0.64,1.0,0.88,0.72,0.76,0.6,0.88,0.8,0.6799999999999999,0.72,0.6,0.84,0.76,0.64,0.6799999999999999,0.56,0.76,0.6799999999999999,0.6,0.64,0.52,0.72,0.64,0.56,0.6,0.52,0.6799999999999999,0.6,0.52,0.56
962,0.0,0.0,0.0,0.0,0.0,0.0,0.0,0.0,1.0,0.0,0.0,0.0,1.0,0.0,0.0,0.0,0.0,0.0,0.0,0.0,1.0,0.0,0.0,0.0,1.0,0.0,0.0,0.0,0.0,0.0,0.0,0.0,0.0,0.0,0.0,1.0,0.0,1.0,1.0,1.0,0.0,0.0,0.0,0.0,1.0,0.0,0.0,1.0,1.0,1.0,1.0,0.0,0.0,0.0,1.0,0.0,0.0,1.0,0.0,1.0,0.0,0.0,1.0,1.0,0.0,1.0,0.0,0.0,0.0,0.0,0.0,0.0,0.0,0.0,1.0,1.0,0.0,0.0,0.0,0.0,1.0,0.0,0.0,1.0,0.0,0.0,0.0,0.0,1.0,0.0,0.0,0.0,0.0,1.0,0.0,0.0,0.0,0.0,1.0,0.0,0.0,0.0,0.0,0.0,0.56,0.64,0.6,0.6799999999999999,0.6799999999999999,0.72,0.64,0.6,0.6799999999999999,0.6799999999999999,0.72,0.64,0.56,0.6799999999999999,0.6799999999999999,1.0,0.64,0.52,0.64,0.92,1.0,0.64,0.48,0.52,0.6799999999999999,1.0,0.52,0.48,0.52,0.52,0.52,0.52,0.48,0.48,0.52,0.52,0.56,0.64,0.6,0.6799999999999999,0.6799999999999999,0.72,0.64,0.6,0.6799999999999999,0.6799999999999999,0.72,0.64,0.56,0.6799999999999999,0.6799999999999999,1.0,0.64,0.52,0.64,0.92,1.0,0.64,0.48,0.52,0.6799999999999999,1.0,0.52,0.48,0.52,0.52,0.52,0.52,0.48,0.48,0.52,0.52
963,1.0,1.0,0.0,0.0,0.0,0.0,0.0,0.0,0.0,0.0,0.0,1.0,0.0,1.0,1.0,0.0,0.0,0.0,0.0,1.0,0.0,1.0,1.0,1.0,0.0,0.0,0.0,0.0,0.0,0.0,0.0,0.0,0.0,0.0,0.0,0.0,0.0,0.0,1.0,1.0,1.0,1.0,0.0,0.0,0.0,0.0,0.0,0.0,0.0,0.0,0.0,0.0,0.0,0.0,0.0,0.0,1.0,1.0,0.0,0.0,1.0,0.0,0.0,0.0,0.0,0.0,0.0,0.0,0.0,0.0,0.0,0.0,0.0,0.0,0.0,0.0,0.0,1.0,0.0,0.0,0.0,1.0,0.0,1.0,0.0,1.0,1.0,1.0,1.0,0.0,0.0,0.0,0.0,0.0,1.0,0.0,0.0,1.0,0.0,0.0,0.0,1.0,0.0,0.0,0.92,0.84,1.0,0.96,0.76,0.76,0.76,0.88,0.88,0.72,0.72,0.72,0.8,0.8,0.6799999999999999,0.6799999999999999,0.6799999999999999,0.76,0.76,0.64,0.64,0.64,0.72,0.72,0.6,0.6,0.6,0.6799999999999999,0.6799999999999999,0.56,0.56,0.56,0.64,0.64,0.52,0.52,0.92,0.84,1.0,0.96,0.76,0.76,0.76,0.88,0.88,0.72,0.72,0.72,0.8,0.8,0.6799999999999999,0.6799999999999999,0.6799999999999999,0.76,0.76,0.64,0.64,0.64,0.72,0.72,0.6,0.6,0.6,0.6799999999999999,0.6799999999999999,0.56,0.56,0.56,0.64,0.64,0.52,0.52
964,1.0,0.0,0.0,0.0,0.0,0.0,0.0,0.0,1.0,1.0,0.0,0.0,0.0,0.0,0.0,0.0,0.0,0.0,1.0,0.0,0.0,1.0,0.0,0.0,0.0,1.0,1.0,0.0,0.0,0.0,0.0,0.0,1.0,0.0,0.0,0.0,0.0,0.0,1.0,0.0,0.0,1.0,0.0,0.0,0.0,1.0,0.0,0.0,1.0,0.0,0.0,1.0,0.0,0.0,0.0,1.0,0.0,0.0,0.0,0.0,0.0,0.0,0.0,0.0,0.0,0.0,0.0,0.0,0.0,1.0,0.0,1.0,1.0,0.0,1.0,0.0,0.0,0.0,0.0,1.0,0.0,1.0,1.0,0.0,0.0,0.0,0.0,1.0,1.0,0.0,0.0,0.0,1.0,0.0,0.0,1.0,0.0,0.0,0.0,1.0,0.0,0.0,0.0,0.0,0.84,0.6799999999999999,0.88,1.0,0.88,0.76,0.64,0.8,1.0,0.8,0.72,0.6,0.76,0.8,0.76,0.6799999999999999,0.56,0.6799999999999999,0.76,0.6799999999999999,0.64,0.52,0.64,0.72,0.64,0.6,0.52,0.6,0.6799999999999999,0.6,0.56,0.48,0.6,0.64,0.6,0.52,0.84,0.6799999999999999,0.88,1.0,0.88,0.76,0.64,0.8,1.0,0.8,0.72,0.6,0.76,0.8,0.76,0.6799999999999999,0.56,0.6799999999999999,0.76,0.6799999999999999,0.64,0.52,0.64,0.72,0.64,0.6,0.52,0.6,0.6799999999999999,0.6,0.56,0.48,0.6,0.64,0.6,0.52
965,0.0,0.0,0.0,1.0,0.0,0.0,1.0,0.0,0.0,0.0,1.0,0.0,1.0,0.0,0.0,0.0,1.0,0.0,0.0,1.0,0.0,1.0,0.0,0.0,0.0,1.0,0.0,0.0,0.0,0.0,0.0,0.0,0.0,0.0,1.0,0.0,1.0,1.0,0.0,0.0,0.0,0.0,0.0,0.0,0.0,0.0,0.0,1.0,0.0,0.0,0.0,1.0,1.0,1.0,1.0,0.0,0.0,1.0,0.0,0.0,1.0,0.0,0.0,0.0,0.0,0.0,1.0,0.0,0.0,1.0,0.0,0.0,0.0,0.0,0.0,1.0,0.0,0.0,0.0,1.0,0.0,0.0,0.0,1.0,0.0,1.0,0.0,0.0,0.0,0.0,0.0,0.0,0.0,0.0,0.0,1.0,0.0,1.0,0.0,0.0,0.0,0.0,0.0,0.0,0.84,1.0,0.92,0.8,0.72,0.88,1.0,0.84,0.72,0.6799999999999999,0.8,0.92,0.8,0.6799999999999999,0.64,0.84,0.8,0.76,0.64,0.6,0.72,0.76,0.6799999999999999,0.6,0.56,0.6799999999999999,0.72,0.64,0.56,0.52,0.64,0.6799999999999999,0.6,0.56,0.52,0.6,0.84,1.0,0.92,0.8,0.72,0.88,1.0,0.84,0.72,0.6799999999999999,0.8,0.92,0.8,0.6799999999999999,0.64,0.84,0.8,0.76,0.64,0.6,0.72,0.76,0.6799999999999999,0.6,0.56,0.6799999999999999,0.72,0.64,0.56,0.52,0.64,0.6799999999999999,0.6,0.56,0.52,0.6
966,0.0,0.0,1.0,0.0,0.0,0.0,1.0,0.0,0.0,0.0,1.0,0.0,0.0,1.0,1.0,0.0,0.0,0.0,1.0,0.0,0.0,0.0,1.0,0.0,0.0,1.0,0.0,0.0,0.0,0.0,0.0,0.0,0.0,0.0,1.0,1.0,0.0,0.0,0.0,0.0,0.0,1.0,0.0,0.0,1.0,0.0,0.0,0.0,0.0,0.0,0.0,1.0,0.0,0.0,0.0,0.0,0.0,0.0,0.0,0.0,0.0,1.0,0.0,0.0,1.0,0.0,0.0,1.0,1.0,0.0,0.0,0.0,0.0,1.0,0.0,1.0,0.0,0.0,1.0,0.0,0.0,0.0,0.0,0.0,0.0,0.0,0.0,0.0,1.0,0.0,1.0,1.0,1.0,0.0,0.0,1.0,0.0,0.0,0.0,1.0,0.0,0.0,0.0,0.0,0.56,0.6,0.6799999999999999,0.64,0.6799999999999999,0.72,0.6,0.6799999999999999,0.56,0.64,0.72,0.52,0.6799999999999999,0.52,0.64,1.0,0.52,0.6799999999999999,0.52,0.72,0.88,0.48,0.76,0.48,0.64,0.76,0.48,0.84,0.48,0.52,0.52,0.48,0.52,0.48,0.48,0.52,0.56,0.6,0.6799999999999999,0.64,0.6799999999999999,0.72,0.6,0.6799999999999999,0.56,0.64,0.72,0.52,0.6799999999999999,0.52,0.64,1.0,0.52,0.6799999999999999,0.52,0.72,0.88,0.48,0.76,0.48,0.64,0.76,0.48,0.84,0.48,0.52,0.52,0.48,0.52,0.48,0.48,0.52
967,0.0,0.0,1.0,1.0,1.0,0.0,1.0,0.0,0.0,0.0,0.0,0.0,1.0,0.0,0.0,0.0,0.0,0.0,0.0,0.0,0.0,0.0,0.0,0.0,0.0,0.0,0.0,0.0,0.0,0.0,0.0,1.0,0.0,1.0,0.0,1.0,1.0,0.0,1.0,1.0,0.0,1.0,0.0,0.0,0.0,0.0,0.0,0.0,1.0,0.0,0.0,0.0,1.0,1.0,0.0,0.0,0.0,0.0,0.0,0.0,0.0,0.0,0.0,0.0,0.0,1.0,1.0,0.0,1.0,1.0,0.0,0.0,0.0,0.0,0.0,0.0,0.0,0.0,1.0,0.0,0.0,0.0,0.0,0.0,0.0,0.0,0.0,0.0,0.0,1.0,0.0,0.0,0.0,0.0,1.0,0.0,1.0,1.0,1.0,1.0,0.0,0.0,0.0,0.0,0.96,0.88,0.72,0.96,1.0,0.84,0.8,0.6799999999999999,0.88,0.88,0.8,0.76,0.64,0.8,0.84,0.76,0.72,0.6,0.76,0.76,0.6799999999999999,0.6799999999999999,0.56,0.72,0.72,0.64,0.64,0.52,0.6799999999999999,0.6799999999999999,0.6,0.6,0.52,0.64,0.64,0.6,0.96,0.88,0.72,0.96,1.0,0.84,0.8,0.6799999999999999,0.88,0.88,0.8,0.76,0.64,0.8,0.84,0.76,0.72,0.6,0.76,0.76,0.6799999999999999,0.6799999999999999,0.56,0.72,0.72,0.64,0.64,0.52,0.6799999999999999,0.6799999999999999,0.6,0.6,0.52,0.64,0.64,0.6
968,0.0,1.0,1.0,1.0,0.0,0.0,0.0,0.0,0.0,1.0,1.0,0.0,0.0,0.0,1.0,0.0,0.0,0.0,1.0,1.0,0.0,1.0,0.0,0.0,0.0,0.0,0.0,1.0,0.0,0.0,0.0,0.0,1.0,0.0,0.0,0.0,1.0,0.0,0.0,0.0,0.0,0.0,0.0,0.0,0.0,0.0,0.0,0.0,0.0,0.0,0.0,1.0,0.0,0.0,0.0,0.0,0.0,1.0,0.0,0.0,0.0,0.0,0.0,0.0,1.0,1.0,0.0,0.0,0.0,0.0,0.0,0.0,0.0,0.0,1.0,0.0,0.0,0.0,0.0,0.0,0.0,1.0,1.0,1.0,0.0,0.0,0.0,0.0,0.0,1.0,0.0,1.0,0.0,1.0,1.0,1.0,0.0,1.0,0.0,0.0,0.0,0.0,0.0,0.0,1.0,0.92,0.84,0.96,0.84,0.8,0.88,0.8,0.88,0.8,0.76,0.8,0.76,0.84,0.76,0.72,0.76,0.6799999999999999,0.76,0.72,0.6799999999999999,0.72,0.64,0.72,0.6799999999999999,0.64,0.6799999999999999,0.6,0.6799999999999999,0.64,0.6,0.64,0.6,0.64,0.6,0.56,1.0,0.92,0.84,0.96,0.84,0.8,0.88,0.8,0.88,0.8,0.76,0.8,0.76,0.84,0.76,0.72,0.76,0.6799999999999999,0.76,0.72,0.6799999999999999,0.72,0.64,0.72,0.6799999999999999,0.64,0.6799999999999999,0.6,0.6799999999999999,0.64,0.6,0.64,0.6,0.64,0.6,0.56
969,0.0,0.0,1.0,0.0,1.0,0.0,0.0,0.0,1.0,1.0,0.0,0.0,1.0,0.0,0.0,0.0,0.0,0.0,0.0,1.0,0.0,0.0,0.0,0.0,1.0,0.0,0.0,1.0,1.0,0.0,0.0,0.0,0.0,1.0,0.0,0.0,0.0,0.0,0.0,0.0,1.0,1.0,0.0,0.0,1.0,0.0,0.0,0.0,0.0,0.0,0.0,0.0,1.0,1.0,0.0,0.0,0.0,0.0,1.0,0.0,0.0,0.0,0.0,0.0,0.0,1.0,1.0,1.0,0.0,0.0,0.0,0.0,0.0,0.0,1.0,0.0,0.0,1.0,0.0,0.0,0.0,0.0,0.0,0.0,0.0,0.0,0.0,0.0,0.0,0.0,1.0,0.0,0.0,0.0,1.0,1.0,0.0,0.0,0.0,0.0,0.0,1.0,1.0,0.0,0.84,1.0,0.96,0.76,0.96,0.84,1.0,0.96,0.72,0.96,0.76,1.0,0.88,0.6799999999999999,0.84,0.72,0.88,0.84,0.64,0.84,0.6799999999999999,0.96,0.72,0.6,0.72,0.64,0.72,0.6799999999999999,0.56,0.6799999999999999,0.6,0.6799999999999999,0.64,0.56,0.64,0.56,0.84,1.0,0.96,0.76,0.96,0.84,1.0,0.96,0.72,0.96,0.76,1.0,0.88,0.6799999999999999,0.84,0.72,0.88,0.84,0.64,0.84,0.6799999999999999,0.96,0.72,0.6,0.72,0.64,0.72,0.6799999999999999,0.56,0.6799999999999999,0.6,0.6799999999999999,0.64,0.56,0.64,0.56
970,0.0,1.0,0.0,0.0,1.0,1.0,1.0,0.0,0.0,0.0,1.0,0.0,0.0,0.0,0.0,0.0,0.0,0.0,0.0,0.0,1.0,0.0,0.0,0.0,1.0,1.0,0.0,0.0,0.0,0.0,1.0,0.0,0.0,0.0,1.0,0.0,0.0,0.0,0.0,0.0,0.0,1.0,0.0,0.0,0.0,1.0,0.0,0.0,1.0,0.0,0.0,0.0,1.0,0.0,0.0,1.0,0.0,0.0,0.0,0.0,0.0,0.0,0.0,0.0,0.0,1.0,1.0,1.0,0.0,0.0,0.0,0.0,0.0,0.0,0.0,0.0,0.0,0.0,1.0,0.0,1.0,0.0,0.0,1.0,0.0,0.0,0.0,0.0,0.0,1.0,1.0,0.0,1.0,0.0,0.0,0.0,0.0,0.0,1.0,0.0,0.0,1.0,0.0,0.0,0.96,1.0,0.8,0.92,0.84,0.88,0.84,0.76,0.84,0.76,0.8,0.8,0.72,0.8,0.72,0.76,0.76,0.6799999999999999,0.76,0.6799999999999999,0.72,0.72,0.64,0.6799999999999999,0.64,0.6799999999999999,0.6799999999999999,0.6,0.64,0.6,0.64,0.64,0.56,0.6,0.56,0.6,0.96,1.0,0.8,0.92,0.84,0.88,0.84,0.76,0.84,0.76,0.8,0.8,0.72,0.8,0.72,0.76,0.76,0.6799999999999999,0.76,0.6799999999999999,0.72,0.72,0.64,0.6799999999999999,0.64,0.6799999999999999,0.6799999999999999,0.6,0.64,0.6,0.64,0.64,0.56,0.6,0.56,0.6
971,1.0,0.0,1.0,0.0,1.0,0.0,1.0,0.0,1.0,0.0,0.0,0.0,1.0,0.0,0.0,0.0,0.0,1.0,0.0,0.0,0.0,0.0,1.0,0.0,0.0,0.0,0.0,0.0,0.0,0.0,1.0,0.0,0.0,0.0,0.0,0.0,0.0,0.0,0.0,1.0,0.0,0.0,0.0,0.0,0.0,0.0,0.0,0.0,0.0,1.0,1.0,1.0,0.0,1.0,0.0,1.0,0.0,1.0,0.0,0.0,0.0,0.0,0.0,1.0,0.0,0.0,0.0,0.0,1.0,0.0,1.0,0.0,1.0,1.0,0.0,0.0,0.0,0.0,0.0,1.0,0.0,0.0,0.0,0.0,0.0,0.0,0.0,1.0,1.0,0.0,0.0,0.0,0.0,0.0,0.0,0.0,1.0,0.0,1.0,0.0,0.0,0.0,0.0,0.0,0.84,1.0,0.76,0.6799999999999999,0.84,0.84,1.0,0.72,0.64,0.8,0.84,1.0,0.6799999999999999,0.6,0.72,0.72,0.88,0.64,0.56,0.6799999999999999,0.6799999999999999,0.76,0.6,0.56,0.64,0.64,0.72,0.56,0.52,0.6,0.6,0.6799999999999999,0.56,0.52,0.56,0.56,0.84,1.0,0.76,0.6799999999999999,0.84,0.84,1.0,0.72,0.64,0.8,0.84,1.0,0.6799999999999999,0.6,0.72,0.72,0.88,0.64,0.56,0.6799999999999999,0.6799999999999999,0.76,0.6,0.56,0.64,0.64,0.72,0.56,0.52,0.6,0.6,0.6799999999999999,0.56,0.52,0.56,0.56
972,0.0,0.0,0.0,0.0,0.0,0.0,0.0,0.0,0.0,0.0,1.0,0.0,0.0,0.0,0.0,0.0,1.0,0.0,0.0,0.0,0.0,0.0,0.0,1.0,1.0,1.0,0.0,0.0,0.0,0.0,0.0,0.0,1.0,1.0,0.0,1.0,0.0,1.0,1.0,0.0,0.0,0.0,1.0,0.0,0.0,1.0,0.0,0.0,0.0,1.0,0.0,0.0,0.0,0.0,1.0,0.0,0.0,0.0,1.0,0.0,0.0,1.0,0.0,0.0,0.0,0.0,0.0,1.0,0.0,1.0,0.0,1.0,0.0,0.0,1.0,0.0,0.0,0.0,0.0,0.0,0.0,0.0,0.0,0.0,0.0,0.0,1.0,0.0,1.0,0.0,0.0,0.0,0.0,0.0,0.0,0.0,0.0,0.0,1.0,0.0,1.0,0.0,1.0,1.0,0.4,0.4,0.43999999999999995,0.43999999999999995,0.43999999999999995,0.43999999999999995,0.4,0.43999999999999995,0.43999999999999995,0.43999999999999995,0.4,0.4,0.43999999999999995,0.43999999999999995,0.43999999999999995,0.4,0.36,0.43999999999999995,0.52,0.52,0.4,0.36,0.52,0.48,0.52,0.4,0.36,0.88,0.76,1.0,0.36,0.36,0.4,0.4,0.4,0.36,0.4,0.4,0.43999999999999995,0.43999999999999995,0.43999999999999995,0.43999999999999995,0.4,0.43999999999999995,0.43999999999999995,0.43999999999999995,0.4,0.4,0.43999999999999995,0.43999999999999995,0.43999999999999995,0.4,0.36,0.43999999999999995,0.52,0.52,0.4,0.36,0.52,0.48,0.52,0.4,0.36,0.88,0.76,1.0,0.36,0.36,0.4,0.4,0.4,0.36
973,1.0,0.0,0.0,0.0,0.0,0.0,1.0,0.0,1.0,1.0,0.0,1.0,0.0,0.0,0.0,0.0,1.0,1.0,0.0,0.0,0.0,0.0,0.0,0.0,0.0,0.0,0.0,0.0,1.0,1.0,0.0,0.0,0.0,1.0,0.0,0.0,0.0,0.0,0.0,0.0,0.0,0.0,0.0,0.0,0.0,0.0,0.0,1.0,0.0,1.0,0.0,1.0,0.0,1.0,1.0,0.0,0.0,0.0,0.0,1.0,0.0,0.0,0.0,0.0,0.0,1.0,0.0,0.0,0.0,0.0,0.0,0.0,0.0,0.0,1.0,1.0,1.0,0.0,0.0,1.0,0.0,0.0,1.0,0.0,1.0,0.0,0.0,0.0,0.0,1.0,0.0,0.0,1.0,0.0,0.0,0.0,0.0,0.0,1.0,0.0,0.0,0.0,0.0,0.0,0.96,1.0,0.84,0.92,0.8,0.88,0.92,0.8,0.84,0.76,0.8,0.84,0.76,0.8,0.72,0.76,0.76,0.72,0.76,0.6799999999999999,0.72,0.72,0.6799999999999999,0.6799999999999999,0.64,0.6799999999999999,0.6799999999999999,0.64,0.64,0.6,0.64,0.64,0.6,0.6,0.56,0.6,0.96,1.0,0.84,0.92,0.8,0.88,0.92,0.8,0.84,0.76,0.8,0.84,0.76,0.8,0.72,0.76,0.76,0.72,0.76,0.6799999999999999,0.72,0.72,0.6799999999999999,0.6799999999999999,0.64,0.6799999999999999,0.6799999999999999,0.64,0.64,0.6,0.64,0.64,0.6,0.6,0.56,0.6
974,0.0,0.0,0.0,0.0,0.0,0.0,1.0,0.0,1.0,0.0,0.0,1.0,1.0,0.0,0.0,0.0,0.0,1.0,0.0,0.0,0.0,0.0,0.0,1.0,0.0,1.0,1.0,0.0,0.0,0.0,1.0,0.0,0.0,0.0,1.0,0.0,0.0,0.0,0.0,0.0,0.0,0.0,0.0,1.0,1.0,0.0,0.0,0.0,0.0,0.0,1.0,0.0,1.0,0.0,0.0,1.0,0.0,0.0,0.0,0.0,0.0,1.0,1.0,0.0,0.0,0.0,1.0,0.0,1.0,0.0,1.0,0.0,1.0,0.0,0.0,0.0,0.0,0.0,0.0,0.0,0.0,0.0,0.0,0.0,0.0,0.0,0.0,1.0,0.0,1.0,0.0,1.0,0.0,0.0,0.0,0.0,0.0,0.0,0.0,1.0,0.0,1.0,0.0,0.0,0.76,0.88,0.84,0.76,0.8,0.88,0.88,0.84,0.6799999999999999,0.72,0.84,0.84,0.8,0.64,0.6799999999999999,1.0,0.8,0.6799999999999999,0.6,0.64,0.6799999999999999,0.6799999999999999,0.64,0.56,0.6,0.64,0.64,0.6,0.56,0.56,0.6,0.6,0.56,0.52,0.52,0.56,0.76,0.88,0.84,0.76,0.8,0.88,0.88,0.84,0.6799999999999999,0.72,0.84,0.84,0.8,0.64,0.6799999999999999,1.0,0.8,0.6799999999999999,0.6,0.64,0.6799999999999999,0.6799999999999999,0.64,0.56,0.6,0.64,0.64,0.6,0.56,0.56,0.6,0.6,0.56,0.52,0.52,0.56
975,1.0,0.0,0.0,0.0,0.0,0.0,0.0,0.0,1.0,0.0,0.0,0.0,1.0,0.0,0.0,0.0,1.0,0.0,0.0,0.0,0.0,0.0,0.0,0.0,0.0,0.0,0.0,0.0,0.0,1.0,0.0,1.0,0.0,1.0,0.0,1.0,0.0,0.0,0.0,0.0,1.0,1.0,0.0,0.0,0.0,0.0,1.0,0.0,1.0,1.0,0.0,0.0,0.0,0.0,0.0,1.0,0.0,0.0,0.0,0.0,0.0,0.0,0.0,0.0,0.0,1.0,1.0,1.0,0.0,0.0,0.0,1.0,0.0,1.0,0.0,0.0,0.0,0.0,0.0,0.0,1.0,0.0,0.0,0.0,1.0,0.0,1.0,0.0,1.0,0.0,1.0,0.0,0.0,0.0,0.0,1.0,0.0,0.0,0.0,0.0,0.0,0.0,0.0,1.0,0.56,0.48,0.56,0.72,0.64,0.56,0.48,0.52,0.72,0.64,0.56,0.48,0.52,0.72,0.6,0.52,0.43999999999999995,0.48,1.0,0.56,0.48,0.43999999999999995,0.48,0.76,0.52,0.48,0.43999999999999995,0.48,0.52,0.48,0.48,0.4,0.43999999999999995,0.52,0.48,0.43999999999999995,0.56,0.48,0.56,0.72,0.64,0.56,0.48,0.52,0.72,0.64,0.56,0.48,0.52,0.72,0.6,0.52,0.43999999999999995,0.48,1.0,0.56,0.48,0.43999999999999995,0.48,0.76,0.52,0.48,0.43999999999999995,0.48,0.52,0.48,0.48,0.4,0.43999999999999995,0.52,0.48,0.43999999999999995
976,1.0,0.0,0.0,0.0,1.0,0.0,1.0,1.0,0.0,0.0,1.0,0.0,0.0,0.0,1.0,0.0,0.0,0.0,1.0,0.0,0.0,0.0,0.0,0.0,0.0,0.0,0.0,0.0,1.0,1.0,1.0,0.0,0.0,0.0,0.0,0.0,0.0,1.0,0.0,0.0,0.0,1.0,0.0,0.0,0.0,0.0,0.0,0.0,0.0,0.0,1.0,0.0,0.0,0.0,1.0,0.0,0.0,1.0,0.0,0.0,0.0,0.0,0.0,0.0,1.0,0.0,0.0,0.0,0.0,0.0,0.0,1.0,0.0,0.0,0.0,0.0,0.0,1.0,0.0,0.0,0.0,0.0,0.0,0.0,0.0,0.0,0.0,0.0,1.0,0.0,0.0,0.0,0.0,0.0,1.0,0.0,1.0,1.0,1.0,0.0,1.0,1.0,0.0,1.0,0.6,0.6799999999999999,0.52,0.52,0.72,0.6799999999999999,0.6799999999999999,0.48,0.52,0.72,0.6799999999999999,0.6799999999999999,0.48,0.48,0.72,0.96,0.64,0.48,0.48,1.0,0.6,0.56,0.43999999999999995,0.48,0.56,0.52,0.52,0.43999999999999995,0.43999999999999995,0.52,0.52,0.52,0.43999999999999995,0.43999999999999995,0.52,0.48,0.6,0.6799999999999999,0.52,0.52,0.72,0.6799999999999999,0.6799999999999999,0.48,0.52,0.72,0.6799999999999999,0.6799999999999999,0.48,0.48,0.72,0.96,0.64,0.48,0.48,1.0,0.6,0.56,0.43999999999999995,0.48,0.56,0.52,0.52,0.43999999999999995,0.43999999999999995,0.52,0.52,0.52,0.43999999999999995,0.43999999999999995,0.52,0.48
977,0.0,0.0,0.0,0.0,0.0,0.0,0.0,0.0,0.0,0.0,0.0,0.0,1.0,1.0,0.0,1.0,1.0,0.0,1.0,0.0,1.0,0.0,0.0,0.0,0.0,1.0,1.0,0.0,0.0,0.0,0.0,0.0,0.0,0.0,1.0,0.0,0.0,1.0,0.0,0.0,0.0,0.0,0.0,0.0,0.0,1.0,0.0,0.0,0.0,1.0,0.0,1.0,0.0,0.0,1.0,0.0,0.0,1.0,1.0,0.0,0.0,0.0,1.0,1.0,0.0,0.0,0.0,0.0,0.0,0.0,0.0,0.0,0.0,0.0,1.0,0.0,0.0,0.0,0.0,1.0,1.0,0.0,0.0,0.0,1.0,1.0,0.0,0.0,0.0,0.0,0.0,0.0,1.0,0.0,0.0,0.0,0.0,0.0,0.0,0.0,1.0,0.0,1.0,0.0,0.6799999999999999,0.76,0.76,0.8,0.76,0.8,0.76,0.72,0.8,0.76,0.8,0.76,0.72,0.76,0.76,1.0,0.6799999999999999,0.64,0.76,0.6,0.6,0.6,0.6,0.6,0.6,0.6,0.56,0.56,0.56,0.56,0.56,0.56,0.52,0.52,0.52,0.52,0.6799999999999999,0.76,0.76,0.8,0.76,0.8,0.76,0.72,0.8,0.76,0.8,0.76,0.72,0.76,0.76,1.0,0.6799999999999999,0.64,0.76,0.6,0.6,0.6,0.6,0.6,0.6,0.6,0.56,0.56,0.56,0.56,0.56,0.56,0.52,0.52,0.52,0.52
978,1.0,0.0,1.0,0.0,0.0,1.0,0.0,0.0,0.0,0.0,0.0,1.0,0.0,0.0,0.0,0.0,0.0,0.0,0.0,0.0,0.0,0.0,0.0,1.0,0.0,0.0,0.0,1.0,0.0,1.0,0.0,0.0,0.0,0.0,0.0,0.0,0.0,0.0,1.0,0.0,1.0,0.0,1.0,0.0,0.0,0.0,1.0,0.0,0.0,1.0,1.0,0.0,0.0,1.0,0.0,0.0,1.0,0.0,0.0,1.0,1.0,0.0,0.0,0.0,1.0,0.0,0.0,0.0,1.0,0.0,1.0,0.0,0.0,1.0,0.0,0.0,1.0,0.0,1.0,0.0,1.0,0.0,0.0,0.0,0.0,0.0,0.0,0.0,1.0,0.0,0.0,0.0,0.0,0.0,0.0,0.0,0.0,0.0,0.0,0.0,0.0,0.0,0.0,1.0,0.56,0.6799999999999999,0.64,0.64,0.6799999999999999,0.72,0.6799999999999999,0.56,0.64,0.6799999999999999,0.72,0.6799999999999999,0.52,0.6,0.64,1.0,0.6799999999999999,0.52,0.52,0.6799999999999999,0.88,0.84,0.48,0.52,0.56,0.6799999999999999,0.84,0.48,0.48,0.52,0.52,0.52,0.48,0.48,0.48,0.52,0.56,0.6799999999999999,0.64,0.64,0.6799999999999999,0.72,0.6799999999999999,0.56,0.64,0.6799999999999999,0.72,0.6799999999999999,0.52,0.6,0.64,1.0,0.6799999999999999,0.52,0.52,0.6799999999999999,0.88,0.84,0.48,0.52,0.56,0.6799999999999999,0.84,0.48,0.48,0.52,0.52,0.52,0.48,0.48,0.48,0.52
979,0.0,1.0,0.0,1.0,0.0,0.0,0.0,0.0,0.0,1.0,0.0,1.0,0.0,0.0,0.0,0.0,0.0,1.0,1.0,1.0,0.0,0.0,0.0,0.0,0.0,0.0,1.0,0.0,0.0,0.0,0.0,0.0,0.0,0.0,1.0,0.0,0.0,1.0,0.0,0.0,0.0,0.0,0.0,1.0,0.0,0.0,0.0,0.0,0.0,0.0,1.0,1.0,1.0,0.0,0.0,0.0,0.0,0.0,1.0,1.0,0.0,0.0,0.0,0.0,1.0,1.0,1.0,1.0,0.0,0.0,0.0,0.0,0.0,0.0,0.0,0.0,0.0,0.0,0.0,0.0,0.0,0.0,1.0,1.0,0.0,0.0,0.0,0.0,0.0,0.0,0.0,0.0,1.0,1.0,1.0,0.0,1.0,0.0,0.0,0.0,0.0,0.0,0.0,0.0,0.92,1.0,0.76,0.72,0.84,0.88,0.88,0.72,0.6799999999999999,0.8,0.8,0.8,0.6799999999999999,0.64,0.76,0.76,0.76,0.64,0.6,0.72,0.72,0.72,0.6,0.56,0.6799999999999999,0.6799999999999999,0.6799999999999999,0.56,0.56,0.64,0.64,0.64,0.56,0.52,0.6,0.6,0.92,1.0,0.76,0.72,0.84,0.88,0.88,0.72,0.6799999999999999,0.8,0.8,0.8,0.6799999999999999,0.64,0.76,0.76,0.76,0.64,0.6,0.72,0.72,0.72,0.6,0.56,0.6799999999999999,0.6799999999999999,0.6799999999999999,0.56,0.56,0.64,0.64,0.64,0.56,0.52,0.6,0.6
980,0.0,1.0,0.0,0.0,1.0,1.0,0.0,0.0,0.0,0.0,0.0,0.0,1.0,1.0,0.0,0.0,0.0,1.0,0.0,0.0,0.0,0.0,0.0,0.0,0.0,0.0,0.0,0.0,0.0,0.0,0.0,0.0,1.0,1.0,0.0,0.0,1.0,0.0,0.0,0.0,0.0,1.0,0.0,0.0,1.0,0.0,0.0,0.0,1.0,1.0,0.0,0.0,0.0,0.0,0.0,0.0,0.0,0.0,0.0,0.0,0.0,0.0,0.0,1.0,0.0,0.0,0.0,0.0,0.0,0.0,0.0,0.0,1.0,1.0,0.0,1.0,1.0,0.0,0.0,0.0,1.0,0.0,0.0,0.0,0.0,0.0,0.0,1.0,0.0,1.0,1.0,0.0,1.0,0.0,0.0,1.0,0.0,1.0,0.0,1.0,0.0,0.0,0.0,0.0,0.64,0.64,0.72,0.76,0.8,0.76,0.6,0.64,0.76,0.8,0.72,0.56,0.6,0.6799999999999999,0.8,0.84,0.52,0.56,0.6,1.0,0.6,0.52,0.52,0.56,0.6,0.56,0.48,0.52,0.52,0.56,0.52,0.48,0.48,0.52,0.56,0.52,0.64,0.64,0.72,0.76,0.8,0.76,0.6,0.64,0.76,0.8,0.72,0.56,0.6,0.6799999999999999,0.8,0.84,0.52,0.56,0.6,1.0,0.6,0.52,0.52,0.56,0.6,0.56,0.48,0.52,0.52,0.56,0.52,0.48,0.48,0.52,0.56,0.52
981,0.0,0.0,1.0,0.0,1.0,1.0,0.0,0.0,1.0,1.0,0.0,0.0,0.0,0.0,0.0,0.0,0.0,1.0,0.0,0.0,0.0,0.0,0.0,1.0,0.0,1.0,0.0,0.0,0.0,0.0,0.0,1.0,0.0,0.0,1.0,0.0,0.0,0.0,1.0,0.0,1.0,0.0,0.0,0.0,0.0,0.0,1.0,0.0,0.0,0.0,0.0,0.0,0.0,1.0,0.0,1.0,0.0,0.0,1.0,0.0,0.0,0.0,0.0,0.0,0.0,0.0,1.0,0.0,0.0,0.0,0.0,0.0,0.0,1.0,1.0,0.0,1.0,0.0,0.0,0.0,0.0,1.0,1.0,0.0,0.0,1.0,0.0,0.0,0.0,0.0,0.0,0.0,0.0,0.0,0.0,1.0,0.0,0.0,0.0,0.0,0.0,0.0,1.0,1.0,0.88,0.96,0.92,0.88,0.76,1.0,0.88,0.92,0.8,0.72,0.8,0.8,0.8,0.76,0.6799999999999999,0.76,0.76,0.76,0.6799999999999999,0.64,0.72,0.72,0.72,0.64,0.6,0.6799999999999999,0.6799999999999999,0.6799999999999999,0.6,0.56,0.64,0.64,0.64,0.6,0.52,0.6,0.88,0.96,0.92,0.88,0.76,1.0,0.88,0.92,0.8,0.72,0.8,0.8,0.8,0.76,0.6799999999999999,0.76,0.76,0.76,0.6799999999999999,0.64,0.72,0.72,0.72,0.64,0.6,0.6799999999999999,0.6799999999999999,0.6799999999999999,0.6,0.56,0.64,0.64,0.64,0.6,0.52,0.6
982,0.0,0.0,0.0,0.0,1.0,0.0,0.0,0.0,0.0,0.0,0.0,0.0,0.0,0.0,1.0,1.0,0.0,0.0,1.0,1.0,0.0,0.0,0.0,0.0,0.0,0.0,1.0,0.0,1.0,0.0,0.0,1.0,0.0,0.0,1.0,0.0,1.0,0.0,1.0,0.0,0.0,0.0,0.0,1.0,0.0,0.0,0.0,1.0,0.0,0.0,0.0,0.0,0.0,1.0,0.0,0.0,0.0,0.0,0.0,0.0,1.0,0.0,0.0,0.0,0.0,0.0,0.0,0.0,0.0,0.0,0.0,0.0,0.0,1.0,1.0,0.0,0.0,1.0,0.0,0.0,0.0,0.0,1.0,0.0,1.0,1.0,0.0,0.0,0.0,1.0,0.0,0.0,1.0,0.0,0.0,0.0,0.0,1.0,0.0,0.0,0.0,1.0,0.0,1.0,0.56,0.48,0.64,0.72,0.6,0.56,0.48,0.64,0.72,0.52,0.52,0.48,0.6,0.72,0.52,0.48,0.43999999999999995,0.6,1.0,0.48,0.48,0.43999999999999995,0.52,0.76,0.48,0.48,0.43999999999999995,0.52,0.52,0.48,0.43999999999999995,0.4,0.48,0.52,0.43999999999999995,0.43999999999999995,0.56,0.48,0.64,0.72,0.6,0.56,0.48,0.64,0.72,0.52,0.52,0.48,0.6,0.72,0.52,0.48,0.43999999999999995,0.6,1.0,0.48,0.48,0.43999999999999995,0.52,0.76,0.48,0.48,0.43999999999999995,0.52,0.52,0.48,0.43999999999999995,0.4,0.48,0.52,0.43999999999999995,0.43999999999999995
983,1.0,1.0,0.0,0.0,0.0,0.0,0.0,0.0,0.0,1.0,0.0,0.0,0.0,1.0,0.0,0.0,0.0,1.0,0.0,1.0,0.0,1.0,0.0,1.0,0.0,0.0,0.0,0.0,0.0,0.0,0.0,0.0,0.0,0.0,0.0,0.0,1.0,0.0,0.0,0.0,1.0,0.0,0.0,0.0,0.0,1.0,1.0,0.0,0.0,0.0,1.0,0.0,0.0,0.0,0.0,1.0,1.0,0.0,0.0,0.0,1.0,0.0,0.0,1.0,0.0,0.0,0.0,0.0,0.0,0.0,0.0,0.0,0.0,0.0,1.0,0.0,0.0,1.0,0.0,1.0,1.0,0.0,0.0,1.0,1.0,0.0,1.0,0.0,0.0,0.0,1.0,0.0,0.0,0.0,0.0,0.0,0.0,0.0,0.0,0.0,0.0,0.0,0.0,1.0,0.84,0.96,0.96,1.0,0.92,0.96,0.96,0.96,1.0,0.8,0.84,0.92,0.96,0.84,0.76,0.84,0.84,0.8,0.76,0.6799999999999999,0.72,0.84,0.76,0.72,0.64,0.6799999999999999,0.72,0.6799999999999999,0.6799999999999999,0.6,0.64,0.6799999999999999,0.64,0.64,0.6,0.6,0.84,0.96,0.96,1.0,0.92,0.96,0.96,0.96,1.0,0.8,0.84,0.92,0.96,0.84,0.76,0.84,0.84,0.8,0.76,0.6799999999999999,0.72,0.84,0.76,0.72,0.64,0.6799999999999999,0.72,0.6799999999999999,0.6799999999999999,0.6,0.64,0.6799999999999999,0.64,0.64,0.6,0.6
984,0.0,0.0,0.0,0.0,0.0,1.0,0.0,0.0,0.0,1.0,0.0,0.0,1.0,0.0,1.0,0.0,0.0,1.0,0.0,0.0,1.0,1.0,0.0,0.0,1.0,0.0,0.0,0.0,0.0,1.0,0.0,0.0,0.0,1.0,0.0,0.0,1.0,0.0,0.0,0.0,0.0,0.0,0.0,0.0,1.0,0.0,0.0,0.0,1.0,0.0,0.0,0.0,0.0,0.0,0.0,1.0,0.0,0.0,1.0,1.0,1.0,0.0,0.0,1.0,0.0,0.0,0.0,0.0,0.0,0.0,0.0,0.0,0.0,0.0,0.0,0.0,0.0,1.0,0.0,0.0,0.0,0.0,0.0,0.0,1.0,0.0,0.0,0.0,0.0,1.0,1.0,0.0,1.0,1.0,0.0,0.0,0.0,1.0,0.0,0.0,0.0,0.0,0.0,1.0,0.52,0.6,0.6,0.6,0.6,0.64,0.6,0.6,0.6,0.6,0.64,0.6,0.6,0.6,0.6,0.88,0.6,0.56,0.6799999999999999,0.76,0.88,0.84,0.48,0.52,0.48,0.88,1.0,0.48,0.48,0.48,0.52,0.48,0.48,0.48,0.48,0.48,0.52,0.6,0.6,0.6,0.6,0.64,0.6,0.6,0.6,0.6,0.64,0.6,0.6,0.6,0.6,0.88,0.6,0.56,0.6799999999999999,0.76,0.88,0.84,0.48,0.52,0.48,0.88,1.0,0.48,0.48,0.48,0.52,0.48,0.48,0.48,0.48,0.48
985,0.0,0.0,1.0,0.0,0.0,0.0,0.0,0.0,1.0,0.0,0.0,0.0,0.0,0.0,1.0,0.0,0.0,1.0,0.0,0.0,0.0,0.0,0.0,0.0,0.0,0.0,0.0,0.0,1.0,1.0,0.0,1.0,0.0,0.0,0.0,1.0,1.0,1.0,0.0,0.0,1.0,0.0,0.0,0.0,1.0,0.0,0.0,0.0,0.0,0.0,1.0,0.0,0.0,0.0,0.0,1.0,0.0,1.0,0.0,0.0,0.0,1.0,0.0,1.0,0.0,1.0,0.0,0.0,0.0,0.0,1.0,1.0,0.0,1.0,0.0,1.0,0.0,0.0,0.0,0.0,0.0,0.0,0.0,0.0,0.0,0.0,0.0,0.0,0.0,0.0,1.0,0.0,0.0,0.0,1.0,0.0,0.0,1.0,0.0,0.0,0.0,1.0,0.0,0.0,0.88,0.76,0.76,1.0,0.76,0.76,0.72,0.72,0.92,0.72,0.72,0.6799999999999999,0.6799999999999999,0.8,0.6799999999999999,0.6799999999999999,0.64,0.64,0.76,0.64,0.64,0.6,0.6,0.72,0.6,0.6,0.56,0.56,0.6799999999999999,0.56,0.56,0.52,0.56,0.64,0.52,0.52,0.88,0.76,0.76,1.0,0.76,0.76,0.72,0.72,0.92,0.72,0.72,0.6799999999999999,0.6799999999999999,0.8,0.6799999999999999,0.6799999999999999,0.64,0.64,0.76,0.64,0.64,0.6,0.6,0.72,0.6,0.6,0.56,0.56,0.6799999999999999,0.56,0.56,0.52,0.56,0.64,0.52,0.52
986,0.0,1.0,0.0,0.0,0.0,1.0,0.0,0.0,0.0,0.0,0.0,1.0,0.0,0.0,0.0,0.0,1.0,0.0,0.0,0.0,0.0,0.0,0.0,0.0,0.0,0.0,1.0,1.0,0.0,0.0,0.0,1.0,0.0,0.0,0.0,0.0,0.0,0.0,0.0,0.0,1.0,0.0,0.0,1.0,0.0,1.0,1.0,0.0,0.0,1.0,0.0,1.0,0.0,0.0,1.0,1.0,1.0,0.0,0.0,0.0,0.0,0.0,1.0,0.0,0.0,0.0,0.0,0.0,0.0,0.0,0.0,0.0,0.0,0.0,0.0,1.0,1.0,0.0,0.0,0.0,0.0,1.0,0.0,0.0,1.0,0.0,1.0,1.0,0.0,0.0,0.0,1.0,0.0,0.0,1.0,0.0,0.0,0.0,0.0,0.0,1.0,0.0,0.0,0.0,0.92,0.84,0.72,0.84,1.0,0.92,0.8,0.6799999999999999,0.76,0.88,0.8,0.76,0.64,0.72,0.8,0.76,0.6799999999999999,0.6,0.6799999999999999,0.76,0.72,0.64,0.56,0.64,0.72,0.6799999999999999,0.6,0.52,0.6,0.6799999999999999,0.64,0.6,0.52,0.56,0.64,0.6,0.92,0.84,0.72,0.84,1.0,0.92,0.8,0.6799999999999999,0.76,0.88,0.8,0.76,0.64,0.72,0.8,0.76,0.6799999999999999,0.6,0.6799999999999999,0.76,0.72,0.64,0.56,0.64,0.72,0.6799999999999999,0.6,0.52,0.6,0.6799999999999999,0.64,0.6,0.52,0.56,0.64,0.6
987,0.0,0.0,0.0,1.0,0.0,0.0,1.0,0.0,0.0,0.0,0.0,0.0,0.0,1.0,0.0,0.0,0.0,0.0,0.0,0.0,0.0,0.0,1.0,1.0,0.0,0.0,0.0,1.0,0.0,1.0,1.0,0.0,0.0,0.0,0.0,0.0,0.0,1.0,1.0,0.0,0.0,0.0,0.0,0.0,1.0,0.0,0.0,0.0,1.0,0.0,1.0,0.0,0.0,0.0,0.0,0.0,0.0,1.0,0.0,0.0,0.0,1.0,1.0,0.0,1.0,0.0,0.0,0.0,0.0,0.0,1.0,0.0,0.0,0.0,0.0,0.0,1.0,1.0,0.0,0.0,0.0,0.0,0.0,0.0,1.0,1.0,1.0,0.0,0.0,0.0,0.0,0.0,0.0,0.0,0.0,0.0,0.0,0.0,1.0,0.0,0.0,1.0,0.0,1.0,0.43999999999999995,0.48,0.48,0.52,0.52,0.52,0.48,0.48,0.52,0.52,0.52,0.48,0.48,0.52,0.52,0.6799999999999999,0.48,0.48,0.64,0.64,0.6799999999999999,0.56,0.56,0.6,0.56,0.6799999999999999,0.43999999999999995,0.6799999999999999,0.96,0.72,1.0,0.4,0.43999999999999995,0.72,0.43999999999999995,0.72,0.43999999999999995,0.48,0.48,0.52,0.52,0.52,0.48,0.48,0.52,0.52,0.52,0.48,0.48,0.52,0.52,0.6799999999999999,0.48,0.48,0.64,0.64,0.6799999999999999,0.56,0.56,0.6,0.56,0.6799999999999999,0.43999999999999995,0.6799999999999999,0.96,0.72,1.0,0.4,0.43999999999999995,0.72,0.43999999999999995,0.72
988,0.0,0.0,0.0,1.0,1.0,0.0,0.0,0.0,0.0,0.0,0.0,0.0,0.0,1.0,0.0,0.0,0.0,0.0,1.0,0.0,0.0,1.0,0.0,0.0,0.0,0.0,0.0,0.0,0.0,0.0,1.0,0.0,0.0,0.0,1.0,1.0,0.0,0.0,1.0,0.0,0.0,0.0,0.0,1.0,0.0,1.0,1.0,1.0,0.0,0.0,0.0,0.0,0.0,0.0,0.0,0.0,0.0,1.0,1.0,0.0,0.0,0.0,0.0,0.0,1.0,0.0,0.0,0.0,1.0,0.0,0.0,0.0,0.0,0.0,1.0,0.0,1.0,1.0,1.0,1.0,0.0,0.0,0.0,0.0,0.0,1.0,0.0,0.0,0.0,0.0,0.0,0.0,1.0,0.0,0.0,0.0,0.0,0.0,0.0,0.0,1.0,0.0,0.0,1.0,0.84,0.76,0.92,0.96,1.0,0.96,0.72,0.92,0.92,1.0,0.92,0.6799999999999999,0.88,0.88,0.88,0.96,0.64,0.76,0.76,0.76,0.76,0.6,0.72,0.72,0.72,0.6799999999999999,0.56,0.6799999999999999,0.6799999999999999,0.6799999999999999,0.64,0.56,0.64,0.64,0.64,0.6,0.84,0.76,0.92,0.96,1.0,0.96,0.72,0.92,0.92,1.0,0.92,0.6799999999999999,0.88,0.88,0.88,0.96,0.64,0.76,0.76,0.76,0.76,0.6,0.72,0.72,0.72,0.6799999999999999,0.56,0.6799999999999999,0.6799999999999999,0.6799999999999999,0.64,0.56,0.64,0.64,0.64,0.6
989,0.0,0.0,0.0,0.0,0.0,0.0,0.0,0.0,0.0,1.0,1.0,1.0,0.0,0.0,1.0,0.0,1.0,0.0,0.0,0.0,0.0,1.0,1.0,0.0,0.0,1.0,0.0,0.0,0.0,0.0,0.0,0.0,1.0,0.0,1.0,1.0,0.0,0.0,0.0,0.0,0.0,1.0,0.0,0.0,0.0,0.0,1.0,0.0,0.0,0.0,0.0,0.0,0.0,1.0,1.0,1.0,0.0,1.0,0.0,0.0,0.0,0.0,0.0,0.0,0.0,0.0,0.0,0.0,0.0,1.0,0.0,0.0,1.0,0.0,0.0,0.0,1.0,0.0,0.0,1.0,0.0,0.0,0.0,0.0,0.0,0.0,0.0,0.0,0.0,0.0,0.0,1.0,0.0,0.0,1.0,0.0,0.0,1.0,0.0,1.0,1.0,0.0,0.0,0.0,0.88,0.8,1.0,0.6799999999999999,0.8,0.72,0.76,0.88,0.64,0.76,0.6799999999999999,0.72,0.8,0.6,0.72,0.64,0.6799999999999999,0.76,0.56,0.6799999999999999,0.6,0.64,0.72,0.52,0.64,0.56,0.6,0.6799999999999999,0.52,0.6,0.52,0.56,0.64,0.48,0.56,0.52,0.88,0.8,1.0,0.6799999999999999,0.8,0.72,0.76,0.88,0.64,0.76,0.6799999999999999,0.72,0.8,0.6,0.72,0.64,0.6799999999999999,0.76,0.56,0.6799999999999999,0.6,0.64,0.72,0.52,0.64,0.56,0.6,0.6799999999999999,0.52,0.6,0.52,0.56,0.64,0.48,0.56,0.52
990,0.0,0.0,1.0,0.0,0.0,0.0,1.0,0.0,1.0,0.0,1.0,1.0,0.0,0.0,0.0,1.0,0.0,0.0,0.0,0.0,1.0,0.0,0.0,0.0,0.0,0.0,1.0,0.0,0.0,0.0,0.0,0.0,0.0,0.0,0.0,1.0,0.0,0.0,1.0,0.0,0.0,0.0,0.0,0.0,1.0,1.0,0.0,0.0,0.0,1.0,0.0,0.0,0.0,1.0,0.0,0.0,1.0,0.0,0.0,1.0,0.0,0.0,0.0,0.0,0.0,0.0,0.0,0.0,0.0,0.0,1.0,0.0,0.0,0.0,1.0,0.0,0.0,0.0,0.0,0.0,1.0,0.0,0.0,0.0,0.0,1.0,1.0,0.0,0.0,0.0,0.0,0.0,0.0,1.0,0.0,0.0,0.0,0.0,1.0,0.0,1.0,0.0,1.0,1.0,0.84,0.92,0.6799999999999999,0.72,1.0,0.8,0.88,0.64,0.6799999999999999,0.92,0.76,0.84,0.6,0.64,0.84,0.6799999999999999,0.76,0.56,0.6,0.76,0.64,0.6799999999999999,0.52,0.56,0.72,0.6,0.64,0.52,0.52,0.6799999999999999,0.6,0.6,0.48,0.52,0.64,0.56,0.84,0.92,0.6799999999999999,0.72,1.0,0.8,0.88,0.64,0.6799999999999999,0.92,0.76,0.84,0.6,0.64,0.84,0.6799999999999999,0.76,0.56,0.6,0.76,0.64,0.6799999999999999,0.52,0.56,0.72,0.6,0.64,0.52,0.52,0.6799999999999999,0.6,0.6,0.48,0.52,0.64,0.56
991,0.0,0.0,1.0,0.0,1.0,0.0,0.0,1.0,0.0,1.0,0.0,0.0,0.0,0.0,0.0,1.0,1.0,0.0,0.0,1.0,0.0,0.0,0.0,0.0,1.0,0.0,1.0,0.0,0.0,0.0,0.0,0.0,0.0,0.0,1.0,0.0,0.0,1.0,0.0,1.0,0.0,0.0,1.0,0.0,0.0,0.0,0.0,0.0,0.0,0.0,0.0,0.0,1.0,0.0,0.0,0.0,0.0,0.0,0.0,0.0,0.0,0.0,1.0,0.0,0.0,0.0,1.0,0.0,0.0,0.0,1.0,0.0,1.0,1.0,0.0,1.0,0.0,0.0,0.0,0.0,0.0,1.0,0.0,1.0,0.0,1.0,0.0,0.0,0.0,0.0,0.0,0.0,0.0,0.0,0.0,1.0,0.0,0.0,1.0,0.0,0.0,0.0,0.0,1.0,0.92,0.76,1.0,0.72,0.72,0.8,0.72,0.84,0.6799999999999999,0.6799999999999999,0.76,0.6799999999999999,0.8,0.64,0.64,0.72,0.64,0.76,0.6,0.6,0.6799999999999999,0.6,0.72,0.56,0.56,0.64,0.56,0.6799999999999999,0.56,0.52,0.6,0.52,0.64,0.52,0.52,0.56,0.92,0.76,1.0,0.72,0.72,0.8,0.72,0.84,0.6799999999999999,0.6799999999999999,0.76,0.6799999999999999,0.8,0.64,0.64,0.72,0.64,0.76,0.6,0.6,0.6799999999999999,0.6,0.72,0.56,0.56,0.64,0.56,0.6799999999999999,0.56,0.52,0.6,0.52,0.64,0.52,0.52,0.56
992,1.0,0.0,0.0,0.0,1.0,0.0,0.0,0.0,0.0,1.0,1.0,0.0,0.0,0.0,0.0,0.0,0.0,1.0,0.0,0.0,0.0,0.0,1.0,0.0,0.0,0.0,0.0,0.0,0.0,0.0,0.0,0.0,1.0,1.0,1.0,0.0,1.0,0.0,0.0,0.0,1.0,0.0,0.0,1.0,1.0,0.0,0.0,0.0,0.0,0.0,0.0,0.0,0.0,0.0,1.0,0.0,0.0,0.0,0.0,1.0,1.0,0.0,0.0,0.0,0.0,1.0,1.0,0.0,0.0,0.0,0.0,0.0,1.0,1.0,0.0,1.0,0.0,0.0,0.0,1.0,0.0,1.0,0.0,0.0,0.0,0.0,0.0,1.0,0.0,0.0,1.0,0.0,0.0,0.0,0.0,0.0,0.0,0.0,0.0,0.0,1.0,0.0,0.0,0.0,1.0,0.84,0.88,0.96,0.72,0.72,0.8,0.8,0.88,0.6799999999999999,0.6799999999999999,0.76,0.76,0.84,0.64,0.64,0.6799999999999999,0.72,0.76,0.6,0.6,0.64,0.6799999999999999,0.72,0.56,0.56,0.6,0.64,0.6799999999999999,0.52,0.56,0.6,0.6,0.64,0.52,0.52,1.0,0.84,0.88,0.96,0.72,0.72,0.8,0.8,0.88,0.6799999999999999,0.6799999999999999,0.76,0.76,0.84,0.64,0.64,0.6799999999999999,0.72,0.76,0.6,0.6,0.64,0.6799999999999999,0.72,0.56,0.56,0.6,0.64,0.6799999999999999,0.52,0.56,0.6,0.6,0.64,0.52,0.52
993,0.0,0.0,0.0,0.0,1.0,0.0,1.0,1.0,0.0,0.0,0.0,0.0,0.0,0.0,0.0,0.0,0.0,0.0,0.0,1.0,0.0,0.0,0.0,0.0,1.0,1.0,0.0,0.0,0.0,0.0,0.0,0.0,0.0,0.0,0.0,0.0,0.0,1.0,0.0,1.0,0.0,1.0,1.0,0.0,0.0,0.0,0.0,1.0,1.0,0.0,1.0,0.0,0.0,1.0,1.0,0.0,0.0,1.0,0.0,0.0,1.0,0.0,0.0,0.0,0.0,0.0,0.0,1.0,0.0,0.0,1.0,0.0,1.0,1.0,0.0,0.0,0.0,0.0,1.0,0.0,0.0,1.0,0.0,1.0,0.0,0.0,0.0,0.0,0.0,0.0,1.0,0.0,0.0,0.0,0.0,0.0,1.0,0.0,0.0,0.0,0.0,0.0,0.0,0.0,0.92,0.96,0.96,0.8,1.0,0.84,0.84,0.88,0.76,0.84,0.8,0.8,0.8,0.72,0.8,0.76,0.76,0.76,0.6799999999999999,0.76,0.6799999999999999,0.72,0.72,0.64,0.72,0.64,0.6799999999999999,0.6799999999999999,0.6,0.6799999999999999,0.6,0.64,0.64,0.56,0.64,0.6,0.92,0.96,0.96,0.8,1.0,0.84,0.84,0.88,0.76,0.84,0.8,0.8,0.8,0.72,0.8,0.76,0.76,0.76,0.6799999999999999,0.76,0.6799999999999999,0.72,0.72,0.64,0.72,0.64,0.6799999999999999,0.6799999999999999,0.6,0.6799999999999999,0.6,0.64,0.64,0.56,0.64,0.6
994,0.0,0.0,0.0,1.0,0.0,0.0,0.0,0.0,1.0,0.0,0.0,0.0,1.0,1.0,1.0,1.0,0.0,0.0,0.0,0.0,0.0,0.0,1.0,0.0,1.0,1.0,0.0,1.0,0.0,0.0,0.0,0.0,0.0,0.0,0.0,0.0,1.0,0.0,0.0,0.0,0.0,0.0,0.0,0.0,0.0,0.0,1.0,0.0,0.0,0.0,1.0,0.0,1.0,0.0,1.0,0.0,1.0,0.0,0.0,1.0,0.0,0.0,0.0,1.0,0.0,0.0,0.0,0.0,0.0,0.0,1.0,1.0,1.0,0.0,0.0,0.0,0.0,0.0,1.0,0.0,0.0,0.0,1.0,0.0,1.0,0.0,0.0,0.0,0.0,0.0,0.0,0.0,0.0,0.0,1.0,0.0,0.0,1.0,0.0,0.0,0.0,0.0,0.0,0.0,0.84,0.92,1.0,0.6799999999999999,0.64,0.72,0.88,0.92,0.64,0.6,0.6799999999999999,0.8,0.88,0.6,0.56,0.64,0.76,0.76,0.56,0.56,0.6,0.6799999999999999,0.72,0.52,0.52,0.56,0.64,0.6799999999999999,0.52,0.52,0.52,0.6,0.64,0.48,0.48,0.52,0.84,0.92,1.0,0.6799999999999999,0.64,0.72,0.88,0.92,0.64,0.6,0.6799999999999999,0.8,0.88,0.6,0.56,0.64,0.76,0.76,0.56,0.56,0.6,0.6799999999999999,0.72,0.52,0.52,0.56,0.64,0.6799999999999999,0.52,0.52,0.52,0.6,0.64,0.48,0.48,0.52
995,0.0,1.0,1.0,0.0,0.0,0.0,0.0,1.0,0.0,0.0,1.0,0.0,1.0,0.0,1.0,0.0,0.0,1.0,0.0,0.0,0.0,0.0,0.0,1.0,0.0,1.0,0.0,0.0,0.0,1.0,0.0,0.0,0.0,0.0,0.0,0.0,0.0,1.0,0.0,0.0,0.0,0.0,0.0,0.0,0.0,0.0,0.0,0.0,0.0,1.0,1.0,0.0,0.0,0.0,0.0,0.0,0.0,0.0,0.0,0.0,0.0,0.0,0.0,0.0,0.0,0.0,0.0,0.0,0.0,0.0,1.0,0.0,1.0,0.0,0.0,0.0,0.0,0.0,0.0,0.0,0.0,0.0,0.0,1.0,0.0,1.0,1.0,1.0,1.0,0.0,1.0,1.0,1.0,1.0,0.0,1.0,1.0,0.0,0.0,0.0,0.0,0.0,0.0,0.0,0.56,0.6,0.6,0.72,0.6799999999999999,0.6799999999999999,0.56,0.6,0.72,0.6799999999999999,0.6799999999999999,0.52,0.56,0.72,0.6799999999999999,0.96,0.52,0.52,1.0,0.92,0.84,0.48,0.48,1.0,0.6799999999999999,0.64,0.48,0.48,0.6799999999999999,0.52,0.52,0.48,0.48,0.52,0.52,0.48,0.56,0.6,0.6,0.72,0.6799999999999999,0.6799999999999999,0.56,0.6,0.72,0.6799999999999999,0.6799999999999999,0.52,0.56,0.72,0.6799999999999999,0.96,0.52,0.52,1.0,0.92,0.84,0.48,0.48,1.0,0.6799999999999999,0.64,0.48,0.48,0.6799999999999999,0.52,0.52,0.48,0.48,0.52,0.52,0.48
996,0.0,1.0,0.0,0.0,0.0,0.0,0.0,1.0,0.0,0.0,1.0,0.0,1.0,0.0,1.0,0.0,0.0,0.0,0.0,0.0,1.0,0.0,1.0,0.0,0.0,0.0,0.0,0.0,0.0,0.0,0.0,1.0,0.0,0.0,0.0,0.0,1.0,1.0,0.0,0.0,0.0,1.0,0.0,0.0,0.0,0.0,0.0,0.0,0.0,0.0,1.0,1.0,0.0,0.0,0.0,0.0,0.0,0.0,0.0,0.0,0.0,0.0,0.0,0.0,0.0,0.0,0.0,1.0,0.0,0.0,0.0,0.0,0.0,0.0,0.0,1.0,1.0,0.0,1.0,1.0,1.0,1.0,0.0,0.0,0.0,1.0,1.0,0.0,0.0,0.0,1.0,0.0,0.0,0.0,1.0,0.0,0.0,1.0,1.0,0.0,0.0,0.0,0.0,0.0,0.4,0.4,0.4,0.43999999999999995,0.43999999999999995,0.43999999999999995,0.4,0.4,0.43999999999999995,0.43999999999999995,0.43999999999999995,0.4,0.4,0.43999999999999995,0.4,0.52,0.36,0.4,0.52,0.4,0.52,0.36,0.36,0.52,0.36,0.52,0.36,0.36,0.76,0.36,1.0,0.36,0.36,0.4,0.36,0.4,0.4,0.4,0.4,0.43999999999999995,0.43999999999999995,0.43999999999999995,0.4,0.4,0.43999999999999995,0.43999999999999995,0.43999999999999995,0.4,0.4,0.43999999999999995,0.4,0.52,0.36,0.4,0.52,0.4,0.52,0.36,0.36,0.52,0.36,0.52,0.36,0.36,0.76,0.36,1.0,0.36,0.36,0.4,0.36,0.4
997,1.0,0.0,1.0,0.0,0.0,0.0,0.0,0.0,0.0,0.0,1.0,0.0,1.0,1.0,0.0,0.0,0.0,1.0,0.0,0.0,1.0,1.0,0.0,0.0,0.0,1.0,0.0,0.0,1.0,0.0,0.0,0.0,0.0,0.0,0.0,0.0,0.0,0.0,0.0,0.0,0.0,1.0,1.0,0.0,1.0,0.0,0.0,0.0,0.0,0.0,0.0,0.0,0.0,0.0,0.0,0.0,1.0,0.0,0.0,0.0,0.0,0.0,0.0,1.0,0.0,0.0,0.0,0.0,1.0,0.0,0.0,0.0,0.0,0.0,1.0,0.0,1.0,0.0,1.0,0.0,0.0,0.0,0.0,0.0,0.0,1.0,0.0,0.0,0.0,0.0,0.0,0.0,1.0,0.0,0.0,1.0,0.0,1.0,1.0,1.0,1.0,0.0,0.0,0.0,0.84,0.84,0.96,0.64,1.0,0.72,0.8,0.96,0.6,1.0,0.6799999999999999,0.72,0.92,0.6,0.84,0.64,0.6799999999999999,0.84,0.56,0.84,0.6,0.64,0.76,0.52,0.72,0.56,0.6,0.6799999999999999,0.52,0.6799999999999999,0.56,0.56,0.64,0.48,0.64,0.52,0.84,0.84,0.96,0.64,1.0,0.72,0.8,0.96,0.6,1.0,0.6799999999999999,0.72,0.92,0.6,0.84,0.64,0.6799999999999999,0.84,0.56,0.84,0.6,0.64,0.76,0.52,0.72,0.56,0.6,0.6799999999999999,0.52,0.6799999999999999,0.56,0.56,0.64,0.48,0.64,0.52
998,0.0,1.0,0.0,0.0,0.0,0.0,0.0,1.0,1.0,0.0,0.0,0.0,0.0,0.0,0.0,1.0,0.0,0.0,0.0,0.0,0.0,0.0,1.0,1.0,0.0,1.0,0.0,1.0,0.0,0.0,1.0,0.0,0.0,1.0,0.0,0.0,1.0,0.0,0.0,0.0,0.0,0.0,0.0,1.0,0.0,0.0,0.0,1.0,0.0,0.0,0.0,0.0,1.0,0.0,1.0,1.0,1.0,0.0,0.0,0.0,0.0,0.0,0.0,0.0,1.0,1.0,0.0,0.0,0.0,0.0,0.0,0.0,1.0,1.0,0.0,0.0,0.0,0.0,0.0,0.0,0.0,1.0,0.0,0.0,0.0,0.0,1.0,1.0,0.0,0.0,0.0,0.0,0.0,0.0,0.0,0.0,1.0,0.0,1.0,0.0,0.0,0.0,0.0,0.0,1.0,0.88,0.88,0.88,0.72,0.76,0.84,0.8,0.8,0.6799999999999999,0.72,0.76,0.76,0.76,0.64,0.6799999999999999,0.72,0.72,0.72,0.6,0.64,0.6799999999999999,0.6799999999999999,0.6799999999999999,0.56,0.6,0.64,0.64,0.64,0.56,0.56,0.6,0.6,0.6,0.52,0.56,1.0,0.88,0.88,0.88,0.72,0.76,0.84,0.8,0.8,0.6799999999999999,0.72,0.76,0.76,0.76,0.64,0.6799999999999999,0.72,0.72,0.72,0.6,0.64,0.6799999999999999,0.6799999999999999,0.6799999999999999,0.56,0.6,0.64,0.64,0.64,0.56,0.56,0.6,0.6,0.6,0.52,0.56
999,0.0,0.0,0.0,0.0,0.0,1.0,0.0,0.0,0.0,0.0,0.0,1.0,0.0,0.0,0.0,0.0,1.0,1.0,0.0,1.0,0.0,0.0,0.0,0.0,0.0,0.0,1.0,0.0,0.0,0.0,0.0,0.0,0.0,0.0,0.0,0.0,0.0,0.0,0.0,0.0,1.0,1.0,0.0,0.0,0.0,1.0,1.0,0.0,1.0,1.0,1.0,0.0,0.0,0.0,0.0,0.0,0.0,0.0,1.0,0.0,1.0,1.0,0.0,0.0,0.0,0.0,0.0,1.0,0.0,0.0,1.0,0.0,0.0,0.0,0.0,0.0,0.0,1.0,0.0,1.0,0.0,0.0,0.0,0.0,1.0,0.0,0.0,1.0,0.0,0.0,1.0,1.0,0.0,0.0,0.0,1.0,1.0,0.0,0.0,0.0,0.0,0.0,0.0,0.0,0.8,0.64,0.6799999999999999,0.6799999999999999,1.0,0.84,0.6,0.64,0.64,1.0,0.76,0.6,0.6,0.6,0.92,0.72,0.56,0.56,0.56,0.76,0.6799999999999999,0.52,0.52,0.52,0.72,0.64,0.52,0.52,0.52,0.6799999999999999,0.6,0.48,0.48,0.48,0.64,0.56,0.8,0.64,0.6799999999999999,0.6799999999999999,1.0,0.84,0.6,0.64,0.64,1.0,0.76,0.6,0.6,0.6,0.92,0.72,0.56,0.56,0.56,0.76,0.6799999999999999,0.52,0.52,0.52,0.72,0.64,0.52,0.52,0.52,0.6799999999999999,0.6,0.48,0.48,0.48,0.64,0.56
